timestamp,min_price,median,quantity
22120411,75,75,19
22120412,75,75,19
22120413,75,75,19
22120414,75,75,19
22120415,75,75,19
22120416,75,75,42
22120417,75,75,42
22120418,75,75,42
22120419,75,75,43
22120420,75,75,43
22120421,75,75,43
22120422,75,75,43
22120423,75,75,43
22120500,75,75,27
22120501,75,75,27
22120502,75,75,27
22120503,75,75,27
22120504,75,75,27
22120505,75,75,27
22120506,75,75,27
22120507,75,75,27
22120508,75,75,27
22120509,75,75,27
22120510,75,75,27
22120511,75,75,25
22120512,75,75,26
22120513,75,75,26
22120514,75,75,26
22120515,75,75,25
22120516,75,75,32
22120517,75,75,33
22120518,75,75,33
22120519,75,75,33
22120520,75,75,33
22120522,75,75,33
22120523,75,75,33
22120600,75,75,33
22120601,75,75,33
22120602,75,75,33
22120603,75,75,33
22120604,75,75,33
22120605,75,75,33
22120606,75,75,33
22120607,75,75,33
22120608,75,75,37
22120609,75,75,37
22120610,75,75,37
22120611,75,75,37
22120612,75,75,37
22120613,75,75,37
22120614,75,75,37
22120615,75,75,14
22120616,75,75,37
22120617,75,75,37
22120618,75,75,37
22120619,75,75,36
22120620,75,75,36
22120621,75,75,36
22120622,75,75,36
22120623,75,75,36
22120700,75,75,36
22120701,75,75,36
22120702,75,75,36
22120703,75,75,36
22120704,75,75,36
22120705,75,75,36
22120706,75,75,36
22120707,75,75,36
22120708,75,75,32
22120709,75,75,32
22120710,75,75,33
22120711,75,75,33
22120712,75,75,32
22120713,75,75,32
22120714,75,75,32
22120715,75,75,32
22120716,75,75,25
22120717,75,75,27
22120718,75,75,28
22120719,75,75,28
22120720,75,75,32
22120721,75,75,32
22120722,75,75,32
22120723,75,75,32
22120800,75,75,32
22120801,75,75,32
22120802,75,75,32
22120803,75,75,32
22120804,75,75,32
22120805,75,75,29
22120806,75,75,29
22120807,75,75,29
22120808,75,75,29
22120809,75,75,29
22120810,75,75,29
22120811,75,75,29
22120812,75,75,29
22120813,75,75,29
22120814,75,75,29
22120815,75,75,29
22120816,75,75,6
22120817,75,75,6
22120818,75,75,6
22120819,75,75,6
22120820,75,150037,2
22120821,75,150037,2
22120822,75,150037,2
22120823,75,150037,2
22120900,75,75,22
22120901,75,75,22
22120902,75,75,22
22120903,75,75,22
22120904,75,75,22
22120905,75,75,22
22120906,75,75,22
22120907,75,75,22
22120908,75,75,22
22120909,75,75,24
22120910,75,75,25
22120911,75,75,25
22120912,75,75,25
22120913,75,75,32
22120914,75,75,32
22120915,75,75,32
22120916,75,75,33
22120917,75,75,33
22120918,75,75,32
22120919,75,75,40
22120920,75,75,40
22120921,75,75,40
22120922,60,75,41
22120923,60,75,41
22121000,60,75,41
22121001,60,75,45
22121002,60,75,48
22121003,60,75,48
22121004,60,75,48
22121005,60,75,48
22121006,60,75,48
22121007,60,75,48
22121008,60,75,48
22121009,60,75,48
22121010,60,75,48
22121011,60,75,48
22121012,60,75,50
22121013,60,75,46
22121014,60,75,43
22121015,60,75,48
22121016,60,75,48
22121017,60,75,48
22121018,60,75,48
22121019,60,75,48
22121020,60,75,48
22121021,60,75,48
22121022,60,75,48
22121023,60,75,48
22121100,60,60,29
22121101,60,60,29
22121102,60,60,29
22121103,60,60,27
22121104,60,60,27
22121105,60,60,27
22121106,60,60,27
22121107,60,60,27
22121108,60,60,27
22121109,60,60,27
22121110,60,60,23
22121111,60,60,24
22121112,60,60,24
22121113,60,60,24
22121114,60,60,25
22121115,60,60,25
22121116,60,60,25
22121117,60,60,25
22121118,60,60,25
22121119,60,60,17
22121120,60,60,17
22121121,50,60,17
22121122,50,60,17
22121123,50,60,17
22121200,50,60,17
22121201,50,60,10
22121202,50,60,10
22121203,50,60,10
22121204,50,60,10
22121205,50,60,10
22121206,50,60,10
22121207,50,60,10
22121208,50,60,10
22121209,50,60,10
22121210,50,60,10
22121211,50,60,10
22121212,50,60,8
22121213,50,60,8
22121214,50,60,5
22121215,50,60,5
22121216,50,60,5
22121217,50,60,5
22121218,50,60,5
22121219,50,60,5
22121220,50,60,5
22121322,1223,1223,5
22121323,1223,1223,5
22121400,1223,1223,5
22121401,1223,1223,16
22121402,1223,1223,16
22121403,1223,1223,16
22121404,1223,1223,16
22121405,1223,1223,16
22121406,1223,1223,16
22121407,1223,1223,16
22121408,1223,1223,16
22121409,1223,1223,16
22121410,1223,1223,16
22121411,1223,1223,16
22121412,1223,1223,19
22121413,1223,1223,19
22121414,1223,1223,19
22121415,1223,1223,19
22121416,1223,1223,19
22121417,1223,1223,19
22121418,1223,1223,19
22121419,1223,1223,19
22121420,1223,1223,19
22121421,1223,1223,19
22121422,1223,1223,18
22121423,1223,1223,18
22121500,1223,1223,18
22121501,1223,1223,7
22121502,1223,1223,7
22121503,1223,1223,7
22121504,1223,1223,7
22121505,1223,1223,7
22121506,1223,1223,7
22121507,1223,1223,7
22121508,1223,1223,7
22121509,1223,1223,7
22121510,1223,1223,7
22121511,1223,1223,7
22121512,1223,1223,7
22121513,1220,1223,12
22121514,1020,1221,14
22121515,1020,1221,14
22121516,1020,1221,14
22121517,1020,1020,34
22121518,1020,1020,34
22121519,1020,1020,34
22121520,1020,1020,34
22121521,1020,1020,34
22121522,1020,1020,34
22121523,1020,1020,30
22121600,1020,1020,32
22121601,620,1020,37
22121602,620,1020,37
22121603,620,1020,37
22121604,620,1020,37
22121605,620,1020,37
22121606,620,1020,42
22121607,620,1020,42
22121608,620,1020,42
22121609,620,1020,42
22121610,620,1020,42
22121611,620,1020,42
22121612,620,1020,43
22121613,620,1020,40
22121614,620,1020,40
22121615,620,1020,40
22121616,620,1020,40
22121617,620,1020,40
22121618,620,1020,40
22121619,620,1020,40
22121620,620,1020,40
22121621,620,1020,40
22121622,620,1020,40
22121623,620,1020,40
22121700,620,1020,40
22121701,620,1020,40
22121702,620,1020,35
22121703,620,1020,35
22121704,620,1020,35
22121705,620,1020,35
22121706,620,1020,35
22121707,620,1020,35
22121708,620,1020,35
22121709,620,1020,35
22121710,620,1020,35
22121711,620,1020,35
22121712,620,1020,35
22121713,620,1020,30
22121714,620,1020,30
22121715,620,1020,28
22121716,620,1020,31
22121717,620,1020,42
22121718,620,620,24
22121719,620,620,24
22121723,832,832,5
22121800,832,832,5
22121801,832,832,5
22121802,832,832,5
22121803,832,832,5
22121804,832,832,5
22121805,832,832,5
22121806,832,832,5
22121807,832,832,5
22121808,832,832,5
22121809,832,832,5
22121810,832,832,5
22121811,832,832,5
22121812,832,832,5
22121813,832,832,5
22121814,832,832,5
22121815,832,832,5
22121816,832,832,5
22121817,832,832,5
22121818,832,832,14
22121819,832,832,14
22121820,832,832,14
22121821,832,832,34
22121822,832,832,34
22121823,832,832,29
22121900,832,832,29
22121901,832,832,29
22121902,832,832,29
22121903,832,832,29
22121904,832,832,29
22121905,832,832,29
22121906,832,832,29
22121907,832,832,29
22121908,832,832,29
22121909,832,832,29
22121910,832,832,29
22121911,832,832,29
22121912,832,832,29
22121913,832,832,34
22121914,832,832,53
22121915,832,832,53
22121916,832,832,53
22121917,832,832,53
22121918,829,832,59
22121919,829,832,59
22121920,829,832,59
22121921,829,832,59
22121922,829,832,59
22121923,829,832,59
22122000,829,832,59
22122001,829,832,59
22122002,829,832,59
22122003,829,832,59
22122004,829,832,59
22122005,829,832,59
22122006,829,832,59
22122007,829,832,59
22122008,829,832,59
22122009,829,832,59
22122010,829,832,59
22122011,829,832,59
22122012,829,832,59
22122013,829,832,65
22122014,829,832,65
22122015,829,832,65
22122016,829,832,65
22122017,829,832,70
22122018,829,832,56
22122019,829,832,56
22122020,829,832,56
22122021,829,832,36
22122022,829,832,36
22122023,829,832,36
22122100,829,832,36
22122101,829,832,36
22122102,829,832,37
22122103,829,832,37
22122104,829,832,37
22122105,829,832,37
22122106,829,832,37
22122107,829,832,37
22122108,829,832,37
22122109,829,832,37
22122110,829,829,6
22122111,829,829,6
22122112,829,829,6
22122113,829,829,6
22122114,829,829,6
22122115,829,829,6
22122116,829,829,8
22122117,829,829,3
22122118,829,829,3
22122119,829,829,8
22122120,229,829,11
22122121,229,829,11
22122122,229,829,11
22122123,219,229,33
22122200,219,229,33
22122201,219,229,33
22122202,219,229,33
22122203,219,229,35
22122204,219,229,35
22122205,219,229,35
22122206,219,229,35
22122207,219,229,35
22122208,209,229,35
22122209,209,229,35
22122210,209,229,35
22122211,209,229,35
22122212,209,229,35
22122213,209,229,35
22122214,209,229,35
22122215,209,229,35
22122216,209,229,35
22122217,209,229,35
22122218,209,229,35
22122219,209,229,35
22122220,209,229,35
22122221,209,229,35
22122222,209,229,35
22122223,209,209,17
22122300,209,209,17
22122301,209,209,18
22122302,209,209,17
22122303,209,209,17
22122304,209,209,17
22122305,209,209,17
22122306,209,209,17
22122307,209,209,17
22122308,209,209,17
22122309,209,209,17
22122310,209,209,17
22122311,209,209,17
22122312,199,209,17
22122313,199,209,18
22122314,199,209,18
22122315,199,209,18
22122316,199,209,18
22122317,199,209,18
22122318,199,209,18
22122319,199,209,13
22122320,150,150,28
22122321,150,150,28
22122322,150,150,28
22122323,150,150,30
22122400,150,150,35
22122401,150,150,35
22122402,150,150,35
22122403,150,150,33
22122404,145,150,37
22122405,145,150,37
22122406,145,150,37
22122407,145,150,37
22122408,145,150,37
22122409,145,150,37
22122410,145,150,44
22122411,145,150,44
22122412,145,150,44
22122413,145,150,44
22122414,145,150,44
22122415,145,150,44
22122416,145,150,42
22122417,145,150,42
22122418,145,150,42
22122419,145,150,42
22122420,145,150,24
22122421,145,150,24
22122422,145,150,24
22122423,145,150,24
22122500,145,145,19
22122501,145,145,19
22122502,145,145,19
22122503,145,145,19
22122504,145,150,15
22122505,145,150,15
22122506,145,150,15
22122507,145,150,15
22122508,145,150,15
22122509,145,150,15
22122510,150,199,8
22122511,150,150,13
22122512,150,150,9
22122513,150,150,7
22122514,150,150,7
22122515,150,150,7
22122516,150,150,7
22122517,150,150,7
22122518,150,150,7
22122519,150,150,14
22122520,150,150,14
22122521,150,150,14
22122522,150,150,14
22122523,150,150,12
22122600,150,150,12
22122601,150,150,12
22122602,150,150,14
22122603,150,150,14
22122604,150,150,14
22122605,150,150,14
22122606,150,150,15
22122607,150,150,15
22122608,150,150,15
22122609,150,150,15
22122610,150,150,15
22122611,150,150,10
22122612,150,150,10
22122613,150,150,12
22122614,150,150,12
22122615,150,150,12
22122616,150,150,12
22122617,150,150,12
22122618,150,150,12
22122619,150,150,8
22122620,150,150,8
22122621,150,150,13
22122622,150,150,13
22122623,150,150,13
22122700,150,150,36
22122701,150,150,36
22122702,150,150,36
22122703,150,150,36
22122704,150,150,36
22122705,150,150,36
22122706,150,150,36
22122707,150,150,36
22122708,150,150,36
22122709,150,150,36
22122710,150,150,36
22122711,150,150,36
22122712,150,150,36
22122713,150,150,34
22122714,150,150,34
22122715,150,150,34
22122716,150,150,34
22122717,150,150,34
22122718,150,150,34
22122719,150,150,31
22122720,150,150,31
22122721,150,150,26
22122722,150,150,26
22122723,150,150,26
22122800,150,150,26
22122801,150,150,26
22122802,150,150,24
22122803,150,150,24
22122804,150,150,24
22122805,150,150,24
22122806,150,150,23
22122807,150,150,23
22122808,150,150,23
22122809,150,150,23
22122810,150,150,23
22122811,150,150,23
22122812,150,150,23
22122813,150,150,23
22122814,150,150,23
22122815,150,150,23
22122816,150,150,23
22122817,150,150,23
22122818,150,150,28
22122819,150,150,29
22122820,150,150,29
22122821,150,150,29
22122822,150,150,29
22122823,150,150,29
22122900,150,150,6
22122901,150,150,6
22122902,150,150,7
22122903,150,150,7
22122904,150,150,7
22122905,150,150,7
22122906,150,150,7
22122907,150,150,7
22122908,150,150,7
22122909,150,150,7
22122910,150,150,7
22122911,150,150,7
22122912,150,150,7
22122913,150,150,7
22122914,150,150,7
22122915,150,150,7
22122916,150,150,7
22122917,150,150,14
22122918,150,150,14
22122919,150,150,14
22122920,150,150,14
22122921,150,150,14
22122922,150,150,14
22122923,150,150,14
22123000,150,150,14
22123001,150,150,14
22123002,150,150,14
22123003,150,150,14
22123004,150,150,14
22123005,150,150,14
22123006,150,150,14
22123007,150,150,14
22123008,150,150,14
22123009,150,150,14
22123010,150,150,18
22123011,150,150,18
22123012,150,150,19
22123013,150,150,19
22123014,150,150,19
22123015,150,150,19
22123016,150,150,19
22123017,150,150,19
22123018,150,150,14
22123019,150,150,13
22123020,150,150,13
22123021,150,150,13
22123022,150,150,13
22123023,150,150,13
22123100,150,150,15
22123101,150,150,15
22123102,150,150,14
22123103,150,150,14
22123104,150,150,14
22123105,150,150,19
22123106,150,150,19
22123107,150,150,19
22123108,150,150,19
22123109,150,150,19
22123110,150,150,15
22123111,150,150,15
22123112,150,150,15
22123113,150,150,15
22123114,150,150,15
22123115,150,150,15
22123116,150,150,15
22123117,150,150,9
22123118,150,150,14
22123119,150,150,14
22123120,150,150,19
22123121,150,150,19
22123122,150,150,19
22123123,150,150,19
23010100,150,150,17
23010101,150,150,17
23010102,150,150,17
23010103,150,150,17
23010104,150,150,17
23010105,150,150,17
23010106,150,150,17
23010107,150,150,17
23010108,150,150,17
23010109,150,150,17
23010110,150,150,16
23010111,150,150,16
23010112,150,150,16
23010113,150,150,16
23010114,150,150,16
23010115,150,150,16
23010116,150,150,16
23010117,150,150,16
23010118,100,150,12
23010119,100,150,12
23010120,100,150,18
23010121,100,150,18
23010122,100,100,23
23010123,100,100,23
23010200,100,100,23
23010201,100,100,23
23010202,100,100,23
23010203,100,100,23
23010204,100,100,23
23010205,100,100,39
23010206,100,100,39
23010207,100,100,39
23010208,100,100,39
23010209,100,100,39
23010210,100,100,39
23010211,100,100,39
23010212,100,100,39
23010213,100,100,39
23010214,100,100,42
23010215,100,100,52
23010216,100,100,52
23010217,95,100,59
23010218,95,100,59
23010219,95,100,59
23010220,95,100,54
23010221,95,100,54
23010222,95,100,65
23010223,95,100,65
23010300,95,100,65
23010301,95,100,65
23010302,95,100,65
23010303,95,100,65
23010304,95,100,65
23010305,95,100,65
23010306,95,100,65
23010307,95,100,65
23010308,95,100,65
23010309,95,100,65
23010310,95,100,65
23010311,95,100,65
23010312,95,100,64
23010313,95,100,65
23010314,95,100,65
23010315,95,100,65
23010316,95,100,65
23010317,95,100,58
23010318,95,100,57
23010319,95,100,57
23010320,95,100,51
23010321,95,100,51
23010322,100,100,35
23010323,100,100,35
23010400,100,100,35
23010401,100,100,35
23010402,100,100,35
23010403,100,100,35
23010404,100,100,35
23010405,100,100,14
23010406,100,100,14
23010407,100,100,14
23010408,100,100,14
23010409,100,100,14
23010410,100,100,14
23010411,100,100,14
23010412,100,100,14
23010413,100,100,14
23010414,100,100,11
23010415,300000,300000,1
23010416,300000,300000,1
23010417,300000,300000,1
23010418,15000,15000,19
23010419,15000,15000,19
23010420,15000,15000,19
23010421,15000,15000,19
23010422,15000,15000,19
23010423,15000,15000,19
23010500,15000,15000,19
23010501,15000,15000,19
23010502,15000,15000,19
23010503,15000,15000,19
23010504,15000,15000,19
23010505,15000,15000,28
23010506,15000,15000,28
23010507,15000,15000,28
23010508,15000,15000,28
23010509,15000,15000,28
23010510,15000,15000,28
23010511,15000,15000,28
23010512,15000,15000,28
23010513,15000,15000,27
23010514,15000,15000,27
23010515,100,15000,29
23010516,100,15000,29
23010517,100,15000,29
23010518,100,15000,29
23010519,100,15000,29
23010520,100,15000,29
23010521,100,15000,29
23010522,100,15000,29
23010523,100,15000,29
23010600,100,15000,29
23010601,100,15000,29
23010602,100,15000,29
23010603,100,15000,29
23010604,100,15000,29
23010605,100,15000,29
23010606,100,15000,29
23010607,100,15000,30
23010608,100,15000,30
23010609,100,15000,30
23010610,100,15000,30
23010611,100,15000,30
23010612,100,15000,30
23010613,100,15000,30
23010614,100,15000,30
23010615,100,15000,30
23010616,100,15000,30
23010617,100,15000,30
23010618,100,15000,12
23010619,100,15000,12
23010620,100,15000,12
23010621,100,15000,12
23010622,100,15000,12
23010623,100,15000,12
23010700,100,15000,12
23010701,100,15000,12
23010702,100,15000,12
23010703,100,15000,14
23010704,100,15000,14
23010705,100,100,5
23010706,100,100,5
23010707,100,100,5
23010708,100,100,5
23010709,100,100,5
23010710,100,100,5
23010711,100,100,5
23010712,100,100,5
23010713,100,100,5
23010714,100,100,5
23010715,100,100,3
23010717,300000,300000,1
23010718,299250,299250,6
23010719,299250,299250,6
23010720,299250,299250,6
23010721,299250,299250,6
23010722,299250,299250,6
23010723,299250,299250,6
23010800,299250,299250,6
23010801,299250,299250,6
23010802,299250,299250,6
23010803,299250,299250,6
23010804,299250,299250,6
23010805,299250,299250,6
23010806,299250,299250,6
23010807,299250,299250,6
23010808,299250,299250,6
23010809,299250,299250,6
23010810,299250,299250,6
23010811,299250,299250,6
23010812,299250,299250,6
23010813,299250,299250,6
23010814,299250,299250,6
23010815,299250,299250,6
23010816,22772,299250,11
23010817,33341,299250,11
23010818,33341,299250,11
23010819,33341,299250,11
23010820,33341,299250,11
23010821,33341,299250,11
23010822,33341,299250,11
23010823,20041,33341,13
23010900,20041,20041,13
23010901,20041,20041,13
23010902,20041,20041,13
23010903,20041,20041,13
23010904,20041,20041,13
23010905,20041,20041,13
23010906,20041,20041,13
23010907,20041,20041,13
23010908,20041,20041,13
23010909,20041,20041,13
23010910,20041,20041,13
23010911,5000,20041,18
23010912,5000,20041,18
23010913,5000,20041,20
23010914,5000,20041,20
23010915,5000,20041,20
23010916,5000,20041,20
23010917,5000,20041,19
23010918,5000,20041,15
23010919,5000,84242,30
23010920,5000,84242,30
23010921,5000,84242,30
23010922,5000,84242,30
23010923,5000,84242,30
23011000,5000,84242,30
23011001,5000,84242,30
23011002,5000,84242,30
23011003,5000,84242,30
23011004,5000,84242,30
23011005,5000,84242,30
23011006,5000,84242,30
23011007,5000,84242,30
23011008,5000,84242,30
23011009,5000,84242,30
23011010,5000,84242,30
23011011,5000,84242,27
23011012,5000,84242,27
23011013,5000,84242,25
23011014,5000,84242,25
23011015,5000,84242,25
23011016,5000,84242,25
23011017,5000,84242,25
23011018,5000,84242,25
23011019,5000,84242,25
23011020,5000,84242,25
23011021,5000,84242,25
23011022,5000,84242,25
23011023,5000,84242,25
23011100,5000,84242,25
23011101,5000,84242,23
23011102,5000,84242,23
23011103,5000,84242,23
23011104,5000,84242,18
23011105,5000,84242,18
23011106,5000,84242,31
23011107,5000,84242,31
23011108,5000,84242,31
23011109,5000,84242,31
23011110,4500,5000,54
23011111,4500,5000,54
23011112,4500,5000,54
23011113,4500,5000,54
23011114,4500,5000,54
23011115,4500,5000,54
23011116,4489,5000,56
23011117,4489,5000,56
23011118,4489,5000,55
23011119,4489,5000,41
23011120,4489,5000,43
23011121,4489,5000,46
23011122,1000,5000,51
23011123,4000,5000,58
23011200,4000,5000,58
23011201,4000,5000,58
23011202,4000,4750,56
23011203,4000,4750,56
23011204,4000,4750,56
23011205,4000,4750,56
23011206,4000,4750,56
23011207,4000,4750,56
23011208,4000,4750,56
23011209,4000,4750,56
23011210,4000,5000,47
23011211,4000,5000,47
23011212,4000,5000,47
23011213,4000,5000,52
23011214,4000,5000,52
23011215,1000,5000,55
23011216,1000,5000,55
23011217,1000,5000,55
23011218,1000,5000,55
23011219,1000,4489,60
23011220,950,4489,65
23011221,1000,5000,65
23011222,1000,5000,65
23011223,1000,5000,65
23011300,1000,5000,65
23011301,1000,4489,74
23011302,1000,4489,74
23011303,1000,4489,74
23011304,1000,4489,74
23011305,1000,4000,61
23011306,1000,4000,61
23011307,1000,4000,61
23011308,1000,4000,61
23011309,1000,4000,40
23011310,1000,4000,40
23011311,1000,4000,44
23011312,1000,4000,44
23011313,1000,4000,44
23011314,1000,4000,46
23011315,1000,4000,46
23011316,1000,4000,44
23011317,1000,4000,44
23011318,1000,4000,44
23011319,1000,4000,41
23011320,1000,4000,41
23011321,1000,4000,38
23011322,900,4000,39
23011323,900,1000,20
23011400,900,1000,120
23011401,900,1000,111
23011402,900,1000,111
23011403,900,1000,111
23011404,900,1000,111
23011405,900,1000,111
23011406,900,1000,111
23011407,900,1000,112
23011408,900,1000,112
23011409,900,1000,112
23011410,900,1000,112
23011411,900,1000,112
23011412,900,1000,105
23011413,900,1000,105
23011414,900,1000,105
23011415,900,1000,105
23011416,900,1000,105
23011417,900,1000,112
23011418,900,1000,116
23011419,900,1000,114
23011420,900,1000,116
23011421,900,1000,116
23011422,900,1000,115
23011423,900,1000,115
23011500,900,1000,115
23011501,900,1000,115
23011502,900,1000,115
23011503,900,1000,115
23011504,850,850,115
23011505,849,850,117
23011506,849,850,117
23011507,849,850,126
23011508,849,850,126
23011509,849,850,127
23011510,849,850,127
23011511,849,850,127
23011512,849,850,127
23011513,849,850,127
23011514,849,850,125
23011515,849,850,125
23011516,849,850,125
23011517,849,850,125
23011518,849,850,121
23011519,849,850,121
23011520,849,850,121
23011521,849,850,121
23011522,829,850,155
23011523,829,850,155
23011600,829,850,161
23011601,800,850,171
23011602,800,850,171
23011603,800,850,171
23011604,800,850,171
23011605,500,850,184
23011606,500,850,184
23011607,500,850,174
23011608,500,850,174
23011609,500,850,174
23011610,500,850,174
23011611,500,850,175
23011612,500,850,175
23011613,500,850,175
23011614,500,850,170
23011615,500,850,170
23011616,500,850,167
23011617,500,850,160
23011618,500,850,161
23011619,500,850,162
23011620,500,850,162
23011621,500,850,162
23011622,500,850,162
23011623,500,850,148
23011700,500,850,148
23011701,500,850,142
23011702,500,850,151
23011703,500,850,151
23011704,500,850,151
23011705,500,800,57
23011706,500,500,55
23011707,500,500,55
23011708,500,500,55
23011709,500,500,59
23011710,500,500,59
23011711,500,500,58
23011712,500,800,64
23011713,500,650,66
23011714,500,500,71
23011715,500,500,71
23011716,500,500,71
23011717,500,500,73
23011718,500,500,73
23011719,500,500,72
23011720,500,500,73
23011721,500,500,73
23011722,500,500,73
23011723,500,500,58
23011800,500,500,58
23011801,500,500,58
23011802,500,500,48
23011803,500,500,48
23011804,500,500,48
23011805,500,500,48
23011806,500,500,36
23011807,500,500,36
23011808,500,500,35
23011809,500,500,35
23011810,500,500,35
23011811,500,500,35
23011812,500,500,35
23011813,500,500,35
23011814,500,500,35
23011815,500,500,35
23011816,500,500,35
23011817,500,500,35
23011818,500,500,36
23011819,390,490,86
23011820,390,490,86
23011821,390,490,86
23011822,390,490,86
23011823,390,490,86
23011900,390,490,81
23011901,390,490,81
23011902,390,490,72
23011903,390,490,72
23011904,390,490,72
23011905,390,490,72
23011906,390,490,71
23011907,390,490,56
23011908,390,490,56
23011909,390,490,53
23011910,390,490,53
23011911,390,490,53
23011912,390,490,46
23011913,390,490,44
23011914,390,490,39
23011915,390,490,39
23011916,390,490,39
23011917,390,490,37
23011918,390,490,37
23011919,200,490,38
23011920,200,490,38
23011921,200,490,38
23011922,200,490,38
23011923,200,490,38
23012000,200,490,38
23012001,200,490,38
23012002,200,490,40
23012003,200,490,40
23012004,200,490,40
23012005,200,490,40
23012006,200,490,40
23012007,200,490,40
23012008,200,490,40
23012009,200,490,43
23012010,200,490,43
23012011,200,490,43
23012012,200,490,43
23012013,200,490,43
23012014,200,490,43
23012015,200,490,43
23012016,200,490,45
23012017,200,490,45
23012018,200,490,45
23012019,200,200,9
23012020,200,200,9
23012021,200,200,9
23012022,200,200,9
23012023,200,200,9
23012100,200,200,9
23012101,200,50099,23
23012102,200,50099,23
23012103,200,50099,23
23012104,200,50099,23
23012105,200,50099,23
23012106,200,50099,23
23012107,200,50099,23
23012108,200,50099,23
23012109,200,50099,19
23012110,200,50099,19
23012111,200,50099,19
23012112,200,50099,19
23012113,200,50099,19
23012114,200,50099,19
23012115,200,50099,19
23012116,200,200,31
23012117,38090,38090,55
23012118,38090,38090,56
23012119,38090,38090,56
23012120,38090,38090,56
23012121,38090,38090,56
23012122,38090,38090,56
23012123,38090,38090,56
23012200,38090,38090,56
23012201,38090,38090,56
23012202,38090,38090,56
23012203,38090,38090,56
23012204,38090,38090,56
23012205,38090,38090,56
23012206,38090,38090,61
23012207,38090,38090,61
23012208,38090,38090,61
23012209,38090,38090,61
23012210,38090,38090,61
23012211,38090,38090,61
23012212,38090,38090,61
23012213,38090,38090,61
23012214,38090,38090,61
23012215,38090,38090,61
23012216,38090,38090,61
23012217,38090,38090,61
23012218,38090,38090,76
23012219,38090,38090,76
23012220,38090,38090,76
23012221,38090,38090,78
23012222,38090,38090,78
23012223,38090,38090,78
23012300,38090,38090,78
23012301,37890,38090,78
23012302,37890,38090,78
23012303,37890,38090,78
23012304,37890,38090,78
23012305,37890,38090,78
23012306,37890,38090,78
23012307,37890,38090,78
23012308,37890,38090,79
23012309,37890,38090,78
23012310,37890,38090,79
23012311,37890,38090,79
23012312,37890,38090,79
23012313,37890,38090,79
23012314,37890,38090,79
23012315,37890,38090,79
23012316,37890,38090,79
23012317,37890,38090,36
23012318,37890,38090,35
23012319,37890,38090,35
23012320,37890,38090,35
23012321,37890,38090,35
23012322,37890,38090,35
23012323,37890,38090,35
23012400,37890,38090,35
23012401,37890,38090,35
23012402,37890,38090,35
23012403,37890,38090,35
23012404,37890,38090,35
23012405,37890,38090,35
23012406,37890,38090,30
23012407,37890,38090,30
23012408,37890,38090,29
23012409,37890,38090,29
23012410,37890,38090,29
23012411,37890,38090,29
23012412,37890,38090,29
23012413,37890,38090,29
23012414,37890,38090,29
23012415,37890,38090,29
23012416,37890,38090,29
23012417,37890,38090,29
23012418,37890,37890,14
23012419,37890,37890,14
23012420,30090,37890,21
23012421,30090,37890,20
23012422,30090,37890,20
23012423,30090,37890,20
23012500,30090,37890,20
23012501,30090,30090,8
23012502,30090,30090,8
23012503,30090,30090,8
23012504,30090,30090,8
23012505,30090,30090,8
23012506,30090,30090,8
23012507,30090,30090,15
23012508,30090,30090,8
23012509,30090,30090,8
23012510,30090,30090,7
23012511,29489,29789,14
23012512,29489,29789,14
23012513,29489,29789,14
23012514,29489,29789,14
23012515,10050,29489,24
23012516,10050,29489,24
23012517,10050,29489,24
23012518,10050,29489,24
23012519,10050,29489,24
23012520,10050,29489,24
23012521,10050,29489,24
23012522,10050,29489,25
23012523,10050,29489,25
23012600,10050,29489,25
23012601,10050,29489,26
23012602,10050,29489,28
23012603,10050,29489,28
23012604,10050,29489,28
23012605,10050,29489,28
23012606,10050,29489,28
23012607,10050,29489,28
23012608,10050,29489,28
23012609,10050,29489,28
23012610,10050,29489,27
23012611,10050,10050,20
23012612,10050,10050,20
23012613,10050,10050,22
23012614,10050,10050,22
23012615,10050,10050,23
23012616,10050,10050,28
23012617,10050,10050,28
23012618,9849,10050,35
23012619,9849,10050,35
23012620,9849,10050,35
23012621,9849,10050,35
23012622,9849,10050,36
23012623,9849,10050,36
23012700,9849,10050,37
23012701,9849,10050,37
23012702,9849,10050,35
23012703,9849,10050,35
23012704,9849,10050,37
23012705,9849,10050,37
23012706,9849,10050,37
23012707,9849,10050,23
23012708,9653,10050,30
23012709,9653,10050,30
23012710,9653,10050,30
23012711,9653,10050,30
23012712,9653,10050,30
23012713,9600,10050,35
23012714,9600,9849,37
23012715,9600,10050,48
23012716,9500,10050,41
23012717,9500,9949,42
23012718,9500,9949,42
23012719,9500,9949,42
23012720,9500,9949,42
23012721,9500,9949,42
23012722,9500,9949,42
23012723,9500,9849,43
23012800,9500,9849,43
23012801,9500,9849,42
23012802,9500,9849,41
23012803,9500,9849,41
23012804,9400,9653,45
23012805,9400,9653,45
23012806,9400,9653,45
23012807,7000,9600,58
23012808,7000,9600,51
23012809,7000,9600,51
23012810,6860,9550,58
23012811,6860,9550,58
23012812,6860,9550,58
23012813,6860,9550,58
23012814,5060,9400,65
23012815,5060,7000,51
23012816,5060,7000,45
23012817,5060,7000,47
23012818,5060,7000,48
23012819,5060,7000,48
23012820,5060,7000,48
23012821,5060,7000,49
23012822,5060,7000,48
23012823,4959,7000,53
23012900,4959,7000,52
23012901,4959,7000,52
23012902,4959,7000,53
23012903,4959,7000,54
23012904,4959,5060,48
23012905,4959,5060,48
23012906,4959,5060,48
23012907,4959,5060,48
23012908,4959,5060,48
23012909,4959,5060,58
23012910,4959,4959,158
23012911,4959,4959,159
23012912,4959,4959,159
23012913,4959,4959,152
23012914,4959,4959,152
23012915,4900,4959,159
23012916,4900,4959,159
23012917,4900,4959,156
23012918,4900,4959,156
23012919,4400,4959,158
23012920,4400,4959,166
23012921,3400,4959,166
23012922,3400,4959,166
23012923,3400,4959,158
23013000,3400,4959,158
23013001,3400,4959,158
23013002,3400,4959,158
23013003,3400,4959,157
23013004,3400,4959,157
23013005,3400,4959,157
23013006,3400,4959,157
23013007,3400,4959,144
23013008,3400,4959,144
23013009,3400,4959,144
23013010,3400,4959,145
23013011,3400,4959,146
23013012,3400,4959,146
23013013,3400,4959,161
23013014,3400,4959,153
23013015,3400,4959,153
23013016,2200,4959,155
23013017,2200,4959,156
23013018,2200,4959,156
23013019,2200,4959,156
23013020,2156,4959,163
23013021,2156,4959,163
23013022,2156,4959,163
23013023,2156,4959,158
23013100,2156,4959,163
23013101,2156,4959,164
23013102,2156,4959,163
23013103,2156,4959,163
23013104,2156,4959,163
23013105,2156,4959,163
23013106,2156,4959,164
23013107,2156,4959,169
23013108,2156,4959,169
23013109,2156,4959,169
23013110,2156,4959,169
23013111,2156,4959,169
23013112,2156,4959,169
23013113,2156,2200,42
23013114,2156,2200,42
23013115,2156,2200,42
23013116,2156,2156,42
23013117,2156,2156,42
23013118,2156,2156,41
23013119,2156,2156,41
23013120,2156,2156,26
23013121,2156,2156,26
23013122,2156,2156,34
23013123,2156,2156,37
23020100,2156,2156,37
23020101,2113,2156,45
23020102,2113,2156,45
23020103,2113,2156,45
23020104,2113,2156,46
23020105,2113,2156,46
23020106,2113,2156,46
23020107,2113,2156,46
23020108,2113,2156,46
23020109,2113,2156,46
23020110,2113,2156,46
23020111,2113,2156,45
23020112,2113,2156,45
23020113,2113,2156,45
23020114,2113,2156,45
23020115,2113,2156,45
23020116,2113,2156,45
23020117,2113,2156,42
23020118,2100,2156,44
23020119,2100,2156,44
23020120,2100,2156,44
23020121,2100,2156,43
23020122,2100,2156,43
23020123,2100,2156,47
23020200,1700,1700,90
23020201,1700,1700,82
23020202,1700,1700,82
23020203,1700,1700,82
23020204,1700,1700,82
23020205,1700,1700,81
23020206,1700,1700,81
23020207,1700,1700,80
23020208,1700,1700,75
23020209,1700,1700,75
23020210,1700,1700,73
23020211,1700,1700,73
23020212,1700,1700,73
23020213,1300,1700,77
23020214,1297,1700,79
23020215,1297,1700,79
23020216,1297,1700,72
23020217,1297,1700,72
23020218,1097,1700,105
23020219,1097,1700,104
23020220,1097,1700,104
23020221,1097,1700,96
23020222,1097,1700,96
23020223,1097,1700,93
23020300,1097,1700,93
23020301,1097,1700,92
23020302,1097,1700,92
23020303,1097,1700,92
23020304,1097,1700,93
23020305,1097,1700,93
23020306,1097,1700,93
23020307,1097,1700,93
23020308,1097,1700,93
23020309,1097,1700,93
23020310,1097,1700,93
23020311,1097,1700,93
23020312,1097,1700,93
23020313,1097,1700,93
23020314,897,1700,97
23020315,897,1700,97
23020316,897,1700,97
23020317,897,1700,97
23020318,897,1700,97
23020319,400,1297,105
23020320,400,1297,105
23020321,400,1297,105
23020322,400,1298,104
23020323,400,1298,104
23020400,400,1097,62
23020401,400,1097,67
23020402,400,1097,67
23020403,400,1097,67
23020404,400,1097,66
23020405,400,1097,66
23020406,400,1097,66
23020407,400,1097,66
23020408,400,1097,66
23020409,400,1097,66
23020410,400,1097,66
23020411,400,1097,67
23020412,400,1097,67
23020413,200,1097,66
23020414,200,1097,57
23020415,200,1097,58
23020416,200,1097,58
23020417,100,1097,62
23020418,100,100,55
23020419,100,100,55
23020420,100,100,55
23020421,100,100,55
23020422,100,100,55
23020423,100,100,55
23020500,100,100,56
23020501,100,100,51
23020502,100,100,51
23020503,100,100,51
23020504,100,100,51
23020505,100,100,51
23020506,100,100,58
23020507,100,100,58
23020508,100,100,58
23020509,100,100,58
23020510,100,100,58
23020511,100,100,58
23020512,100,100,58
23020513,100,100,56
23020514,100,100,56
23020515,100,100,57
23020516,100,100,57
23020517,100,100,57
23020518,100,100,57
23020519,100,100,48
23020520,100,100,54
23020521,100,100,54
23020522,100,100,54
23020523,100,100,54
23020600,100,100,47
23020601,100,100,47
23020602,100,100,47
23020603,100,100,47
23020604,100,100,47
23020605,100,100,47
23020606,100,100,47
23020607,100,100,47
23020608,100,100,47
23020609,100,100,52
23020610,100,100,52
23020611,100,100,51
23020612,100,100,51
23020613,100,100,52
23020614,100,100,52
23020615,100,100,51
23020616,100,100,51
23020617,100,100,47
23020618,100,100,21
23020619,100,100,21
23020620,100,100,21
23020621,100,100,21
23020622,100,100,21
23020623,100,100,21
23020700,100,100,21
23020701,100,100,21
23020702,100,100,21
23020703,100,100,27
23020704,100,100,27
23020705,100,100,27
23020706,100,100,20
23020707,100,100,20
23020708,100,100,20
23020709,100,100,20
23020710,100,100,20
23020711,100,100,21
23020712,100,100,21
23020713,100,100,21
23020714,100,100,21
23020715,100,100,20
23020716,100,100,20
23020717,100,100,20
23020718,100,100,21
23020719,100,100,22
23020720,100,100,16
23020721,100,100,16
23020722,100,100,16
23020723,100,100,16
23020800,100,100,16
23020801,100,100,16
23020802,100,100,16
23020803,100,100,10
23020804,100,100,10
23020805,100,100,10
23020806,100,100,16
23020807,100,100,16
23020808,100,100,16
23020809,100,100,16
23020810,100,294,11
23020811,100,100,16
23020812,100,100,16
23020813,100,197,14
23020814,100,100,16
23020815,100,100,17
23020816,100,100,17
23020817,100,100,17
23020818,100,197,16
23020819,100,100,17
23020820,100,100,17
23020821,100,100,17
23020822,100,100,17
23020823,100,100,17
23020900,100,100,17
23020901,100,100,17
23020902,100,100,17
23020903,100,100,17
23020904,100,100,17
23020905,100,100,22
23020906,100,100,16
23020907,100,100,16
23020908,100,100,16
23020909,100,100,16
23020910,100,100,16
23020911,100,100,15
23020912,100,100,16
23020913,100,100,16
23020914,100,100,16
23020915,100,100,16
23020916,100,100,16
23020917,100,100,16
23020918,100,100,16
23020919,100,100,15
23020920,100,100,15
23020921,100,100,15
23020922,100,100,15
23020923,100,100,15
23021000,100,100,15
23021001,100,100,15
23021002,100,100,15
23021003,100,100,15
23021004,100,100,14
23021005,100,100,16
23021006,100,100,16
23021007,100,100,16
23021008,100,100,24
23021009,100,100,23
23021010,100,100,24
23021011,100,100,19
23021012,100,100,24
23021013,100,100,25
23021014,100,100,23
23021015,100,100,22
23021016,100,100,22
23021017,100,100,22
23021018,100,100,22
23021019,100,100,22
23021020,100,100,22
23021021,100,100,22
23021022,100,100,25
23021023,100,100,25
23021100,100,100,25
23021101,100,100,25
23021102,100,100,25
23021103,100,100,25
23021104,100,100,25
23021105,100,100,20
23021106,100,100,20
23021107,100,100,20
23021108,100,100,12
23021109,100,100,12
23021110,100,100,11
23021111,100,100,11
23021112,100,100,11
23021113,100,100,11
23021114,100,100,11
23021115,100,100,11
23021116,100,100,11
23021117,100,100,11
23021118,100,100,11
23021119,100,100,11
23021120,100,100,11
23021121,100,100,11
23021122,100,100,11
23021123,100,100,14
23021200,100,100,14
23021201,100,100,14
23021202,100,100,14
23021203,100,100,14
23021204,100,100,14
23021205,100,100,14
23021206,100,100,14
23021207,100,100,14
23021208,100,100,14
23021209,100,100,14
23021210,100,100,13
23021211,100,100,14
23021212,100,100,14
23021213,100,100,13
23021214,100,100,13
23021215,100,100,13
23021216,100,100,13
23021217,100,100,13
23021218,100,100,13
23021219,100,100,13
23021220,100,100,13
23021221,100,100,13
23021222,100,100,10
23021223,100,100,11
23021300,100,100,11
23021301,100,100,14
23021302,100,100,14
23021303,100,100,14
23021304,100,100,16
23021305,100,100,17
23021306,100,100,17
23021307,100,100,17
23021308,100,100,17
23021309,100,100,17
23021310,100,100,17
23021311,100,100,17
23021312,100,100,16
23021313,100,100,16
23021314,100,100,17
23021315,100,100,17
23021316,100,100,17
23021317,100,100,17
23021318,100,100,18
23021319,100,100,19
23021320,100,100,19
23021321,100,100,19
23021322,100,100,19
23021323,100,100,15
23021400,100,100,15
23021401,100,100,15
23021402,100,100,12
23021403,100,100,12
23021404,100,100,10
23021405,100,100,10
23021406,100,100,10
23021407,100,100,10
23021408,100,100,10
23021409,100,100,10
23021410,100,100,10
23021411,100,100,10
23021412,100,100,10
23021413,100,100,5
23021414,100,100,5
23021415,100,100,14
23021416,100,100,14
23021417,100,100,14
23021418,100,100,14
23021419,100,100,14
23021420,100,100,13
23021421,100,100,14
23021422,100,100,14
23021423,100,100,14
23021500,100,100,14
23021501,100,100,14
23021502,100,100,26
23021503,100,100,26
23021504,100,100,26
23021505,100,100,26
23021506,100,100,25
23021507,100,100,25
23021508,100,100,25
23021509,100,100,47
23021510,100,100,47
23021511,100,100,47
23021512,100,100,52
23021513,100,100,52
23021514,100,100,52
23021515,100,100,48
23021516,100,100,48
23021517,100,100,48
23021518,100,100,49
23021519,100,100,48
23021520,100,100,48
23021521,100,100,48
23021522,100,100,48
23021523,100,100,49
23021600,100,100,49
23021601,100,100,49
23021602,100,100,49
23021603,100,100,52
23021604,100,100,52
23021605,100,100,52
23021606,100,100,52
23021607,100,100,52
23021608,100,100,60
23021609,100,100,60
23021610,100,100,60
23021611,100,100,60
23021612,100,100,59
23021613,100,100,59
23021614,100,100,59
23021615,100,100,54
23021616,100,100,54
23021617,100,100,55
23021618,100,100,60
23021619,100,100,60
23021620,100,100,60
23021621,100,100,59
23021622,100,100,63
23021623,100,100,63
23021700,100,100,63
23021701,100,100,63
23021702,100,100,51
23021703,100,100,48
23021704,100,100,48
23021705,100,100,51
23021706,100,100,51
23021707,100,100,51
23021708,100,100,43
23021709,100,100,22
23021713,98,98,64
23021714,98,98,64
23021715,98,98,64
23021716,98,98,64
23021717,98,98,64
23021718,98,98,63
23021719,98,98,63
23021720,98,98,63
23021721,98,98,63
23021722,98,98,63
23021723,98,98,62
23021800,98,98,62
23021801,98,98,62
23021802,98,98,62
23021803,98,98,62
23021804,98,98,62
23021805,98,98,62
23021806,98,98,62
23021807,98,98,62
23021808,98,98,62
23021809,98,98,62
23021810,98,98,62
23021811,98,98,70
23021812,98,98,70
23021813,98,98,88
23021814,98,98,89
23021815,98,98,89
23021816,98,98,89
23021817,98,98,88
23021818,98,98,88
23021819,98,98,88
23021820,98,98,89
23021821,98,98,89
23021822,98,98,85
23021823,98,98,85
23021900,98,98,85
23021901,98,98,85
23021902,98,98,89
23021903,98,98,93
23021904,98,98,93
23021905,98,98,90
23021906,98,98,90
23021907,98,98,93
23021908,98,98,93
23021909,98,98,92
23021910,98,98,45
23021911,98,98,45
23021912,98,98,48
23021913,98,98,48
23021914,98,98,44
23021915,98,98,43
23021916,98,98,49
23021917,97,98,97
23021918,97,98,97
23021919,97,98,97
23021920,97,98,97
23021921,97,98,97
23021922,97,98,97
23021923,97,98,97
23022000,97,98,97
23022001,97,98,97
23022002,97,98,97
23022003,97,97,93
23022004,97,97,89
23022005,97,97,89
23022006,97,97,89
23022007,97,97,86
23022008,97,97,86
23022009,97,97,87
23022010,97,97,87
23022011,97,97,79
23022012,97,97,79
23022013,97,97,61
23022014,97,97,60
23022015,97,97,60
23022016,97,97,60
23022017,97,97,60
23022018,97,97,60
23022019,97,97,60
23022020,97,97,59
23022021,97,97,59
23022022,97,97,59
23022023,97,97,59
23022100,97,97,64
23022101,97,97,64
23022102,97,97,64
23022103,97,97,64
23022104,97,97,64
23022105,97,97,68
23022106,97,97,68
23022107,97,97,68
23022108,97,97,68
23022109,97,97,68
23022110,97,97,68
23022111,97,97,68
23022112,97,97,65
23022113,97,97,65
23022114,97,97,65
23022115,97,97,65
23022116,97,97,64
23022117,97,97,21
23022118,97,97,21
23022119,97,97,21
23022120,97,97,21
23022121,300000,300000,1
23022122,300000,300000,1
23022123,300000,300000,1
23022200,300000,300000,1
23022201,300000,300000,1
23022202,300000,300000,1
23022203,300000,300000,1
23022204,300000,300000,1
23022205,300000,300000,1
23022206,300000,300000,1
23022207,300000,300000,1
23022208,300000,300000,1
23022211,300000,300000,1
23022212,1279,1279,5
23022213,1279,1279,5
23022214,1279,1279,5
23022215,1279,1279,5
23022216,1279,1279,5
23022217,1279,1279,9
23022218,1279,1279,9
23022219,1279,1279,15
23022220,942,1279,18
23022221,942,1279,18
23022222,942,1279,25
23022223,942,1279,25
23022300,942,1279,21
23022301,942,1279,21
23022302,942,1279,21
23022303,942,1279,21
23022304,942,1279,21
23022305,942,1279,21
23022306,942,1279,21
23022307,942,1279,21
23022308,942,1279,21
23022309,942,1279,25
23022310,942,1279,25
23022311,942,1279,25
23022312,942,1279,25
23022313,942,1279,25
23022314,942,1279,25
23022315,900,942,45
23022316,900,942,45
23022317,900,942,46
23022318,900,942,46
23022319,900,921,40
23022320,900,900,37
23022321,900,900,37
23022322,900,900,37
23022323,900,900,37
23022400,900,900,37
23022401,900,900,37
23022402,900,900,37
23022403,900,900,37
23022404,900,900,37
23022405,900,900,37
23022406,900,900,37
23022407,900,900,37
23022408,900,900,37
23022409,900,900,33
23022410,900,900,33
23022411,900,900,32
23022412,900,900,32
23022413,900,900,32
23022414,900,900,33
23022415,900,900,33
23022416,900,900,33
23022417,900,900,39
23022418,900,900,39
23022419,900,900,43
23022420,900,900,48
23022421,900,900,48
23022422,900,900,48
23022423,900,900,48
23022500,900,900,48
23022501,900,900,48
23022502,900,900,47
23022503,900,900,47
23022504,900,900,47
23022505,900,900,47
23022506,900,900,47
23022507,900,900,47
23022508,900,900,47
23022509,900,900,47
23022510,900,900,47
23022511,900,900,47
23022512,900,900,47
23022513,900,900,47
23022514,900,900,47
23022515,900,1279,27
23022516,900,1279,27
23022517,900,1279,21
23022518,900,1279,27
23022519,900,1279,24
23022520,900,1279,24
23022521,900,1279,24
23022522,900,1279,27
23022523,900,1279,31
23022600,900,1279,31
23022601,900,1279,31
23022602,900,1279,31
23022603,900,1279,31
23022604,900,1279,31
23022605,900,1279,36
23022606,900,1279,36
23022607,900,1279,36
23022608,900,1279,36
23022609,900,1279,36
23022610,900,1279,36
23022611,900,1279,32
23022612,900,1279,32
23022613,900,1279,32
23022614,900,1279,32
23022615,900,1279,32
23022616,900,1279,37
23022617,900,1279,33
23022618,900,1279,34
23022619,900,1279,36
23022620,900,900,32
23022621,900,900,41
23022622,900,900,31
23022623,900,900,34
23022700,900,900,34
23022701,900,900,34
23022702,900,900,34
23022703,900,900,34
23022704,900,900,32
23022705,900,900,32
23022706,900,900,32
23022707,900,900,32
23022708,900,900,35
23022709,900,900,31
23022710,900,900,31
23022711,900,900,31
23022712,900,900,31
23022713,900,900,32
23022714,900,900,32
23022715,700,900,33
23022716,700,900,33
23022717,700,900,39
23022718,700,900,33
23022719,700,900,33
23022720,700,900,33
23022721,700,900,33
23022722,700,900,40
23022723,700,900,40
23022800,700,900,40
23022801,700,900,41
23022802,700,900,41
23022803,700,900,41
23022804,700,900,41
23022805,700,900,36
23022806,700,900,36
23022807,700,900,36
23022808,700,900,36
23022809,700,900,36
23022810,700,900,36
23022811,700,900,36
23022812,700,900,36
23022813,700,900,35
23022814,700,900,35
23022815,700,900,35
23022816,700,900,32
23022817,700,900,32
23022818,700,900,37
23022819,700,900,34
23022820,700,900,34
23022821,700,900,29
23022822,700,900,29
23022823,700,900,31
23030100,900,900,21
23030101,900,900,21
23030102,900,900,16
23030103,900,900,16
23030104,900,900,16
23030105,900,900,16
23030106,900,900,16
23030107,900,900,16
23030108,900,900,13
23030109,900,900,14
23030110,900,900,14
23030111,900,900,14
23030112,900,900,14
23030113,900,900,14
23030114,900,900,14
23030115,900,900,14
23030116,900,900,46
23030117,900,900,46
23030118,900,900,46
23030119,900,900,46
23030120,900,900,46
23030121,900,900,49
23030122,900,900,42
23030123,800,900,43
23030200,800,900,45
23030201,800,900,44
23030202,800,900,44
23030203,800,900,44
23030204,800,900,44
23030205,800,900,44
23030206,800,900,44
23030207,800,900,44
23030208,800,900,44
23030209,800,900,44
23030210,800,900,44
23030211,800,900,49
23030212,800,900,50
23030213,800,900,55
23030214,800,900,77
23030215,800,900,77
23030216,800,900,77
23030217,800,900,77
23030218,800,900,72
23030219,800,900,72
23030220,800,900,77
23030221,800,900,77
23030222,800,900,78
23030223,800,900,73
23030300,800,900,73
23030301,800,900,73
23030302,800,900,73
23030303,800,900,73
23030304,400,900,76
23030305,400,900,76
23030306,400,900,76
23030307,400,900,76
23030308,400,800,81
23030309,400,900,85
23030310,400,900,85
23030311,400,900,85
23030312,400,900,85
23030313,400,900,85
23030314,400,800,107
23030315,400,800,107
23030316,400,400,134
23030317,400,400,102
23030318,400,400,136
23030319,400,400,136
23030320,400,400,136
23030321,400,400,133
23030322,400,400,157
23030323,400,400,156
23030400,400,400,165
23030401,400,400,165
23030402,400,400,166
23030403,400,400,168
23030404,400,400,168
23030405,400,400,168
23030406,400,400,168
23030407,400,400,168
23030408,400,400,170
23030409,400,400,170
23030410,400,400,170
23030411,400,400,170
23030412,400,400,177
23030413,400,400,172
23030414,400,400,170
23030415,400,400,170
23030416,400,400,171
23030417,400,400,171
23030418,400,400,171
23030419,400,400,171
23030420,400,400,166
23030421,400,400,166
23030422,400,400,165
23030423,300,400,173
23030500,300,400,197
23030501,300,400,197
23030502,300,400,197
23030503,300,400,197
23030504,300,400,194
23030505,300,400,194
23030506,300,400,195
23030507,300,400,195
23030508,300,400,190
23030509,300,400,185
23030510,300,400,185
23030511,300,400,190
23030512,300,400,190
23030513,300,400,190
23030514,300,400,173
23030515,300,400,153
23030516,300,400,126
23030517,300,400,126
23030518,300,400,92
23030519,300,400,92
23030520,300,400,95
23030521,300,400,95
23030522,300,300,71
23030523,300,400,103
23030600,300,400,95
23030601,300,400,95
23030602,300,400,94
23030603,300,300,111
23030604,300,300,111
23030605,300,900,148
23030606,300,900,148
23030607,300,300,224
23030608,300,300,224
23030609,300,300,224
23030610,300,300,224
23030611,300,300,226
23030612,300,300,218
23030613,300,300,218
23030614,300,300,220
23030615,300,300,220
23030616,300,300,219
23030617,300,300,219
23030618,300,300,219
23030619,300,300,219
23030620,300,300,216
23030621,300,300,223
23030622,300,300,224
23030623,300,300,216
23030700,300,300,189
23030701,300,300,191
23030702,300,300,218
23030703,300,300,218
23030704,200,300,221
23030705,200,300,221
23030706,200,300,221
23030707,200,300,231
23030708,200,300,229
23030709,200,300,229
23030710,200,300,229
23030711,200,300,223
23030712,200,300,224
23030713,200,300,224
23030714,200,300,227
23030715,200,300,227
23030716,200,300,227
23030717,200,300,227
23030718,200,300,227
23030719,200,300,227
23030720,200,300,228
23030721,200,300,229
23030722,200,300,229
23030723,200,300,197
23030800,200,300,197
23030801,200,300,196
23030802,200,300,193
23030803,200,300,194
23030804,200,300,195
23030805,200,300,158
23030806,200,300,158
23030807,200,300,99
23030808,200,300,104
23030818,200,200,191
23030819,200,200,208
23030820,200,200,240
23030821,200,200,233
23030822,200,200,239
23030823,200,200,239
23030900,200,200,239
23030901,200,200,238
23030902,200,200,214
23030903,200,200,214
23030904,200,200,210
23030905,200,200,210
23030906,200,200,210
23030907,200,200,210
23030908,200,200,210
23030909,200,200,211
23030910,200,200,211
23030911,200,200,211
23030912,200,200,210
23030913,200,200,210
23030914,200,200,226
23030915,200,200,226
23030916,200,200,226
23030917,200,200,226
23030918,200,200,226
23030919,200,200,211
23030920,200,200,218
23030921,200,200,227
23030922,200,200,248
23030923,200,200,248
23031000,200,200,248
23031001,100,200,249
23031002,100,200,249
23031003,100,200,229
23031004,100,200,229
23031005,100,200,229
23031006,100,200,229
23031007,100,200,170
23031008,100,200,165
23031009,100,200,165
23031010,100,200,165
23031011,100,200,185
23031012,100,200,182
23031013,100,200,182
23031014,100,200,182
23031015,100,200,183
23031016,100,200,183
23031017,100,200,183
23031018,100,200,184
23031019,100,200,184
23031020,100,200,156
23031021,100,200,179
23031022,100,2200,153
23031023,100,2200,153
23031100,100,200,166
23031101,100,200,166
23031102,100,200,166
23031103,100,200,166
23031104,100,200,166
23031105,100,200,166
23031106,100,200,165
23031107,100,200,165
23031108,100,200,165
23031109,100,200,164
23031110,100,200,164
23031111,100,200,164
23031112,100,200,171
23031113,95,200,180
23031114,95,2200,156
23031115,95,2200,156
23031116,95,2200,157
23031117,95,2200,157
23031118,95,2200,157
23031119,95,2200,157
23031120,95,2200,152
23031121,95,2200,144
23031122,95,2200,142
23031123,95,2200,142
23031200,95,2200,129
23031201,95,2200,136
23031203,95,2200,136
23031204,95,2200,136
23031205,95,2200,136
23031206,95,1150,146
23031207,95,1150,146
23031208,95,1150,146
23031209,95,1150,146
23031210,95,100,170
23031211,95,100,170
23031212,95,100,150
23031213,95,2200,130
23031214,95,2200,130
23031215,95,2200,130
23031216,95,2200,129
23031217,95,95,91
23031218,95,95,91
23031219,95,95,92
23031220,95,95,93
23031221,95,95,101
23031222,95,95,103
23031223,95,2286,140
23031300,95,2286,140
23031301,95,2286,149
23031302,95,2286,149
23031303,95,2286,149
23031304,95,2286,149
23031305,95,2286,149
23031306,95,2286,139
23031307,95,2286,140
23031308,95,2286,140
23031309,95,2286,140
23031310,95,2286,140
23031311,95,2286,140
23031312,95,2286,140
23031313,95,2286,133
23031314,95,2286,124
23031315,95,2286,124
23031316,95,2286,124
23031317,66,2286,126
23031318,66,2286,126
23031319,66,2286,136
23031320,66,2286,135
23031321,66,2286,135
23031322,66,2286,145
23031323,66,2286,145
23031400,66,2286,145
23031401,66,2286,146
23031402,66,2286,138
23031403,66,2286,138
23031404,66,2286,138
23031405,66,2286,137
23031406,66,2286,137
23031407,66,2286,136
23031408,66,2286,136
23031409,66,2286,136
23031410,66,2286,136
23031411,66,2286,112
23031412,66,2286,136
23031413,66,2286,136
23031414,66,2286,136
23031415,66,2286,137
23031416,66,2286,137
23031417,2286,2286,144
23031418,2286,2286,144
23031419,2286,2286,144
23031420,2286,2286,144
23031421,2286,2286,136
23031422,2286,2286,105
23031423,2058,2286,109
23031500,2058,2058,146
23031501,2058,2058,146
23031502,2058,2058,146
23031503,2058,2058,146
23031504,2058,2058,146
23031505,2058,2058,146
23031506,2058,2058,146
23031507,2058,2058,146
23031508,2058,2058,146
23031509,2058,2058,146
23031510,2058,2058,146
23031511,2058,2058,146
23031512,2058,2058,146
23031513,2058,2058,146
23031514,2058,2058,146
23031515,2058,2058,146
23031516,2058,2058,146
23031517,2058,2058,93
23031518,2058,2058,93
23031519,2058,2058,93
23031520,2058,2058,93
23031521,2058,2058,93
23031522,2058,2058,82
23031523,2058,2058,94
23031600,2058,2058,94
23031601,2058,2058,94
23031602,2058,2058,94
23031603,2058,2058,94
23031604,2058,2058,94
23031605,2058,2058,94
23031606,2058,2058,94
23031607,2058,2058,94
23031608,2058,2058,94
23031609,2058,2058,94
23031610,2058,2058,94
23031611,2058,2058,94
23031612,2058,2058,94
23031613,2058,2058,94
23031614,2058,2058,105
23031615,2058,2058,110
23031616,2058,2058,110
23031617,2058,2058,110
23031618,2058,2058,110
23031619,2058,2058,123
23031620,2058,2058,123
23031621,2058,2058,123
23031622,2058,2058,120
23031623,2058,2058,79
23031700,2058,2058,43
23031701,2058,2058,43
23031702,2058,2058,43
23031703,2058,2058,45
23031704,2058,2058,45
23031705,2058,2058,45
23031706,2058,2058,45
23031707,2058,2058,45
23031708,2058,2058,45
23031709,2058,2058,45
23031710,2058,2058,45
23031711,2058,2058,45
23031712,2058,2058,45
23031713,2058,2058,45
23031714,2058,2058,45
23031715,2058,2058,45
23031716,2058,2058,46
23031717,2058,2058,47
23031718,2058,2058,47
23031719,2058,2058,48
23031720,2058,2058,85
23031721,2058,2058,85
23031722,2058,2058,85
23031723,2058,200058,74
23031800,2058,200058,73
23031801,2058,200058,73
23031802,2058,200058,73
23031803,2058,200058,71
23031804,2058,200058,74
23031805,2058,200058,74
23031806,2058,200058,74
23031807,2058,200058,74
23031808,2058,200058,74
23031809,2058,200058,74
23031810,2058,20058,86
23031811,2058,20058,86
23031812,2058,20058,86
23031813,2058,20058,86
23031814,2058,20058,87
23031815,2058,20058,87
23031816,2058,20058,87
23031817,2058,20058,87
23031818,2058,20058,87
23031819,2058,200058,74
23031820,2058,200058,74
23031821,2058,200058,74
23031822,2058,200058,74
23031823,2058,200058,77
23031900,2058,110058,78
23031901,2058,110058,78
23031902,2058,110058,78
23031903,2058,20058,87
23031904,2058,20058,88
23031905,2058,20058,88
23031906,2058,20058,88
23031907,2058,20058,88
23031908,2058,20058,88
23031909,2058,20058,88
23031910,2058,20058,88
23031911,2058,20058,85
23031912,1058,20058,86
23031913,1058,20058,86
23031914,1058,20058,85
23031915,1058,20058,86
23031916,1058,200058,74
23031917,1058,200058,72
23031918,1058,110058,78
23031919,1058,20058,82
23031920,1058,2058,44
23031921,1058,18053,85
23031922,1058,18053,86
23031923,1058,18053,85
23032000,1058,2058,123
23032001,1058,2058,128
23032002,1058,2058,128
23032003,1058,2058,128
23032004,1058,2058,124
23032005,1058,2058,125
23032006,1058,2058,125
23032007,1058,2058,125
23032008,1058,1058,139
23032009,1058,1058,139
23032010,1058,1058,127
23032011,1058,1058,127
23032012,1058,1058,128
23032013,1058,1058,128
23032014,1058,1058,127
23032015,1058,1058,120
23032016,1058,1058,134
23032017,1058,1058,134
23032018,1058,1058,134
23032019,1058,1058,137
23032020,1058,1058,138
23032021,1058,1058,142
23032022,1057,1058,143
23032023,1057,1058,143
23032100,1057,1058,143
23032101,1057,1058,138
23032102,1057,1058,129
23032103,1057,1058,129
23032104,1057,1058,129
23032105,1057,1058,128
23032106,1057,1058,128
23032107,1057,1058,114
23032108,1057,1058,114
23032109,1057,1058,114
23032110,1057,1058,114
23032111,1057,1058,128
23032112,1057,1058,127
23032113,1057,1058,127
23032114,1057,1058,127
23032115,1057,1058,127
23032116,1057,1058,127
23032117,1057,1058,127
23032118,1057,1058,126
23032119,1057,1058,126
23032120,1057,1058,132
23032121,1057,1058,89
23032122,1057,1058,89
23032123,1057,1058,89
23032200,1057,1057,51
23032201,1057,1057,51
23032202,1057,1057,51
23032203,1056,1057,52
23032204,1056,1057,52
23032205,1056,1057,52
23032206,1056,1058,93
23032207,1056,1058,93
23032208,1056,1058,93
23032209,1056,1058,93
23032210,1056,1058,97
23032211,1056,1058,97
23032212,1056,1058,97
23032213,1056,1058,96
23032214,1056,1058,96
23032215,1056,1058,96
23032216,1056,4456,133
23032217,1056,4456,133
23032218,1056,4456,134
23032219,1056,4456,134
23032220,1056,4456,126
23032221,1056,4456,126
23032222,1056,4456,125
23032223,1056,4456,125
23032300,1056,4456,125
23032301,956,4456,133
23032302,956,4456,133
23032303,956,4456,133
23032304,956,4456,133
23032305,956,4456,133
23032306,956,4456,136
23032307,956,4456,136
23032308,956,4456,136
23032309,956,4456,136
23032310,956,4456,136
23032311,956,4456,136
23032312,956,4456,136
23032313,956,4456,136
23032314,956,956,236
23032315,956,956,236
23032316,956,956,236
23032317,956,956,231
23032318,956,956,235
23032319,956,956,235
23032320,956,956,229
23032321,956,956,229
23032322,956,956,227
23032323,956,956,227
23032400,956,956,227
23032401,956,956,229
23032402,956,956,229
23032403,956,956,229
23032404,956,956,229
23032405,956,956,186
23032406,956,956,185
23032407,956,956,192
23032408,956,956,195
23032409,956,956,195
23032410,500000,10250000,2
23032411,500000,10250000,2
23032412,500000,10250000,2
23032413,500000,10250000,2
23032414,500000,500000,1
23032415,500000,500000,1
23032416,500000,500000,1
23032417,500000,500000,1
23032418,500000,500000,1
23032419,500000,500000,1
23032420,250000,250000,42
23032421,5936,250000,43
23032422,5936,250000,48
23032423,6137,250000,48
23032500,1000,250000,56
23032501,1000,250000,56
23032502,1000,250000,56
23032503,1000,250000,56
23032504,1000,250000,56
23032505,1000,250000,56
23032506,1000,250000,73
23032507,1000,250000,73
23032508,1000,250000,73
23032509,1000,250000,73
23032510,1000,250000,73
23032511,1000,250000,73
23032512,1000,250000,73
23032513,1000,250000,72
23032514,1000,250000,73
23032515,1000,250000,73
23032516,1000,250000,73
23032517,1000,250000,73
23032518,1000,250000,81
23032519,1000,250000,81
23032520,1000,250000,81
23032521,1000,250000,82
23032522,1000,1000,96
23032523,1000,1000,96
23032600,1000,1000,96
23032601,1000,1000,96
23032602,1000,1000,177
23032603,1000,1000,177
23032604,1000,1000,177
23032605,1000,1000,177
23032606,1000,1000,172
23032607,1000,1000,172
23032608,1000,1000,172
23032609,1000,1000,172
23032610,1000,1000,171
23032611,1000,1000,172
23032612,1000,1000,172
23032613,1000,1000,172
23032614,1000,1000,172
23032615,1000,1000,172
23032616,1000,1000,172
23032617,1000,1000,172
23032618,1000,1000,172
23032619,1000,1000,176
23032620,1000,1000,135
23032621,1000,1000,138
23032622,1000,1000,138
23032623,1000,1000,179
23032700,1000,1000,171
23032701,1000,1000,171
23032702,1000,1000,171
23032703,1000,1000,171
23032704,1000,1000,171
23032705,1000,1000,171
23032706,1000,1000,159
23032707,1000,1000,159
23032708,1000,1000,159
23032709,1000,1000,160
23032710,1000,1000,161
23032711,1000,1000,161
23032712,1000,1000,161
23032713,1000,1000,161
23032714,1000,1000,161
23032715,1000,1000,161
23032716,1000,1000,161
23032717,1000,1000,161
23032718,1000,1000,153
23032719,1000,1000,153
23032720,1000,1000,156
23032721,1000,1000,156
23032722,1000,1000,137
23032723,1000,1000,137
23032800,1000,1000,141
23032801,1000,1000,149
23032802,1000,41940,67
23032803,1000,41940,68
23032804,1000,41940,68
23032805,1000,41940,68
23032806,1000,41940,68
23032807,1000,41940,68
23032808,1000,41940,68
23032809,1000,41940,68
23032810,1000,41940,68
23032811,1000,41940,67
23032812,1000,41940,63
23032813,1000,41940,63
23032814,1000,41940,64
23032815,1000,41940,80
23032816,1000,1000,104
23032817,1000,1000,104
23032818,1000,1000,104
23032819,1000,1000,104
23032820,990,1000,106
23032821,990,1000,105
23032822,990,1000,101
23032823,990,1000,72
23032900,990,1000,72
23032901,990,1000,72
23032902,990,1000,72
23032903,990,1000,72
23032904,290,1000,82
23032905,290,1000,82
23032906,290,1000,82
23032907,290,1000,82
23032908,290,1000,78
23032909,290,1000,82
23032910,290,1000,81
23032911,290,1000,80
23032912,290,1000,80
23032913,290,1000,80
23032914,290,1000,122
23032915,290,1000,121
23032916,290,1000,98
23032917,290,1000,99
23032918,290,1000,99
23032919,290,1000,99
23032920,290,1000,99
23032921,290,1000,97
23032922,290,1000,111
23032923,290,1000,99
23033000,290,1000,99
23033001,290,1000,99
23033002,290,1000,91
23033003,290,1000,91
23033004,290,1000,91
23033005,290,1000,91
23033006,290,1000,91
23033007,290,1000,91
23033008,290,1000,91
23033009,290,1000,91
23033010,290,1000,91
23033011,290,1000,91
23033012,290,1000,91
23033013,290,1000,93
23033014,290,1000,91
23033015,290,2058,80
23033016,290,990,92
23033019,290,290,97
23033020,290,290,91
23033021,290,290,102
23033022,290,290,88
23033023,290,990,85
23033100,280,290,91
23033101,280,290,91
23033102,280,290,91
23033103,280,290,91
23033104,280,2058,81
23033105,280,2058,81
23033106,280,2058,81
23033107,280,2058,81
23033108,280,2058,81
23033109,280,2058,77
23033110,280,2058,77
23033111,280,2058,77
23033112,280,2058,81
23033113,280,2058,80
23033114,280,290,39
23033115,280,290,37
23033116,280,290,38
23033117,280,290,39
23033118,261,261,81
23033119,261,261,81
23033120,261,261,80
23033121,261,261,69
23033122,261,261,95
23033123,261,261,95
23040100,261,261,91
23040101,261,261,91
23040102,261,261,91
23040103,261,261,91
23040104,261,261,91
23040105,261,261,91
23040106,261,261,91
23040107,261,261,91
23040108,261,261,91
23040109,261,261,91
23040110,261,261,91
23040111,261,261,92
23040112,261,261,92
23040113,261,261,94
23040114,261,261,94
23040115,261,261,94
23040116,261,261,94
23040117,261,261,94
23040118,261,261,105
23040119,261,261,105
23040120,261,261,105
23040121,261,261,104
23040122,261,261,85
23040123,261,261,99
23040200,261,261,93
23040201,261,261,93
23040202,261,261,93
23040203,261,261,93
23040204,261,261,93
23040205,261,261,100
23040206,261,261,103
23040207,261,261,103
23040208,261,261,103
23040209,261,261,103
23040210,161,261,107
23040211,161,261,107
23040212,161,261,107
23040213,161,261,107
23040214,161,261,111
23040215,161,261,111
23040216,161,261,111
23040217,161,261,126
23040218,161,261,85
23040219,161,261,85
23040220,161,261,85
23040221,161,261,85
23040222,161,261,90
23040223,161,261,70
23040300,161,261,70
23040301,161,261,70
23040302,161,261,70
23040303,161,261,70
23040304,161,261,70
23040305,161,261,69
23040306,161,261,69
23040307,161,161,71
23040308,161,161,72
23040309,161,161,72
23040310,161,161,72
23040311,161,161,71
23040312,161,161,71
23040313,161,161,72
23040314,161,161,81
23040315,161,161,81
23040316,161,161,80
23040317,161,161,76
23040318,161,161,68
23040319,161,161,67
23040320,161,161,66
23040321,161,161,67
23040322,161,161,70
23040323,161,161,70
23040400,161,161,70
23040401,161,161,67
23040402,161,161,67
23040403,161,161,67
23040404,161,161,67
23040405,161,161,60
23040406,161,161,57
23040407,161,161,57
23040408,161,161,57
23040409,161,161,62
23040410,161,161,62
23040411,161,161,71
23040412,161,161,74
23040413,161,161,74
23040414,161,161,70
23040415,161,161,110
23040416,161,161,110
23040417,161,161,111
23040418,161,161,108
23040419,161,161,108
23040420,161,161,108
23040421,161,161,111
23040422,161,161,90
23040423,161,161,90
23040500,161,161,90
23040501,161,161,90
23040502,161,161,91
23040503,161,161,91
23040504,161,161,94
23040505,161,161,94
23040506,161,161,94
23040507,161,161,94
23040508,161,161,93
23040509,161,161,88
23040510,98,161,113
23040511,98,161,114
23040512,50,161,116
23040513,50,161,117
23040514,50,161,117
23040515,50,161,117
23040516,50,161,115
23040517,50,161,105
23040518,50,161,105
23040519,50,161,105
23040520,50,161,105
23040521,50,161,101
23040522,50,98,130
23040523,50,98,130
23040600,50,98,130
23040601,50,98,130
23040602,50,98,130
23040603,50,98,130
23040604,50,98,130
23040605,50,98,130
23040606,50,98,130
23040607,50,98,130
23040608,50,98,120
23040609,50,98,121
23040610,50,98,121
23040611,50,98,118
23040612,50,98,118
23040613,50,98,117
23040614,50,50,77
23040615,50,50,77
23040616,50,50,76
23040617,50,50,76
23040618,50,50,76
23040619,50,50,76
23040620,50,50,76
23040621,50,98,50
23040622,50,98,50
23040623,50,98,50
23040700,50,50,76
23040701,50,50,75
23040702,50,50,75
23040703,50,50,75
23040704,50,50,75
23040705,50,50,75
23040706,50,50,75
23040707,50,50,75
23040708,50,50,75
23040709,50,50,69
23040710,50,50,54
23040711,50,50,54
23040712,50,50,51
23040713,50,50,51
23040714,50,50,52
23040715,50,50,51
23040716,50,50,36
23040717,50,50,36
23040718,50,50,36
23040719,50,50,40
23040720,50,50,40
23040721,50,50,37
23040722,50,50,37
23040723,50,50,37
23040800,50,50,11
23040801,50,50,11
23040802,50,50,11
23040803,50,50,11
23040804,50,50,11
23040805,50,50,11
23040806,50,50,14
23040807,50,50,14
23040808,50,50,13
23040809,50,50,12
23040810,50,50,12
23040811,50,50,12
23040812,50,50,12
23040813,50,50,12
23040814,50,50,12
23040815,50,50,12
23040816,50,50,13
23040817,50,50,19
23040818,50,50,19
23040819,50,50,18
23040820,50,50,19
23040821,50,50,31
23040822,50,50,45
23040823,50,50,45
23040900,50,50,45
23040901,50,50,45
23040902,50,50,45
23040903,50,50,45
23040904,50,50,45
23040905,50,50,45
23040906,50,50,45
23040907,50,50,48
23040908,50,50,51
23040909,50,50,48
23040910,50,50,47
23040911,50,50,47
23040921,50,50,47
23040922,50,50,33
23040923,50,50,50
23041000,50,50,69
23041001,50,50,69
23041002,50,50,69
23041003,50,50,71
23041004,50,50,77
23041005,50,50,77
23041006,50,50,74
23041007,50,50,71
23041008,50,50,72
23041009,50,50,72
23041010,50,50,76
23041011,50,50,76
23041012,50,50,76
23041013,50,50,76
23041014,50,50,76
23041015,50,50,76
23041016,50,50,75
23041017,50,50,75
23041018,50,50,75
23041019,50,50,75
23041020,50,50,72
23041021,50,50,72
23041022,50,50,99
23041023,50,50,103
23041100,50,50,103
23041101,50,50,103
23041102,50,50,103
23041103,50,50,103
23041104,50,50,97
23041105,50,50,97
23041106,50,50,97
23041107,50,50,97
23041108,50,50,94
23041109,50,50,94
23041110,50,50,94
23041111,50,50,94
23041112,50,50,94
23041113,50,50,77
23041114,50,50,83
23041115,50,50,120
23041116,50,50,128
23041117,50,50,128
23041118,50,50,128
23041119,50,50,128
23041120,50,50,157
23041121,50,50,157
23041122,50,50,137
23041123,50,50,113
23041200,50,50,127
23041201,50,50,150
23041202,50,50,150
23041203,50,50,150
23041204,50,50,148
23041205,50,50,148
23041206,50,50,148
23041207,50,50,148
23041208,50,50,148
23041209,50,50,147
23041210,50,50,147
23041211,50,50,143
23041212,50,50,143
23041213,50,50,150
23041214,50,50,150
23041215,50,50,121
23041216,50,50,113
23041217,50,50,121
23041218,50,50,121
23041219,50,50,121
23041220,50,50,94
23041221,50,50,94
23041222,50,50,94
23041223,50,50,100
23041300,50,50,84
23041301,50,50,84
23041302,50,50,102
23041303,50,50,102
23041304,50,50,102
23041305,50,50,102
23041306,50,50,102
23041307,50,50,102
23041308,50,50,102
23041309,50,50,102
23041310,50,50,102
23041311,50,50,102
23041312,50,50,102
23041313,50,50,102
23041314,50,50,96
23041315,50,50,89
23041316,50,50,90
23041317,50,50,187
23041318,50,50,187
23041319,50,50,203
23041320,50,50,203
23041321,50,50,204
23041322,50,50,204
23041323,50,50,196
23041400,50,50,196
23041401,50,50,154
23041402,50,50,153
23041403,50,50,154
23041404,50,50,155
23041405,50,50,159
23041406,50,50,159
23041407,50,50,159
23041408,50,50,159
23041409,50,50,159
23041410,50,50,159
23041411,50,50,159
23041412,50,50,159
23041413,50,50,152
23041414,50,50,152
23041415,50,50,151
23041416,50,50,160
23041417,50,50,157
23041418,50,50,157
23041419,50,50,157
23041420,50,50,155
23041421,50,50,155
23041422,50,50,155
23041423,50,50,155
23041500,50,50,155
23041501,50,50,155
23041502,50,50,138
23041503,50,50,137
23041504,50,50,155
23041505,50,50,155
23041506,50,50,155
23041507,50,50,155
23041508,50,50,155
23041509,50,50,155
23041510,50,50,156
23041511,50,50,156
23041512,50,50,157
23041513,50,50,157
23041514,50,50,157
23041515,50,50,157
23041516,50,50,156
23041517,50,50,54
23041518,50,50,54
23041519,50,50,38
23041520,50,50,37
23041521,50,50,36
23041522,50,50,37
23041523,50,50,37
23041600,50,50,35
23041601,50,50,37
23041602,50,50,37
23041603,50,50,37
23041604,50,50,19
23041605,50,50,15
23041606,50,50,35
23041610,50,50,38
23041612,50,50,55
23041613,50,50,55
23041614,50,50,55
23041615,50,50,55
23041616,50,50,46
23041617,50,50,46
23041618,50,50,46
23041619,50,50,46
23041620,50,50,47
23041621,50,50,47
23041622,50,50,50
23041623,50,50,70
23041700,50,50,70
23041701,50,50,68
23041702,50,50,70
23041703,50,50,70
23041704,50,50,70
23041705,50,50,69
23041706,50,50,52
23041707,50,50,52
23041708,50,50,52
23041709,50,50,53
23041710,50,50,69
23041711,50,50,69
23041712,50,50,68
23041713,50,50,68
23041714,50,50,68
23041715,50,50,68
23041716,50,50,69
23041717,50,50,69
23041718,50,50,54
23041719,50,50,58
23041720,50,50,58
23041721,50,50,58
23041722,50,50,58
23041723,50,50,58
23041800,50,50,58
23041801,50,50,58
23041802,50,50,56
23041803,50,50,56
23041804,50,50,58
23041805,50,50,58
23041806,50,50,55
23041807,50,50,55
23041808,50,50,55
23041809,50,50,55
23041810,50,50,55
23041811,50,50,67
23041812,50,50,50
23041813,50,50,50
23041814,50,50,50
23041815,50,50,50
23041816,50,50,48
23041817,50,50,48
23041818,50,50,49
23041819,50,50,45
23041820,50,50,44
23041821,50,50,44
23041822,50,50,46
23041823,50,50,26
23041900,50,50,26
23041901,50,50,26
23041902,50,50,26
23041903,50,50,27
23041904,50,50,25
23041905,50,50,27
23041906,50,50,28
23041907,50,50,28
23041908,50,50,28
23041909,50,50,27
23041910,50,50,32
23041911,50,50,16
23041912,50,50,16
23041913,50,50,16
23041914,50,50,16
23041915,50,50,16
23041916,50,50,16
23041917,50,50,16
23041918,50,50,15
23041919,50,50,15
23041920,50,50,15
23041921,50,50,15
23041922,50,50,15
23041923,50,50,31
23042000,50,50,39
23042001,50,50,50
23042002,50,50,50
23042003,50,50,50
23042004,50,50,50
23042005,50,50,48
23042006,50,50,48
23042007,50,50,48
23042008,50,50,48
23042009,50,50,48
23042010,50,50,48
23042011,50,50,48
23042012,50,50,48
23042013,50,50,48
23042014,50,50,48
23042015,50,50,49
23042016,50,50,49
23042017,50,50,49
23042018,50,50,48
23042019,50,50,48
23042020,50,50,48
23042021,50,50,48
23042022,50,50,43
23042023,50,50,45
23042100,50,50,38
23042101,50,50,38
23042102,50,50,45
23042103,50,50,45
23042104,50,50,45
23042105,50,50,61
23042106,50,50,60
23042107,50,50,61
23042108,50,50,61
23042109,50,50,61
23042110,50,50,56
23042111,50,50,56
23042112,50,50,56
23042113,50,50,56
23042114,50,50,57
23042115,50,50,57
23042116,50,50,57
23042117,50,50,57
23042118,50,50,62
23042119,50,50,61
23042120,40,50,67
23042121,40,50,72
23042122,40,50,72
23042123,40,50,54
23042200,40,50,71
23042201,40,50,60
23042202,40,40,53
23042203,40,40,60
23042204,40,40,60
23042205,40,40,61
23042206,40,40,61
23042207,40,40,61
23042208,40,40,61
23042209,40,40,61
23042210,40,40,61
23042211,40,40,61
23042212,40,40,61
23042213,40,40,61
23042214,40,40,61
23042215,40,40,60
23042216,40,40,60
23042217,40,40,69
23042218,40,40,70
23042219,40,40,71
23042220,40,50,111
23042221,40,50,111
23042222,40,50,111
23042223,40,50,111
23042300,40,50,93
23042301,40,50,111
23042302,40,50,111
23042303,40,50,104
23042304,40,50,104
23042305,40,621,87
23042306,40,621,87
23042307,40,50,94
23042308,40,50,94
23042309,40,50,94
23042310,40,50,94
23042311,40,50,94
23042312,40,50,94
23042313,40,50,94
23042314,40,50,95
23042315,40,50,95
23042316,40,50,95
23042317,40,50,95
23042318,40,621,90
23042319,40,621,90
23042320,40,621,84
23042321,40,621,84
23042322,40,40,154
23042323,40,40,154
23042400,40,40,154
23042401,40,40,154
23042402,40,40,157
23042403,40,40,156
23042404,40,40,156
23042405,40,40,156
23042406,40,40,156
23042407,40,40,149
23042408,40,40,149
23042409,40,40,149
23042410,40,40,149
23042411,40,40,157
23042412,40,40,157
23042413,40,40,157
23042414,40,40,158
23042415,40,40,165
23042416,40,40,166
23042417,40,40,158
23042418,40,40,157
23042419,40,40,156
23042420,40,40,116
23042421,40,40,116
23042422,40,40,116
23042423,40,40,117
23042500,30,40,123
23042501,30,40,105
23042502,30,40,105
23042503,30,40,105
23042504,30,40,127
23042505,30,40,127
23042506,30,40,127
23042507,30,40,127
23042508,30,40,127
23042509,30,40,127
23042510,30,40,127
23042511,30,40,121
23042512,30,40,121
23042513,30,40,120
23042514,30,40,118
23042515,30,40,118
23042516,30,40,117
23042517,30,40,119
23042518,30,40,119
23042519,30,40,119
23042520,30,40,123
23042521,30,30,69
23042522,30,30,53
23042523,30,30,58
23042600,30,30,59
23042601,30,30,56
23042602,30,30,56
23042603,30,30,39
23042604,30,30,57
23042605,30,30,58
23042606,30,30,58
23042607,30,30,58
23042608,30,30,58
23042609,30,30,58
23042610,30,30,58
23042611,30,30,58
23042612,30,30,58
23042613,30,30,59
23042614,30,30,59
23042615,30,30,52
23042616,30,30,51
23042617,30,30,51
23042618,30,30,51
23042619,30,30,51
23042620,30,30,42
23042621,30,621,83
23042622,30,621,84
23042623,30,621,77
23042700,30,30,93
23042701,30,30,94
23042702,30,30,94
23042703,30,325,90
23042704,30,621,89
23042705,30,325,90
23042706,30,325,90
23042707,30,325,90
23042708,30,325,90
23042709,30,325,90
23042710,30,621,91
23042711,30,325,90
23042712,30,325,90
23042713,30,621,97
23042714,30,621,97
23042715,30,621,97
23042716,30,621,97
23042717,30,621,95
23042718,30,621,95
23042719,30,621,98
23042720,30,621,98
23042721,30,621,98
23042722,30,621,98
23042723,30,621,101
23042800,30,621,84
23042801,30,30,123
23042802,30,30,123
23042803,30,30,123
23042804,30,511,105
23042805,30,511,103
23042806,30,511,103
23042807,30,30,123
23042808,30,30,123
23042809,30,30,123
23042810,30,30,123
23042811,30,30,123
23042812,30,30,124
23042813,30,30,126
23042814,30,30,126
23042815,30,30,126
23042816,30,30,126
23042817,30,30,126
23042818,30,30,126
23042819,30,30,126
23042820,30,30,128
23042821,30,30,87
23042822,30,30,86
23042823,30,30,86
23042900,30,30,86
23042901,30,30,49
23042902,30,511,61
23042903,30,511,61
23042904,30,511,63
23042905,30,511,63
23042906,30,511,63
23042907,30,511,43
23042908,30,511,43
23042909,30,511,43
23042910,30,511,42
23042911,30,511,42
23042912,30,511,42
23042913,30,511,37
23042914,30,511,37
23042915,30,511,37
23042916,30,511,37
23042917,30,511,37
23042918,30,511,37
23042919,30,511,34
23042920,30,511,32
23042921,30,511,52
23042922,30,270,56
23042923,30,30,48
23043000,30,30,53
23043001,30,30,53
23043002,30,30,50
23043003,30,30,50
23043004,30,30,49
23043005,30,30,49
23043006,30,30,49
23043007,30,30,49
23043008,30,30,49
23043009,30,30,54
23043010,30,30,54
23043011,30,30,53
23043012,30,30,53
23043013,30,30,49
23043014,30,30,49
23043015,30,30,49
23043016,30,30,49
23043017,30,30,49
23043018,30,30,49
23043019,30,30,50
23043020,30,30,50
23043021,30,511,31
23043022,30,30,51
23043023,30,30,51
23050100,30,30,50
23050101,30,30,47
23050102,30,30,16
23050103,30,30,16
23050104,30,30,15
23050105,30,30,15
23050106,30,30,15
23050107,30,30,17
23050108,30,30,18
23050109,30,30,16
23050110,30,30,16
23050111,30,30,16
23050112,30,30,16
23050113,30,690,20
23050114,30,690,20
23050115,30,690,20
23050116,30,690,21
23050117,30,690,21
23050118,30,690,21
23050119,30,690,21
23050120,30,690,21
23050121,30,690,21
23050122,30,30,37
23050123,30,30,37
23050200,30,30,35
23050201,30,30,34
23050202,30,30,35
23050203,30,30,35
23050204,30,30,35
23050218,500000,500000,1
23050219,500000,500000,5
23050220,500000,500000,5
23050221,500000,500000,5
23050222,500000,500000,5
23050223,500,500000,8
23050300,500,500000,8
23050301,500,500000,8
23050302,500,500000,8
23050303,500,500000,8
23050304,500,500000,8
23050305,500,500000,8
23050306,333300,500000,8
23050307,333300,500000,8
23050308,333300,500000,8
23050309,333300,500000,8
23050310,333300,500000,8
23050311,333300,500000,8
23050312,333300,500000,8
23050313,333300,500000,8
23050314,333300,500000,8
23050315,543,25000,31
23050316,543,25000,31
23050317,543,25000,31
23050318,543,25000,31
23050319,543,25000,31
23050320,543,25000,31
23050321,543,25000,31
23050322,543,25000,31
23050323,543,25000,31
23050400,300,25000,32
23050401,300,25000,32
23050402,300,25000,32
23050403,300,25000,32
23050404,300,25000,32
23050405,300,25000,32
23050406,300,25000,32
23050407,300,25000,32
23050408,300,25000,32
23050409,300,25000,32
23050410,300,333300,15
23050411,300,333300,15
23050412,300,300,33
23050413,200,300,33
23050414,200,300,33
23050415,200,300,33
23050416,200,300,33
23050417,200,300,33
23050418,199,300,35
23050419,199,300,31
23050420,199,300,31
23050421,199,300,31
23050422,199,300,31
23050423,199,300,31
23050500,199,300,31
23050501,199,300,31
23050502,199,300,31
23050503,199,300,31
23050504,199,300,31
23050505,199,300,31
23050506,199,300,40
23050507,199,300,42
23050508,199,300,42
23050509,199,300,42
23050510,199,300,42
23050511,199,300,42
23050512,199,300,42
23050513,199,300,42
23050514,199,300,42
23050515,199,300,36
23050516,199,300,36
23050517,199,300,36
23050518,199,300,33
23050519,199,300,34
23050520,199,300,34
23050521,199,300,34
23050522,199,300,34
23050523,199,300,36
23050600,199,300,36
23050601,199,300,36
23050602,199,300,36
23050603,199,300,36
23050604,199,300,36
23050605,199,300,36
23050606,199,300,36
23050607,199,300,36
23050608,199,300,36
23050609,199,300,36
23050610,43,300,38
23050611,43,300,38
23050612,43,199,20
23050613,43,199,20
23050614,199,199,18
23050615,199,199,18
23050616,199,199,21
23050617,175,175,42
23050618,175,175,42
23050619,175,175,42
23050620,75,175,46
23050621,75,199,23
23050622,75,199,23
23050623,75,175,39
23050700,75,175,39
23050701,75,175,39
23050702,75,175,39
23050703,75,175,39
23050704,75,175,39
23050705,75,175,39
23050706,75,175,27
23050707,75,175,25
23050708,75,175,25
23050709,75,175,26
23050710,75,175,25
23050711,75,175,25
23050712,75,175,25
23050713,70,70,51
23050714,70,70,47
23050715,70,70,47
23050716,70,70,65
23050717,70,70,77
23050718,70,70,77
23050719,70,70,77
23050720,70,70,77
23050721,70,70,77
23050722,70,70,77
23050723,70,70,77
23050800,70,70,77
23050804,499900,499900,1
23050805,499900,499900,1
23050806,29999,264949,2
23050807,29999,29999,4
23050808,29999,29999,4
23050809,29999,29999,4
23050810,27000,27000,45
23050811,27000,27000,45
23050812,27000,27000,45
23050813,27000,27000,45
23050814,27000,27000,45
23050815,27000,27000,67
23050816,27000,27000,121
23050817,27000,27000,121
23050818,27000,27000,121
23050819,27000,27000,121
23050820,27000,27000,121
23050821,27000,27000,121
23050822,27000,27000,121
23050823,27000,27000,121
23050900,27000,27000,121
23050901,27000,27000,121
23050902,27000,27000,121
23050903,27000,27000,121
23050904,27000,27000,121
23050905,27000,27000,121
23050906,27000,27000,121
23050907,27000,27000,119
23050908,27000,27000,119
23050909,27000,27000,119
23050910,27000,27000,119
23050911,13500,27000,128
23050912,13500,27000,128
23050913,13500,27000,128
23050914,13500,27000,128
23050915,13500,27000,107
23050916,13500,27000,107
23050917,13500,27000,107
23050918,13500,27000,107
23050919,13500,27000,107
23050920,13500,27000,107
23050921,13500,27000,128
23050922,13500,27000,119
23050923,13500,27000,119
23051000,13500,27000,119
23051001,13500,27000,120
23051002,13500,27000,120
23051003,13500,27000,120
23051004,13500,27000,120
23051005,13500,27000,120
23051006,13500,27000,119
23051007,9999,27000,120
23051008,9999,27000,120
23051009,9999,27000,120
23051010,9999,27000,79
23051011,9999,27000,79
23051012,9999,27000,79
23051013,9999,27000,79
23051014,9999,27000,79
23051015,9999,27000,79
23051016,9999,13500,45
23051017,9999,13500,45
23051018,9999,13500,45
23051019,8500,9999,56
23051020,7650,7650,77
23051021,7650,7650,278
23051022,7640,7650,284
23051023,7640,7650,284
23051100,7640,7650,284
23051101,7640,7650,284
23051102,7640,7650,284
23051103,7640,7650,287
23051104,7640,7650,287
23051105,7640,7650,287
23051106,7640,7650,287
23051107,7640,7650,287
23051108,7640,7650,287
23051109,7640,7650,287
23051110,7640,7650,287
23051111,7640,7650,287
23051112,7640,7650,276
23051114,3550,7650,287
23051115,3550,7650,287
23051116,3550,7650,287
23051117,3550,7650,287
23051118,3550,7650,287
23051119,3550,7650,293
23051120,3550,7650,292
23051121,3550,7650,91
23051122,3550,7650,92
23051123,2222,3500,307
23051200,900,3500,306
23051201,900,3500,306
23051202,900,3500,306
23051203,900,3500,305
23051204,900,3500,305
23051205,900,3500,306
23051206,900,3500,306
23051207,900,3500,305
23051208,900,3500,305
23051209,900,3500,305
23051210,900,3500,305
23051211,900,7650,104
23051212,900,7650,104
23051213,900,7650,104
23051214,900,7650,104
23051215,900,7650,103
23051216,900,7650,83
23051217,900,7650,83
23051218,900,7650,83
23051219,900,7650,77
23051220,900,3550,36
23051221,900,3550,37
23051222,900,3550,31
23051223,900,3195,72
23051300,875,3195,73
23051301,875,3195,73
23051302,875,3195,73
23051303,875,3195,73
23051304,875,3195,73
23051305,875,3195,72
23051306,875,3195,72
23051307,875,3195,73
23051308,875,3195,73
23051309,875,3195,73
23051310,875,3195,73
23051311,875,3195,73
23051312,875,3195,72
23051313,875,3195,60
23051314,875,3195,60
23051315,875,3195,60
23051316,875,3195,60
23051317,875,3195,60
23051318,875,3195,60
23051319,875,3195,72
23051320,875,3195,72
23051321,875,3195,72
23051322,875,3195,72
23051323,875,3195,58
23051400,675,3195,59
23051401,675,3195,59
23051402,675,3195,59
23051403,675,3195,59
23051404,675,3195,59
23051405,675,3195,59
23051406,675,3195,59
23051407,675,3195,58
23051408,675,3195,58
23051409,675,3195,58
23051410,675,3195,59
23051411,675,3195,59
23051412,675,3195,57
23051413,675,3195,57
23051414,675,3195,57
23051415,675,3195,58
23051416,675,3195,58
23051417,675,3195,58
23051418,675,3195,58
23051419,675,3195,58
23051420,675,3195,58
23051500,499900,499900,1
23051501,499900,499900,1
23051502,499900,499900,1
23051503,499900,499900,1
23051504,499900,499900,1
23051505,499900,499900,1
23051506,499900,499900,1
23051507,499900,499900,1
23051508,499900,499900,1
23051509,499900,499900,1
23051510,499900,499900,1
23051511,499900,499900,1
23051512,499900,499900,1
23051513,499900,499900,1
23051514,499900,499900,1
23051515,499900,499900,1
23051516,499900,499900,1
23051517,499900,499900,1
23051518,20441,20441,7
23051519,11111,11111,16
23051520,11111,11111,16
23051521,9999,11111,17
23051522,9999,11111,19
23051523,9999,11111,19
23051600,9999,11111,19
23051601,9999,11111,19
23051602,9999,11111,19
23051603,9999,11111,19
23051604,9999,11111,19
23051605,9999,11111,19
23051606,9999,11111,19
23051607,9999,11111,19
23051608,9999,11111,20
23051609,9999,11111,20
23051610,9999,11111,20
23051611,9999,11111,20
23051612,9999,11111,20
23051613,9999,11111,20
23051614,9999,11111,21
23051615,9999,11111,21
23051616,9999,11111,21
23051617,9999,11111,21
23051618,9999,11111,21
23051619,9999,11111,21
23051620,9999,11111,21
23051621,9999,11111,21
23051622,9999,11111,21
23051623,9999,11111,21
23051700,9999,11111,20
23051701,9999,11111,20
23051702,9999,11111,20
23051703,9999,11111,20
23051704,9999,11111,20
23051705,9999,11111,20
23051706,9999,11111,20
23051707,9999,11111,20
23051708,9999,11111,19
23051709,9999,11111,20
23051710,9999,11111,20
23051711,9999,11111,20
23051712,9999,11111,20
23051713,9999,11111,20
23051714,9999,11111,20
23051715,9999,11111,20
23051716,9999,11111,20
23051717,9999,11111,20
23051718,9999,11111,14
23051719,9999,9999,5
23051720,8888,8888,14
23051721,8888,8888,13
23051722,8878,8888,18
23051723,8878,8888,18
23051800,8878,8888,18
23051807,19999,19999,1
23051808,19999,19999,1
23051809,19999,19999,4
23051810,19999,19999,4
23051811,19999,19999,4
23051812,16000023,16000023,1
23051813,499900,8249961,2
23051814,499900,8249961,2
23051815,499900,8249961,2
23051816,499900,8249961,2
23051817,499900,499900,3
23051818,499900,499900,3
23051819,499900,499900,3
23051820,499900,499900,3
23051821,499900,499900,3
23051822,499900,499900,3
23051823,261854,380877,6
23051900,261854,261854,5
23051901,261854,261854,5
23051902,261854,261854,5
23051903,261854,261854,5
23051904,261854,261854,5
23051905,261854,261854,5
23051906,261854,261854,5
23051907,261854,261854,5
23051908,261854,261854,5
23051909,261854,261854,5
23051910,261854,261854,5
23051911,261854,261854,5
23051912,261854,261854,5
23051913,261854,261854,5
23051914,261854,261854,5
23051915,261854,261854,5
23051916,261854,261854,5
23051917,261854,261854,5
23051918,261854,261854,5
23051919,2000,261854,6
23051920,2000,261854,6
23051921,2000,261854,6
23051922,2000,261854,8
23051923,2000,261854,8
23052000,2000,261854,9
23052001,2000,261854,9
23052002,2000,261854,9
23052003,2000,261854,9
23052004,2000,261854,9
23052005,2000,261854,9
23052006,2000,261854,9
23052007,2000,2000,11
23052008,2000,2000,11
23052009,2000,2000,11
23052010,2000,2000,11
23052011,2000,2000,12
23052012,2000,2000,12
23052013,2000,2000,11
23052014,2000,2000,11
23052015,2000,2000,11
23052016,2000,2000,11
23052017,2000,2000,11
23052018,2000,2000,11
23052019,2000,2000,11
23052020,1500,2000,13
23052021,1500,2000,13
23052022,1500,2000,13
23052023,1500,2000,10
23052100,1500,2000,9
23052101,1500,2000,8
23052102,1500,2000,8
23052103,1500,2000,8
23052104,1500,2000,8
23052105,1500,2000,8
23052106,1500,1500,16
23052107,1500,1500,24
23052108,1500,1500,24
23052109,1500,1500,24
23052110,1500,1500,24
23052111,1500,1500,24
23052112,1500,1500,24
23052113,1500,1500,24
23052114,1500,1500,25
23052115,1500,1500,25
23052116,1500,1500,25
23052117,1500,1500,24
23052118,1500,1500,24
23052119,1500,1500,24
23052120,1300,1500,29
23052121,499,1500,34
23052122,499,1500,32
23052123,499,1500,32
23052200,499,1500,32
23052201,499,1500,32
23052202,499,1300,50
23052203,499,1300,58
23052204,499,499,62
23052205,499,499,63
23052206,499,499,63
23052207,499,499,60
23052208,499,499,60
23052209,499,499,60
23052210,499,499,60
23052211,499,499,58
23052212,499,499,58
23052213,499,499,58
23052214,499,499,57
23052215,499,499,58
23052216,499,499,58
23052217,499,499,58
23052218,499,499,64
23052219,499,499,64
23052220,299,499,73
23052221,299,499,72
23052222,240,499,73
23052223,240,499,84
23052300,240,499,84
23052301,240,499,84
23052302,240,499,84
23052303,240,499,84
23052304,240,499,84
23052305,240,499,84
23052306,240,499,76
23052307,240,499,70
23052308,240,499,70
23052309,240,499,70
23052310,240,499,70
23052311,240,499,70
23052312,240,499,70
23052313,240,499,70
23052314,240,499,70
23052315,240,499,70
23052316,240,499,70
23052317,240,499,70
23052318,240,499,70
23052319,240,499,64
23052320,240,499,64
23052321,240,499,62
23052322,240,499,60
23052323,240,499,60
23052400,240,499,60
23052401,240,499,60
23052402,240,499,60
23052403,240,299,42
23052404,240,299,34
23052405,240,299,30
23052406,240,299,30
23052407,240,299,30
23052408,240,299,28
23052409,240,299,31
23052410,240,299,31
23052411,240,299,33
23052412,240,299,33
23052413,240,299,33
23052414,240,299,33
23052415,240,299,33
23052416,240,299,33
23052417,222,240,56
23052418,222,240,56
23052419,222,240,56
23052420,222,240,56
23052421,222,240,42
23052422,222,240,42
23052423,222,240,42
23052500,222,240,30
23052501,222,240,30
23052502,222,240,30
23052503,222,240,30
23052504,222,240,30
23052505,222,240,30
23052506,222,240,30
23052507,222,240,30
23052508,222,240,30
23052509,222,240,27
23052510,222,240,28
23052511,222,240,28
23052512,222,240,28
23052513,222,240,28
23052514,222,240,29
23052515,222,240,11
23052516,222,240,9
23052517,222,240,9
23052518,222,222,12
23052519,222,222,12
23052520,222,222,12
23052521,222,222,11
23052522,222,222,11
23052523,222,222,11
23052600,222,222,11
23052601,222,222,11
23052602,200,222,13
23052603,200,222,13
23052604,200,222,13
23052605,200,222,13
23052606,200,222,13
23052607,200,222,13
23052608,200,222,13
23052609,200,222,13
23052610,200,222,13
23052611,200,222,11
23052612,200,222,11
23052613,200,222,17
23052614,200,222,17
23052615,200,222,15
23052616,200,222,15
23052617,200,222,10
23052618,200,449900,7
23052619,200,449900,7
23052620,200,449900,7
23052621,200,225061,6
23052622,200,225061,6
23052623,200,200,8
23052700,200,200,8
23052701,200,200,8
23052702,200,225050,6
23052703,200,225050,6
23052704,200,225050,6
23052705,200,225050,6
23052706,200,225050,6
23052707,200,225050,6
23052708,200,225050,6
23052709,200,225050,6
23052710,200,225050,6
23052711,200,225050,6
23052712,200,225050,6
23052713,200,200,12
23052714,200,200,11
23052715,200,200,12
23052716,200,200,12
23052717,200,200,12
23052718,200,200,12
23052719,200,200,12
23052720,200,200,13
23052721,200,200,13
23052722,200,200,13
23052723,195,200,19
23052800,195,200,19
23052801,195,200,19
23052802,195,200,19
23052803,195,200,19
23052804,195,200,19
23052805,195,200,19
23052806,195,200,19
23052807,195,200,20
23052808,195,200,20
23052809,195,195,23
23052810,195,195,23
23052811,195,195,23
23052812,195,197,24
23052813,195,195,17
23052814,195,195,17
23052815,195,195,16
23052816,195,195,16
23052817,195,195,16
23052818,195,195,16
23052819,195,195,16
23052820,195,195,16
23052821,195,195,16
23052822,195,195,16
23052823,195,195,16
23052900,195,195,16
23052901,195,195,16
23052902,195,195,16
23052903,195,195,16
23052904,195,195,16
23052905,195,195,16
23052906,195,195,16
23052907,195,195,16
23052908,195,195,17
23052909,195,195,14
23052910,195,195,17
23052911,195,195,17
23052912,195,195,17
23052913,195,195,17
23052914,195,195,17
23052915,195,195,16
23052916,195,195,16
23052917,195,195,24
23052918,195,195,24
23052919,195,195,24
23052920,195,195,23
23052921,195,195,23
23052922,195,195,26
23052923,185,195,29
23053000,185,195,29
23053001,185,195,29
23053002,185,195,29
23053003,185,195,29
23053004,185,195,29
23053005,185,195,29
23053006,185,195,29
23053007,185,195,28
23053008,185,195,28
23053009,185,195,28
23053010,185,195,28
23053011,185,195,28
23053012,185,190,24
23053013,185,190,24
23053014,185,185,32
23053015,185,185,32
23053016,185,185,32
23053017,185,185,32
23053018,185,185,32
23053019,185,185,33
23053020,185,185,33
23053021,185,185,33
23053022,185,185,34
23053023,185,185,34
23053100,185,185,34
23053101,185,185,34
23053102,185,185,34
23053103,185,185,34
23053104,185,185,34
23053105,185,185,34
23053106,185,185,34
23053107,185,185,34
23053108,185,185,33
23053109,185,185,33
23053110,185,185,33
23053111,185,185,34
23053112,185,185,34
23053113,185,185,34
23053114,185,185,26
23053115,185,185,26
23053116,185,185,27
23053117,185,185,19
23053118,185,185,19
23053119,185,185,28
23053120,185,185,28
23053121,185,185,37
23053122,185,185,35
23053123,185,185,22
23060100,185,185,22
23060101,185,185,22
23060102,185,185,22
23060103,185,185,22
23060104,185,185,22
23060105,185,185,22
23060106,185,185,25
23060107,185,185,25
23060108,185,185,25
23060109,185,185,25
23060110,185,185,25
23060111,185,185,25
23060112,185,185,25
23060113,185,185,25
23060114,185,185,25
23060115,185,185,25
23060116,185,185,26
23060117,185,185,26
23060118,185,185,27
23060119,185,185,25
23060120,185,185,25
23060121,185,185,16
23060122,185,185,16
23060123,185,185,15
23060200,185,185,15
23060201,185,185,15
23060202,185,185,15
23060203,21200,260600,2
23060204,21200,260600,2
23060205,21200,260600,2
23060206,21200,260600,2
23060207,21200,260600,2
23060208,21200,260600,2
23060209,21200,260600,2
23060210,21200,260600,2
23060211,21200,260600,2
23060212,19567,19567,73
23060213,19567,19567,73
23060214,19567,19567,73
23060215,14317,19567,75
23060216,14317,19567,87
23060217,14317,19567,87
23060218,14317,19567,87
23060219,14317,19567,87
23060220,14317,19567,87
23060221,14317,19567,88
23060222,14317,19567,88
23060223,14317,19567,88
23060300,14317,200000,18
23060301,14317,200000,18
23060302,14317,200000,18
23060303,14317,200000,18
23060304,14317,200000,21
23060305,14317,200000,21
23060306,14317,200000,21
23060307,14317,200000,21
23060308,14317,200000,21
23060309,14317,200000,21
23060310,14317,200000,21
23060311,14317,200000,21
23060312,14317,200000,21
23060313,14317,200000,21
23060314,14317,200000,23
23060315,14317,14317,35
23060316,14317,14317,35
23060317,14317,14317,37
23060318,14317,14317,37
23060319,14317,14317,38
23060323,14317,14317,37
23060400,14317,14317,37
23060401,14317,14317,37
23060402,14317,14317,37
23060403,14317,14317,37
23060404,14317,14317,37
23060405,14317,14317,37
23060406,14317,14317,37
23060407,14317,14317,37
23060408,14317,14317,37
23060409,14317,14317,38
23060410,14317,14317,38
23060411,14317,14317,38
23060412,14300,14317,47
23060413,13333,14317,62
23060414,13333,14317,62
23060415,13333,14317,62
23060416,13333,14300,49
23060417,13333,14300,47
23060418,1080,14300,52
23060419,1080,14300,56
23060420,1080,14300,59
23060421,1080,14300,59
23060422,1080,14300,59
23060423,1080,14300,62
23060500,1080,14300,62
23060501,1080,14300,62
23060502,1080,14300,62
23060503,1080,14300,62
23060504,1080,14300,59
23060505,1080,14300,59
23060506,280,14300,61
23060507,280,14300,57
23060508,280,14300,57
23060509,280,14300,56
23060510,280,14300,56
23060511,280,14300,53
23060512,280,13333,42
23060513,280,13333,42
23060514,280,13333,41
23060515,280,13333,27
23060516,280,13333,34
23060517,280,13333,34
23060518,280,13333,32
23060519,280,13333,34
23060520,280,1080,37
23060521,280,1080,37
23060522,280,1080,37
23060523,280,1080,37
23060600,280,1080,37
23060601,280,1080,37
23060602,280,1080,37
23060603,280,280,39
23060604,280,280,39
23060605,280,280,39
23060606,280,280,39
23060607,280,280,39
23060608,280,7206,36
23060609,280,7206,36
23060610,280,7206,36
23060611,280,7206,36
23060612,280,7206,36
23060613,280,1080,35
23060614,280,280,22
23060615,280,280,21
23060616,280,280,21
23060617,280,280,21
23060618,280,280,18
23060619,280,280,17
23060620,280,280,15
23060621,449900,449900,1
23060622,449900,449900,1
23060623,12572,12572,3
23060700,12572,12572,3
23060701,12572,12572,3
23060702,12072,12072,25
23060703,12072,12072,25
23060704,12072,12072,25
23060705,12072,12072,25
23060706,12072,12072,25
23060707,12072,12072,25
23060708,12072,12072,25
23060709,12072,12072,25
23060710,12072,12072,25
23060711,12072,12072,25
23060712,12072,12072,31
23060713,12072,12072,31
23060714,12072,12072,31
23060715,12072,12072,31
23060716,12072,12072,31
23060717,12072,12072,31
23060718,12072,12072,31
23060719,12072,12072,31
23060720,12072,12072,31
23060721,10000,12072,56
23060722,10000,12072,59
23060723,10000,10000,59
23060800,10000,10000,53
23060801,7500,10000,56
23060802,2000,10000,59
23060803,2000,10000,59
23060804,2000,10000,59
23060805,2000,10000,59
23060806,2000,10000,59
23060807,2000,10000,59
23060808,2000,10000,59
23060809,2000,10000,59
23060810,2000,10000,59
23060811,2000,10000,59
23060812,1700,7500,60
23060813,1700,7500,60
23060814,1700,7500,60
23060815,1700,7500,60
23060816,1700,7500,60
23060817,1700,7500,60
23060818,1700,7500,60
23060819,25,7500,61
23060820,25,7500,61
23060821,25,7500,61
23060822,25,2000,67
23060823,25,1700,71
23060900,25,1700,71
23060901,25,1700,71
23060902,25,1700,49
23060903,25,1700,49
23060904,25,1700,49
23060905,25,1700,49
23060906,25,1700,49
23060919,9841,9841,2
23060920,5900023,5900023,1
23060921,5900023,5900023,6
23060922,5900023,5900023,5
23060923,5900023,5900023,5
23061000,5900023,5900023,5
23061001,5900023,5900023,5
23061002,5900023,5900023,5
23061003,5900023,5900023,5
23061004,5900023,5900023,5
23061005,5900023,5900023,5
23061006,5900023,5900023,5
23061007,5900023,5900023,5
23061008,5900023,5900023,5
23061009,5900023,5900023,5
23061010,5900023,5900023,5
23061011,5900023,5900023,5
23061012,500000,5900023,6
23061013,500000,5900023,6
23061014,500000,5900023,6
23061015,500000,5900023,6
23061016,1111100,5900023,6
23061017,1111100,5900023,6
23061018,1111100,5900023,7
23061019,1111100,5900023,7
23061020,1111100,5900023,7
23061021,1111100,5900023,7
23061022,1111100,5900023,7
23061023,1111100,5900023,7
23061100,1111100,5900023,7
23061101,1111100,5900023,7
23061102,1111100,5900023,7
23061103,1111100,5900023,7
23061104,1111100,5900023,7
23061105,1111100,5900023,7
23061106,1111100,5900023,7
23061107,1111100,5900023,7
23061108,1111100,5900023,7
23061109,1111100,5900023,7
23061110,1111100,5900023,7
23061111,1111100,5900023,8
23061112,1111100,5900023,8
23061113,1111100,5900023,8
23061114,1111100,5900023,8
23061115,1111100,5900023,8
23061116,1111100,5900023,8
23061117,1111100,5900023,8
23061118,1111100,5900023,8
23061119,1111100,5900023,8
23061120,1111100,5900023,8
23061121,1111100,1111100,3
23061122,1111100,1111100,3
23061123,1111100,1111100,3
23061200,1500,1111100,5
23061201,1500,1111100,5
23061202,1500,1111100,5
23061203,1500,1111100,5
23061204,1500,1111100,5
23061205,1500,1111100,5
23061206,1500,1111100,5
23061207,1500,1111100,5
23061208,1500,1111100,5
23061209,1500,1111100,5
23061210,1500,1111100,5
23061211,1500,1111100,5
23061212,1500,805550,6
23061213,1500,805550,6
23061214,1500,805550,6
23061215,1500,1500,17
23061216,1500,1500,16
23061217,1500,1500,16
23061218,1500,1500,15
23061219,1500,1500,15
23061220,1500,1500,16
23061319,1500,1500,68
23061320,1500,1500,68
23061323,1500,1500,46
23061400,1500,1500,46
23061401,1500,1500,46
23061402,1500,1500,46
23061403,1500,1500,46
23061404,1500,1500,46
23061405,1500,1500,46
23061406,1500,1500,46
23061407,1500,1500,47
23061408,1500,1500,47
23061409,1500,1500,48
23061410,1500,1500,102
23061411,1500,1500,102
23061412,1500,1500,102
23061413,1500,1500,102
23061414,1500,1500,102
23061415,1500,1500,102
23061416,1500,1500,102
23061417,1500,1500,102
23061418,1500,1500,102
23061419,1500,1500,102
23061420,1500,1500,102
23061421,1500,1500,102
23061422,1500,1500,102
23061423,1500,1500,148
23061500,1500,1500,148
23061501,1500,1500,148
23061502,1500,1500,148
23061503,1500,1500,148
23061504,1500,1500,148
23061505,1500,1500,148
23061506,1500,1500,148
23061507,1500,1500,148
23061508,1500,1500,148
23061509,1500,1500,148
23061510,1500,1500,94
23061511,1500,1500,148
23061512,1500,1500,148
23061513,1500,1500,148
23061514,1500,1500,241
23061515,1500,1500,241
23061516,1200,1200,241
23061517,1200,1200,241
23061518,1200,1200,241
23061519,1200,1200,249
23061520,1200,1200,249
23061521,1200,1200,249
23061522,1200,1200,259
23061523,1200,1200,224
23061600,1200,1200,224
23061601,1200,1200,224
23061602,1200,1200,224
23061603,1200,1200,224
23061604,1200,1200,224
23061605,1200,1200,224
23061606,1200,1200,224
23061607,1200,1200,222
23061608,1200,1200,222
23061609,1200,1200,221
23061610,1200,1200,221
23061611,1200,1200,213
23061612,1200,1200,213
23061613,1200,1200,213
23061614,1200,1200,213
23061615,1200,1200,221
23061616,1200,1200,28
23061617,1200,1200,28
23061618,1000,1000,221
23061619,1000,1000,229
23061620,1000,1000,229
23061621,1000,1000,275
23061622,1000,1000,302
23061623,1000,1000,302
23061700,1000,1000,302
23061701,1000,1000,302
23061702,1000,1000,311
23061703,1000,1000,311
23061704,1000,1000,311
23061705,1000,1000,311
23061706,1000,1000,311
23061707,1000,1000,303
23061708,1000,1000,303
23061709,1000,1000,257
23061710,1000,1000,230
23061711,1000,1000,230
23061712,1000,1000,230
23061713,1000,1000,230
23061714,1000,1000,230
23061715,1000,1000,229
23061716,1000,1000,229
23061717,1000,1000,229
23061718,1000,1000,256
23061719,1000,1000,249
23061720,1000,1000,249
23061721,800,800,249
23061722,800,800,239
23061723,800,800,236
23061800,800,800,242
23061801,800,800,242
23061802,800,800,242
23061803,800,800,242
23061804,800,800,242
23061805,800,800,242
23061806,800,800,215
23061807,800,800,215
23061808,800,800,215
23061809,800,1000,22
23061810,800,1000,22
23061811,800,1000,29
23061812,800,1000,29
23061813,800,800,57
23061814,800,800,57
23061815,800,800,50
23061816,800,800,50
23061817,800,800,60
23061818,800,800,60
23061819,800,800,60
23061820,800,800,60
23061821,800,800,60
23061822,800,800,59
23061823,800,800,59
23061900,800,800,51
23061901,800,800,56
23061902,800,800,47
23061903,800,800,47
23061904,800,800,47
23061905,800,800,47
23061906,800,800,47
23061907,800,800,47
23061908,800,800,47
23061909,800,800,47
23061910,800,800,54
23061911,800,800,54
23061912,800,800,54
23061913,800,800,53
23061914,800,800,54
23061915,800,800,54
23061916,800,800,54
23061917,800,800,54
23061918,800,800,74
23061919,800,800,84
23061920,800,800,84
23061921,800,800,84
23061922,800,800,90
23061923,800,800,92
23062000,800,800,86
23062001,800,800,93
23062002,800,800,93
23062003,800,800,93
23062004,800,800,93
23062005,800,800,93
23062006,800,800,93
23062007,800,800,93
23062008,800,800,93
23062009,800,800,93
23062010,800,800,93
23062011,800,800,86
23062014,23,23,7
23062015,75323,75323,1
23062016,450000,450000,2
23062017,450000,450000,2
23062018,450000,450000,2
23062019,450000,450000,2
23062020,10000,10000,9
23062021,10000,10000,9
23062022,10000,10000,9
23062023,10000,10000,9
23062100,10000,10000,9
23062101,10000,10000,9
23062102,10000,10000,9
23062103,10000,10000,9
23062104,10000,10000,9
23062105,10000,10000,9
23062106,10000,10000,9
23062107,10000,10000,9
23062108,10000,10000,9
23062109,10000,10000,9
23062110,10000,10000,9
23062111,10000,10000,9
23062112,10000,10000,9
23062113,10000,10000,9
23062114,10000,10000,9
23062115,10000,10000,9
23062116,10000,10000,9
23062117,10000,10000,9
23062118,10000,10000,9
23062119,10000,10000,9
23062120,10000,10000,8
23062121,10000,10000,8
23062122,10000,10000,8
23062123,10000,10000,8
23062200,10000,10000,8
23062201,10000,10000,8
23062202,10000,10000,8
23062203,10000,10000,9
23062204,10000,10000,28
23062205,10000,10000,28
23062206,10000,10000,28
23062207,10000,10000,28
23062208,10000,10000,28
23062209,10000,10000,28
23062210,10000,10000,28
23062211,10000,10000,28
23062212,10000,10000,28
23062213,10000,10000,28
23062214,10000,10000,28
23062215,10000,10000,28
23062216,10000,10000,7
23062217,8500,10000,12
23062218,8500,10000,12
23062219,8500,10000,12
23062220,8500,8500,6
23062221,8500,8500,6
23062222,8500,8500,6
23062223,8500,8500,6
23062300,8500,8500,6
23062301,8500,8500,6
23062302,8500,8500,6
23062303,8500,8500,6
23062304,8500,8500,6
23062305,8500,8500,6
23062306,8500,8500,6
23062307,8500,8500,6
23062308,8500,8500,6
23062309,8500,8500,6
23062310,8500,8500,6
23062311,8500,8500,6
23062312,8500,8500,6
23062313,8500,8500,6
23062314,8500,8500,6
23062315,8500,8500,6
23062316,8500,8500,6
23062317,10000,10000,1
23062318,10000,10000,1
23062319,10000,10000,1
23062320,10000,10000,22
23062321,10000,10000,22
23062322,10000,10000,23
23062323,10000,10000,23
23062400,10000,10000,23
23062401,10000,10000,24
23062402,10000,10000,29
23062403,10000,10000,28
23062404,10000,10000,28
23062405,10000,10000,28
23062406,10000,10000,28
23062407,10000,10000,28
23062408,10000,10000,28
23062409,10000,10000,28
23062410,10000,10000,28
23062411,10000,10000,29
23062412,10000,10000,29
23062413,10000,10000,29
23062414,10000,10000,29
23062415,10000,10000,33
23062416,10000,10000,33
23062417,10000,10000,33
23062418,10000,10000,34
23062419,10000,10000,34
23062420,10000,10000,34
23062421,10000,10000,42
23062422,7500,10000,43
23062423,444,10000,48
23062500,444,10000,48
23062501,444,10000,48
23062502,444,10000,48
23062503,444,10000,48
23062504,444,10000,48
23062505,444,10000,48
23062506,444,10000,48
23062507,444,10000,48
23062508,444,10000,48
23062509,444,10000,48
23062510,444,10000,48
23062511,7500,10000,42
23062512,7500,10000,42
23062513,7500,10000,42
23062514,7500,10000,42
23062515,7500,10000,42
23062516,7500,10000,42
23062517,7500,10000,42
23062518,7500,10000,42
23062519,7500,10000,42
23062520,7500,10000,21
23062521,7500,10000,20
23062522,7500,10000,20
23062523,7500,10000,20
23062600,7500,10000,20
23062601,7500,10000,19
23062602,7500,10000,14
23062603,7500,10000,14
23062604,7500,10000,15
23062605,7500,10000,15
23062606,7500,10000,15
23062607,7500,10000,15
23062608,7500,10000,15
23062609,7500,10000,15
23062610,7500,10000,15
23062615,7500,10000,13
23062616,7500,10000,13
23062617,7500,10000,13
23062618,7500,10000,13
23062620,444,444,5
23062623,444,444,10
23062700,444,444,10
23062701,444,444,10
23062702,444,444,10
23062703,444,444,10
23062704,444,444,10
23062705,444,444,10
23062706,444,444,10
23062707,444,444,10
23062708,444,444,5
23062709,422,444,7
23062710,422,444,7
23062711,422,444,6
23062712,422,444,6
23062723,5000,5000,5
23062800,5000,5000,5
23062801,5000,5000,5
23062802,5000,5000,5
23062803,5000,5000,5
23062804,5000,5000,5
23062805,5000,5000,5
23062806,5000,5000,5
23062807,5000,5000,5
23062808,5000,5000,5
23062809,5000,5000,5
23062810,5000,5000,5
23062820,5000,5000,5
23062821,5000,5000,7
23062822,5000,5000,7
23062823,5000,5000,27
23062900,5000,5000,27
23062916,23,23,1
23062917,10000023,10000023,1
23062918,10000023,10000023,1
23062919,10000023,10000023,1
23062920,10000023,10000023,1
23062921,10000023,10000023,1
23062922,10000023,10000023,1
23062923,10000023,10000023,1
23063000,10000023,10000023,1
23063001,10000023,10000023,1
23063002,10000023,10000023,1
23063003,10000023,10000023,1
23063004,10000023,10000023,1
23063005,10000023,10000023,1
23063006,10000023,10000023,1
23063007,10000023,10000023,1
23063008,10000023,10000023,1
23063009,20023,20023,6
23063010,20023,20023,7
23063011,20023,20023,7
23063012,20023,20023,8
23063013,20023,20023,9
23063014,20023,20023,14
23063015,20023,20023,14
23063016,20023,20023,14
23063017,20023,20023,14
23063018,20023,20023,14
23063019,20023,20023,15
23063020,20023,20023,15
23063021,20023,20023,16
23063022,20023,20023,16
23063023,20023,20023,16
23070100,20023,20023,16
23070101,20023,20023,16
23070102,20023,20023,16
23070103,20023,20023,16
23070104,11100,20023,17
23070105,11100,20023,17
23070106,11100,20023,17
23070107,11100,20023,17
23070108,11100,20023,17
23070109,5000,20023,18
23070110,5000,20023,17
23070111,5000,20023,18
23070112,5000,20023,18
23070113,5000,20023,18
23070114,5000,20023,18
23070115,5000,20023,18
23070116,5000,20023,18
23070117,5000,20023,17
23070118,5000,20023,17
23070119,5000,20023,17
23070120,5000,20023,17
23070121,5000,20023,17
23070122,5000,20023,17
23070123,5000,20023,17
23070200,5000,20023,17
23070201,5000,20023,17
23070202,5000,20023,17
23070203,5000,20023,17
23070204,5000,20023,17
23070205,5000,20023,17
23070206,5000,20023,17
23070207,5000,20023,18
23070208,5000,20023,18
23070209,5000,20023,13
23070210,5000,20023,13
23070211,5000,20023,12
23070212,2500,15561,16
23070213,2500,2500,28
23070214,2500,2500,27
23070215,2500,2500,27
23070216,2500,2500,27
23070217,2500,2500,27
23070218,2500,2500,27
23070219,2000,2500,29
23070220,2000,2500,29
23070221,2000,2500,28
23070222,2000,2500,28
23070223,2000,2500,28
23070300,2000,2500,28
23070301,2000,2500,28
23070302,2000,2500,28
23070303,2000,2500,28
23070304,2000,2500,27
23070305,2000,2500,27
23070306,2000,2500,27
23070307,2000,2500,27
23070308,2000,2500,27
23070309,2000,2500,27
23070310,2000,2500,36
23070311,2000,2500,36
23070312,2000,2500,36
23070313,2000,2000,23
23070314,2000,2000,23
23070315,2000,2000,36
23070316,2000,2000,37
23070317,2000,2000,37
23070318,2000,2000,37
23070319,2000,2000,37
23070320,2000,2000,37
23070321,2000,2000,37
23070322,999,2000,41
23070323,999,2000,41
23070400,999,2000,41
23070401,999,2000,41
23070402,999,2000,41
23070403,999,2000,41
23070404,999,2000,41
23070405,999,2000,41
23070406,999,2000,41
23070407,999,2000,40
23070408,999,2000,40
23070409,999,2000,39
23070410,999,2000,39
23070411,999,2000,36
23070412,999,2000,36
23070413,999,2000,31
23070414,999,2000,27
23070415,999,2000,27
23070416,999,2000,31
23070417,999,2000,31
23070418,900,2000,34
23070419,900,2000,31
23070420,900,2000,32
23070421,900,2000,32
23070422,900,2000,32
23070423,900,2000,32
23070500,23,23,1
23070505,923,923,9
23070506,923,923,9
23070507,923,923,9
23070508,500,923,16
23070509,500,923,16
23070510,500,923,16
23070511,500,923,16
23070512,500,923,16
23070513,500,923,16
23070514,500,923,16
23070515,500,923,16
23070516,500,923,16
23070517,500,923,16
23070518,500,923,16
23070519,500,923,16
23070520,500,923,16
23070521,500,923,16
23070522,500,923,17
23070523,500,923,17
23070600,500,923,17
23070601,500,923,17
23070602,500,923,18
23070603,500,923,18
23070604,500,923,18
23070605,500,923,18
23070606,500,923,19
23070607,500,923,19
23070608,500,500,19
23070609,500,500,19
23070610,500,500,19
23070611,500,500,19
23070612,500,500,19
23070613,500,500,19
23070614,500,500,19
23070615,500,500,19
23070616,500,500,19
23070617,500,500,19
23070618,500,500,19
23070619,500,500,19
23070620,500,500,22
23070621,500,500,22
23070622,400,500,32
23070623,400,500,36
23070700,400,500,36
23070701,400,500,36
23070702,400,500,36
23070703,400,500,36
23070704,400,500,36
23070705,400,400,27
23070706,400,400,27
23070707,400,400,27
23070718,5023,5023,8
23070719,5023,5023,8
23070720,5023,5023,8
23070721,5023,5023,8
23070722,5023,5023,8
23070723,5023,5023,8
23070800,5023,5023,8
23070801,5023,5023,8
23070802,5023,5023,8
23070803,5023,5023,8
23070804,5023,5023,8
23070805,5023,5023,8
23070806,5023,5023,8
23070807,5023,5023,8
23070808,5023,5023,8
23070809,5023,5023,8
23070810,5023,5023,8
23070811,5023,5023,8
23070812,5023,5023,8
23070813,5023,5023,8
23070814,5023,5023,8
23070815,5023,5023,8
23070816,5023,5023,8
23070817,5023,5023,8
23070819,5023,5023,9
23070820,5023,5023,16
23070821,5023,5023,16
23070822,5023,5023,16
23070906,23,23,2
23070907,23,23,2
23070908,23,23,2
23070909,23,23,1
23070910,23,23,1
23070913,50,50,8
23070914,50,50,8
23070915,50,50,8
23070916,50,50,8
23070917,50,50,8
23070918,50,50,8
23070919,50,50,8
23070920,50,50,8
23070922,6000023,6000023,1
23071014,23,23,5
23071015,23,23,8
23071209,9023,9023,1
23071210,9023,9023,1
23071211,9023,9023,1
23071212,5500,7261,2
23071213,5500,7261,2
23071214,5500,7261,2
23071215,5500,7261,2
23071216,5500,7261,2
23071217,5500,7261,2
23071218,5500,7261,2
23071219,5500,7261,2
23071220,5500,7261,2
23071221,5500,7261,2
23071222,5500,7261,2
23071223,5500,5500,4
23071300,5500,5500,4
23071301,5500,5500,4
23071302,5500,5500,4
23071303,5500,5500,4
23071304,5500,5500,4
23071305,5500,5500,4
23071306,5500,5500,4
23071307,5500,5500,4
23071308,5500,5500,4
23071309,5500,5500,4
23071310,5500,5500,4
23071311,5500,5500,4
23071312,5500,5500,4
23071313,5500,5500,4
23071314,5500,5500,4
23071315,5023,5023,1
23071316,5023,5023,1
23071317,5023,5023,1
23071318,5023,5023,1
23071319,5023,5023,1
23071322,1023,1023,1
23071323,1023,1023,1
23071400,1023,1023,1
23071401,1023,1023,1
23071402,1000,1000,8
23071403,1000,1000,8
23071404,1000,1000,8
23071405,1000,1000,8
23071406,1000,1000,8
23071407,1000,1000,8
23071408,1000,1000,8
23071409,1000,1000,8
23071410,1000,1000,8
23071411,1000,1000,8
23071412,1000,1000,8
23071413,1000,1000,8
23071414,1023,1023,1
23071415,1023,1023,1
23071416,1023,1023,1
23071417,1023,1023,1
23071418,1023,1023,1
23071419,1023,1023,1
23071420,1023,1023,1
23071421,1023,1023,1
23071422,1023,1023,1
23071423,1023,1023,30
23071500,1023,1023,30
23071501,1023,1023,30
23071502,1023,1023,30
23071503,1023,1023,30
23071504,1000,1023,37
23071505,1000,1023,37
23071506,1000,1023,37
23071507,1000,1023,37
23071508,1000,1023,37
23071509,1000,1023,37
23071510,1000,1023,37
23071511,1000,1023,37
23071512,1000,1023,37
23071513,1023,1023,1
23071514,1023,1023,1
23071515,1023,1023,1
23071516,1023,1023,1
23071517,1023,1023,1
23071518,1023,1023,1
23071519,1023,1023,1
23071520,1023,1023,1
23071521,1023,1023,1
23071605,2523,2523,33
23071606,2523,2523,33
23071607,2523,2523,33
23071608,2523,2523,34
23071609,2523,2523,34
23071610,2523,2523,34
23071611,2523,2523,34
23071612,2523,2523,34
23071613,2523,2523,35
23071614,2523,2523,39
23071615,2523,2523,39
23071616,2523,2523,39
23071617,2523,2523,39
23071618,2523,2523,39
23071619,2523,2523,39
23071620,2523,2523,39
23071621,2523,2523,39
23071622,2523,2523,39
23071623,2523,2523,39
23071700,2523,2523,39
23071701,2523,2523,39
23071702,2523,2523,39
23071703,2523,2523,39
23071704,2523,2523,39
23071705,2523,2523,40
23071706,2523,2523,40
23071707,2523,2523,40
23071708,2523,2523,45
23071709,2523,2523,45
23071710,2523,2523,46
23071711,2523,2523,46
23071712,2523,2523,46
23071713,2523,2523,46
23071714,2523,2523,46
23071715,2523,2523,46
23071716,2523,2523,46
23071717,2523,2523,46
23071718,2523,2523,49
23071719,2523,2523,49
23071720,2523,2523,49
23071721,2523,2523,57
23071722,2523,2523,57
23071723,2523,2523,68
23071800,2523,2523,68
23071801,2523,2523,68
23071802,2523,2523,82
23071803,2523,2523,82
23071804,2523,2523,82
23071812,523,2523,49
23071813,523,2523,50
23071814,523,2523,50
23071815,523,2523,46
23071816,523,2523,46
23071817,523,2523,46
23071818,523,2523,43
23071819,523,2523,44
23071820,522,2523,51
23071821,522,2523,51
23071822,522,2523,51
23071823,522,2523,51
23071900,522,2523,51
23071901,522,2523,51
23071902,522,2523,51
23071903,522,2523,51
23071904,522,2523,51
23071905,500,2523,52
23071906,500,2523,52
23071907,500,2523,52
23071908,500,2523,46
23071909,500,2523,46
23071910,500,2523,45
23071911,500,2523,45
23071912,500,2523,45
23071913,500,2523,45
23071914,500,2523,45
23071915,500,2523,45
23071916,500,2523,45
23071917,500,2523,45
23071918,500,2523,60
23071919,500,1523,74
23071920,500,522,80
23071921,500,500,72
23071922,500,500,72
23071923,500,500,62
23072000,500,500,62
23072002,1523,1523,1
23072003,1523,1523,1
23072004,1523,1523,1
23072005,1523,1523,1
23072006,914,914,12
23072007,914,914,12
23072008,914,914,12
23072009,914,914,12
23072010,914,914,12
23072011,914,914,12
23072012,914,914,12
23072013,914,914,12
23072014,914,914,12
23072015,914,914,20
23072016,914,914,20
23072021,23,23,1
23072022,23,23,1
23072023,23,23,1
23072100,23,23,1
23072101,23,23,1
23072102,23,23,1
23072116,500023,500023,1
23072117,500023,500023,1
23072118,500023,500023,1
23072119,500023,500023,1
23072120,500023,500023,1
23072121,500023,500023,1
23072122,500023,500023,1
23072123,500023,500023,1
23072200,500023,500023,1
23072201,500023,500023,3
23072202,500023,500023,3
23072203,500023,500023,3
23072204,500023,500023,3
23072205,500023,500023,3
23072206,500023,500023,3
23072208,500023,500023,3
23072209,500023,500023,3
23072210,500023,500023,3
23072211,500023,500023,3
23072212,500023,500023,3
23072213,500023,500023,3
23072214,500023,500023,3
23072215,500023,500023,3
23072216,500023,500023,3
23072217,500023,500023,3
23072218,500023,500023,3
23072219,500023,500023,3
23072220,500023,500023,6
23072221,500023,500023,6
23072222,500023,500023,6
23072223,500023,500023,6
23072300,500023,500023,6
23072301,500023,500023,6
23072302,500023,500023,6
23072303,500023,500023,6
23072304,500023,500023,6
23072305,500023,500023,6
23072306,500023,500023,6
23072307,500023,500023,6
23072308,500023,500023,6
23072309,500023,500023,6
23072310,500023,500023,6
23072311,500023,500023,11
23072312,500023,500023,12
23072313,500023,500023,12
23072314,500023,500023,12
23072315,500023,500023,11
23072316,500001,500023,24
23072317,500001,500023,24
23072318,500001,500023,24
23072319,500001,500023,24
23072320,100001,500023,25
23072321,100001,500023,26
23072322,100001,500023,26
23072323,100001,500023,26
23072400,100001,500023,26
23072401,100001,500023,24
23072402,100001,500023,24
23072403,100001,500023,24
23072404,100001,500023,24
23072405,100001,500023,24
23072406,100001,500023,24
23072407,100001,500023,24
23072408,100001,500023,24
23072409,100001,500023,24
23072410,100001,500023,24
23072411,100001,500001,19
23072412,100001,500001,19
23072413,100001,500001,19
23072414,100001,500001,28
23072415,100001,500001,28
23072416,100001,300001,24
23072417,50001,50001,85
23072418,50001,50001,85
23072419,50001,50001,85
23072420,50001,50001,81
23072421,4436,50001,85
23072422,4436,50001,85
23072423,4436,50001,85
23072500,4436,50001,85
23072501,4436,50001,85
23072502,4436,4436,85
23072503,4436,4436,118
23072504,4436,4436,118
23072505,4436,4436,118
23072506,4436,4436,118
23072507,4436,4436,57
23072508,4436,4436,57
23072509,4436,4436,57
23072510,4436,4436,57
23072511,4436,4436,53
23072512,4436,4436,52
23072513,4436,4436,58
23072514,4436,4436,58
23072515,4436,4436,58
23072516,4436,4436,50
23072517,4436,4436,50
23072518,4426,4436,54
23072519,4426,4436,54
23072520,4426,4436,54
23072521,4426,4436,64
23072522,4426,4436,63
23072523,4426,4436,63
23072600,4426,4436,63
23072601,4426,4436,63
23072602,4426,4436,63
23072603,4426,4436,63
23072604,4426,4436,63
23072605,4426,4436,63
23072606,4400,4436,67
23072607,4400,4436,67
23072608,4400,4436,67
23072609,4400,4436,67
23072610,4400,4436,57
23072611,4400,4436,57
23072612,4400,4436,57
23072613,4400,4436,48
23072614,4400,4436,48
23072615,4400,4436,48
23072616,4400,4436,47
23072617,4400,4436,62
23072618,3194,4436,66
23072619,3194,4436,66
23072620,4400,4436,63
23072621,3194,4436,72
23072622,3194,4436,72
23072623,3094,3194,134
23072700,3094,3194,134
23072701,3094,3194,134
23072702,3094,3194,134
23072703,3094,3094,101
23072704,3094,3094,101
23072705,3094,3094,91
23072706,3094,3094,91
23072707,3094,3094,91
23072708,3094,3094,91
23072709,3094,3094,91
23072710,3094,3094,91
23072711,3094,3094,91
23072712,3094,3094,86
23072713,3094,3094,85
23072714,3094,3094,85
23072715,3094,3094,85
23072716,3094,3094,85
23072717,3094,3094,101
23072718,3094,3094,101
23072719,3094,3094,101
23072720,3084,3094,104
23072721,3084,3094,104
23072722,3084,3094,104
23072723,3084,3094,42
23072800,1620,1620,104
23072801,1620,1620,104
23072802,1620,1620,104
23072803,1620,1620,155
23072805,1620,1620,134
23072806,1600,1620,134
23072807,1600,1620,134
23072808,1600,1620,131
23072809,1600,1620,131
23072810,1600,1620,131
23072811,1600,1620,131
23072812,1600,1620,131
23072813,1600,1620,131
23072814,1600,1620,131
23072815,1600,1620,131
23072816,1600,1620,152
23072817,1600,1620,152
23072818,1600,1620,151
23072819,1590,1620,154
23072820,1590,1620,154
23072821,1590,1620,145
23072822,1590,1620,145
23072823,1590,1620,145
23072900,1590,1620,83
23072901,1590,1620,83
23072902,1590,1620,83
23072903,1590,1620,83
23072904,1590,2352,62
23072905,1590,2352,62
23072906,1590,2352,62
23072907,1600,3084,59
23072908,1600,3084,59
23072909,1600,1620,80
23072910,1600,1620,80
23072911,1600,1620,80
23072912,1600,1620,80
23072913,1600,1620,80
23072914,1600,1620,80
23072915,1600,1620,85
23072916,1600,1620,85
23072917,1600,1620,85
23072918,1600,1620,85
23072919,1600,1620,85
23072920,1500,1600,131
23072921,1500,1600,131
23072922,1500,1600,110
23072923,1500,1500,131
23073000,1500,1500,131
23073001,1500,1500,131
23073002,1500,1500,131
23073003,1400,1500,78
23073004,1400,1500,78
23073005,1400,1500,78
23073006,1300,1500,78
23073007,1300,1500,78
23073008,1300,1500,79
23073009,1300,1500,79
23073010,1300,1500,79
23073011,1300,1500,58
23073012,1300,1500,58
23073013,1300,1500,58
23073014,1300,1500,58
23073015,1300,1300,109
23073016,1300,1300,118
23073017,1300,1300,147
23073018,1300,1300,147
23073019,1300,1300,147
23073020,1300,1300,147
23073021,1300,1300,147
23073022,1300,1300,147
23073023,1300,1300,147
23073100,1300,1300,147
23073101,1300,1300,147
23073102,1300,1300,147
23073103,1300,1300,147
23073104,1300,1300,148
23073105,1300,1300,119
23073106,1300,1300,119
23073107,1300,1300,119
23073108,1300,1300,119
23073109,1300,1300,119
23073110,1300,1300,119
23073111,1300,1300,119
23073112,1300,1300,131
23073113,1300,1300,131
23073114,1300,1300,131
23073115,1300,1300,131
23073116,1300,1300,130
23073117,1300,1300,130
23073118,1300,1300,130
23073119,1300,1300,130
23073120,1300,1300,84
23073121,1000,1300,130
23073122,1000,1300,134
23073123,1000,1300,134
23080100,1000,1300,134
23080101,1000,1300,134
23080102,1000,1300,134
23080103,1000,1300,131
23080104,1000,1300,131
23080105,1000,1300,131
23080106,1000,1300,123
23080107,1000,1300,123
23080108,1000,1300,122
23080109,1000,1300,122
23080110,1000,1300,122
23080111,1000,1300,118
23080112,1000,1300,118
23080113,1000,1300,118
23080114,1000,1300,118
23080115,1000,1000,67
23080116,1000,1000,120
23080117,900,1000,130
23080118,900,1000,130
23080119,899,900,131
23080120,899,900,131
23080121,899,900,131
23080122,899,899,142
23080123,899,899,142
23080209,500,899,183
23080210,500,899,183
23080211,500,899,183
23080212,500,899,184
23080213,500,899,172
23080214,500,899,223
23080215,500,899,223
23080216,500,899,223
23080217,500,899,223
23080218,500,899,223
23080219,500,599,165
23080220,500,599,165
23080221,500,500,127
23080222,500,500,116
23080223,500,500,116
23080300,500,500,116
23080301,500,500,116
23080302,500,500,65
23080303,500,500,65
23080304,500,500,65
23080305,500,500,65
23080306,500,500,65
23080307,500,500,65
23080308,500,500,65
23080309,500,500,65
23080310,500,500,65
23080311,500,500,65
23080312,500,500,70
23080313,500,500,70
23080314,500,500,70
23080315,500,500,70
23080316,200,900,125
23080317,200,899,116
23080318,200,899,116
23080319,200,599,111
23080320,200,599,111
23080321,200,1000,103
23080322,200,1000,106
23080323,200,1000,106
23080400,200,599,118
23080401,200,599,118
23080402,200,599,117
23080403,200,599,117
23080404,200,599,117
23080405,200,599,117
23080406,200,1000,85
23080407,200,1000,77
23080408,200,1000,77
23080409,200,1000,77
23080410,200,1000,74
23080411,200,1000,74
23080412,200,1000,73
23080413,200,1000,74
23080414,200,1000,74
23080415,200,1000,74
23080416,100,750,106
23080417,100,750,106
23080418,100,750,106
23080419,100,750,106
23080420,100,750,106
23080421,100,750,106
23080422,100,750,106
23080423,100,750,106
23080500,100,750,106
23080501,100,750,106
23080502,100,750,106
23080503,100,750,106
23080504,100,750,106
23080505,100,750,106
23080506,100,750,106
23080507,100,750,106
23080508,100,500,107
23080509,100,500,107
23080510,100,500,107
23080511,100,500,107
23080512,100,200,110
23080513,100,500,115
23080514,100,500,115
23080515,70,200,118
23080516,70,100,63
23080517,70,100,63
23080518,1500,1500,66
23080519,1500,1500,118
23080520,1500,1500,118
23080521,1500,1500,118
23080522,1490,1500,119
23080523,1490,1500,119
23080600,1490,1500,119
23080601,190,1500,122
23080602,190,1500,122
23080603,190,1500,122
23080604,190,1500,122
23080605,190,1500,122
23080606,190,1500,122
23080607,190,1500,122
23080608,190,1500,122
23080609,190,1500,122
23080610,190,1500,122
23080611,190,1500,122
23080612,190,1500,122
23080613,190,1500,122
23080614,190,1500,122
23080615,190,1500,122
23080616,190,1500,122
23080617,190,1500,122
23080618,190,1500,123
23080619,190,1500,123
23080620,190,1500,123
23080621,190,1500,123
23080622,190,1500,123
23080623,190,1500,123
23080700,190,1500,126
23080701,190,1500,126
23080702,190,1500,126
23080703,190,1500,126
23080704,190,1500,126
23080705,190,1500,126
23080706,190,1500,126
23080707,190,1500,126
23080708,190,1500,126
23080709,190,1500,127
23080710,150,1500,129
23080711,150,1500,130
23080712,150,1500,127
23080713,150,1500,128
23080714,150,1500,128
23080715,150,1500,128
23080716,150,1500,128
23080717,150,1500,128
23080718,150,1500,62
23080719,150,190,10
23080720,150,190,10
23080722,150,190,9
23080723,150,150,18
23080800,150,150,18
23080801,150,150,15
23080802,150,150,15
23080803,150,150,15
23080804,150,150,15
23080805,150,150,16
23080806,150,150,16
23080807,150,150,16
23080808,150,150,23
23080809,150,150,23
23080810,150,150,23
23080811,150,150,23
23080812,150,150,23
23080813,150,150,75
23080814,150,150,75
23080815,150,150,75
23080816,150,150,77
23080817,150,150,80
23080818,150,150,80
23080819,150,150,79
23080820,150,150,81
23080821,150,150,81
23080822,150,150,81
23080823,150,150,81
23080900,150,150,84
23080901,150,150,84
23080902,150,150,84
23080903,150,150,84
23080904,150,150,84
23080905,150,150,84
23080906,150,150,84
23080907,150,150,84
23080908,150,150,84
23080909,150,150,84
23080910,150,150,83
23080911,150,150,83
23080912,100,150,82
23080913,100,150,92
23080914,100,150,92
23080915,100,150,92
23080916,100,150,93
23080917,100,150,93
23080918,100,150,93
23080919,100,150,93
23080920,100,150,91
23080921,100,150,91
23080922,100,150,91
23080923,100,150,97
23081000,100,150,88
23081001,100,150,88
23081002,100,150,88
23081003,100,150,88
23081004,100,150,88
23081005,100,150,87
23081006,100,150,88
23081007,100,150,88
23081008,100,150,88
23081009,100,150,86
23081010,100,150,86
23081011,100,150,86
23081012,100,150,86
23081013,100,150,34
23081014,100,150,33
23081015,100,150,33
23081016,100,150,31
23081017,100,309,28
23081018,100,309,28
23081019,100,309,28
23081020,100,309,28
23081021,100,309,28
23081022,100,309,28
23081023,100,500,29
23081100,100,500,29
23081101,100,100,87
23081102,100,100,87
23081103,100,100,93
23081104,100,100,93
23081105,100,100,93
23081106,100,100,93
23081107,100,100,93
23081108,100,100,93
23081109,100,100,93
23081110,100,100,93
23081111,100,100,91
23081112,100,100,88
23081113,100,300,26
23081114,100,300,26
23081115,100,300,26
23081116,99,100,38
23081117,99,100,38
23081118,99,100,38
23081119,99,100,38
23081120,99,100,38
23081121,99,100,38
23081122,99,100,38
23081123,99,100,31
23081200,99,100,31
23081201,99,100,31
23081202,99,100,31
23081203,99,100,25
23081204,99,100,25
23081205,99,100,25
23081206,99,100,24
23081207,99,100,24
23081208,99,100,24
23081209,99,100,19
23081210,99,100,19
23081211,99,100,19
23081212,99,100,19
23081213,99,100,19
23081214,99,100,19
23081215,99,100,29
23081216,99,100,31
23081217,99,100,31
23081218,90,99,56
23081219,90,99,56
23081220,90,99,56
23081221,90,99,66
23081222,90,99,66
23081223,90,99,66
23081300,90,99,67
23081301,90,99,61
23081302,90,99,61
23081303,90,99,61
23081304,90,99,61
23081305,90,99,61
23081306,90,99,61
23081307,90,99,61
23081308,90,99,61
23081309,90,99,61
23081310,80,99,64
23081311,80,99,64
23081312,80,99,73
23081313,80,99,73
23081314,80,99,73
23081315,80,99,68
23081316,80,99,66
23081317,80,90,57
23081318,80,90,69
23081319,80,90,69
23081320,80,90,69
23081321,80,90,69
23081322,80,90,79
23081323,80,90,79
23081400,80,90,76
23081401,80,80,100
23081402,80,80,100
23081403,80,80,101
23081404,80,80,101
23081405,80,80,101
23081406,80,80,101
23081407,80,80,101
23081408,80,80,101
23081409,80,80,101
23081410,80,80,101
23081411,80,80,101
23081412,80,80,101
23081413,80,80,98
23081414,80,80,98
23081415,80,80,93
23081416,80,80,93
23081417,80,80,91
23081418,80,80,76
23081419,80,80,83
23081420,80,80,83
23081421,80,80,81
23081422,80,80,76
23081423,80,80,76
23081500,80,80,84
23081501,80,80,84
23081502,80,80,84
23081503,80,80,84
23081504,80,80,84
23081505,80,80,84
23081506,80,80,79
23081507,80,80,79
23081508,79,80,80
23081509,79,80,80
23081510,79,80,80
23081511,79,80,80
23081512,79,80,68
23081513,79,80,73
23081514,79,80,74
23081515,79,80,74
23081516,79,80,73
23081517,79,80,56
23081518,79,80,51
23081519,79,80,61
23081520,79,80,61
23081521,79,80,68
23081522,79,79,74
23081523,79,79,69
23081600,79,79,48
23081601,79,79,48
23081602,79,79,47
23081603,79,79,47
23081604,79,79,47
23081605,79,79,47
23081606,79,79,47
23081607,79,79,46
23081608,79,79,46
23081609,79,79,46
23081610,77,79,49
23081611,77,79,49
23081612,77,79,54
23081613,77,79,49
23081614,77,79,54
23081615,77,79,53
23081616,77,79,53
23081617,77,79,53
23081618,77,79,53
23081619,77,79,41
23081620,77,79,37
23081621,77,77,50
23081622,77,77,50
23081623,77,77,49
23081700,77,77,48
23081701,77,77,49
23081702,77,77,49
23081703,77,77,49
23081704,77,77,49
23081705,77,77,49
23081706,77,77,50
23081707,77,77,50
23081708,77,77,50
23081709,72,77,57
23081710,72,77,58
23081711,24,77,59
23081712,24,77,59
23081713,22,77,62
23081714,22,77,56
23081715,22,77,56
23081716,22,77,56
23081717,22,77,56
23081718,22,77,56
23081719,22,77,64
23081720,22,77,73
23081721,22,72,52
23081722,22,22,61
23081800,22,22,58
23081801,22,22,58
23081802,22,22,58
23081803,22,22,58
23081804,22,22,58
23081805,22,22,58
23081806,22,22,58
23081807,22,23,52
23081808,22,48,44
23081809,22,48,44
23081810,22,22,53
23081811,22,22,53
23081812,22,22,53
23081813,22,22,53
23081814,22,22,54
23081815,22,22,54
23081816,20,22,57
23081817,20,22,57
23081818,20,22,57
23081819,20,22,55
23081919,16,22,55
23081920,16,22,54
23081921,16,22,54
23081922,16,20,54
23081923,16,20,53
23082000,16,20,53
23082001,16,20,53
23082002,16,20,59
23082003,16,20,59
23082004,16,20,59
23082005,16,20,59
23082006,16,20,59
23082007,16,20,59
23082008,16,20,59
23082009,16,20,59
23082010,16,16,47
23082011,16,16,50
23082012,16,17,52
23082013,16,17,52
23082014,16,17,52
23082015,16,17,52
23082016,16,16,49
23082017,16,20,64
23082018,16,20,64
23082019,16,20,70
23082020,16,20,70
23082021,16,20,68
23082022,16,20,73
23082023,12,16,72
23082100,15,16,70
23082101,15,16,70
23082102,15,16,70
23082103,15,16,70
23082104,15,16,70
23082105,15,16,70
23082106,15,16,70
23082107,15,16,69
23082108,15,16,69
23082109,15,16,69
23082110,15,16,69
23082111,15,16,72
23082112,15,16,72
23082113,15,16,72
23082114,15,16,72
23082115,15,16,73
23082116,15,16,57
23082117,15,16,57
23082118,15,16,57
23082119,15,16,56
23082120,15,16,56
23082121,15,16,57
23082122,15,16,42
23082123,15,16,42
23082200,15,16,46
23082201,15,16,46
23082202,15,450,40
23082203,15,450,40
23082204,15,450,40
23082205,15,450,40
23082206,15,450,40
23082207,15,450,40
23082208,15,450,40
23082209,15,450,40
23082210,15,450,40
23082211,15,450,40
23082212,15,450,40
23082213,15,16,45
23082214,15,16,45
23082215,15,16,45
23082216,15,16,45
23082217,15,16,49
23082218,15,16,49
23082219,15,16,34
23082220,15,15,28
23082221,15,15,28
23082222,15,15,28
23082223,15,450,40
23082300,15,450,40
23082301,15,450,37
23082302,15,450,84
23082303,15,450,84
23082304,15,450,84
23082305,15,450,84
23082306,15,450,84
23082307,15,450,84
23082308,15,450,84
23082309,15,450,84
23082310,15,450,84
23082311,15,450,84
23082312,15,450,81
23082313,15,450,81
23082314,15,450,34
23082315,15,450,34
23082316,15,450,33
23082317,15,450,37
23082318,15,450,37
23082319,15,450,37
23082320,15,450,37
23082321,15,450,40
23082322,15,450,39
23082323,15,450,39
23082400,15,450,39
23082401,15,450,35
23082402,15,450,35
23082403,15,450,35
23082404,15,450,39
23082405,15,450,39
23082406,15,450,39
23082407,15,450,39
23082408,15,450,39
23082409,15,450,36
23082410,15,450,36
23082411,15,450,36
23082412,15,450,36
23082413,15,450,29
23082414,15,450,29
23082415,15,232,44
23082416,15,232,44
23082417,15,15,40
23082418,15,15,40
23082419,15,15,40
23082420,15,405,62
23082421,15,405,62
23082422,15,405,62
23082423,15,15,65
23082500,15,15,65
23082501,15,15,65
23082502,15,15,65
23082503,15,15,65
23082504,15,15,61
23082505,15,15,61
23082506,15,15,61
23082507,15,15,61
23082508,15,15,61
23082509,15,15,61
23082510,15,15,61
23082511,15,23,41
23082512,15,23,41
23082513,15,23,45
23082514,15,23,45
23082515,15,405,30
23082516,15,365,48
23082517,23,405,60
23082518,23,405,60
23082519,23,405,62
23082520,23,405,57
23082521,23,405,65
23082522,23,405,68
23082523,23,405,68
23082600,23,405,68
23082601,23,405,72
23082602,23,405,72
23082603,23,405,72
23082604,23,405,72
23082605,23,405,72
23082606,23,405,73
23082607,23,405,73
23082608,23,405,73
23082609,23,405,73
23082610,23,405,70
23082611,23,405,80
23082612,23,405,84
23082613,23,405,84
23082614,23,405,84
23082615,23,405,86
23082616,23,405,68
23082617,23,365,86
23082618,23,365,86
23082619,23,365,86
23082620,23,365,69
23082621,23,365,64
23082622,23,365,64
23082623,23,365,64
23082700,23,365,61
23082701,23,365,61
23082702,23,365,61
23082703,23,365,61
23082704,23,365,61
23082705,23,365,61
23082706,23,365,61
23082707,23,365,61
23082708,23,365,70
23082709,23,365,70
23082710,23,329,88
23082711,23,329,91
23082712,23,329,91
23082713,23,329,87
23082714,23,329,87
23082715,23,329,92
23082716,23,329,92
23082717,23,329,92
23082718,23,329,92
23082719,23,329,99
23082720,23,329,99
23082721,23,329,96
23082722,23,329,96
23082723,23,329,93
23082800,23,329,93
23082801,23,329,89
23082802,23,329,89
23082803,23,329,89
23082804,23,329,89
23082805,23,329,89
23082806,23,329,88
23082807,23,329,88
23082808,23,329,88
23082809,23,329,88
23082810,23,329,88
23082811,23,329,88
23082812,20,329,80
23082813,20,329,80
23082814,20,329,80
23082815,20,329,73
23082816,20,329,73
23082817,20,329,39
23082818,20,329,39
23082819,20,297,73
23082820,20,297,77
23082821,20,297,105
23082822,20,297,105
23082823,20,297,105
23082900,20,297,105
23082901,20,297,105
23082902,20,297,105
23082903,20,297,105
23082904,20,297,105
23082905,20,297,105
23082906,20,297,105
23082907,20,297,105
23082908,20,297,96
23082909,20,297,93
23082910,20,297,75
23082911,20,297,75
23082912,20,297,75
23082913,20,297,75
23082914,20,297,75
23082915,20,297,75
23082916,10,160,84
23082917,20,297,75
23082918,20,297,75
23082919,20,297,66
23082920,20,297,66
23082921,20,297,66
23082922,20,120,77
23082923,20,120,77
23083000,20,120,77
23083001,20,120,77
23083002,20,120,77
23083003,20,120,77
23083004,20,120,77
23083005,20,120,77
23083006,20,120,77
23083007,20,120,77
23083008,20,120,77
23083009,20,120,77
23083010,20,120,77
23083011,20,120,77
23083012,20,297,74
23083013,20,297,74
23083014,19,120,78
23083015,19,120,78
23083016,19,120,78
23083017,19,120,78
23083018,19,120,78
23083019,19,20,44
23083020,19,20,40
23083021,19,120,15
23083023,19,120,15
23083100,19,120,15
23083101,19,120,16
23083102,19,120,16
23083103,19,120,16
23083104,19,120,16
23083105,19,120,16
23083106,19,120,16
23083107,19,120,20
23083108,19,120,20
23083109,19,120,20
23083110,19,120,20
23083111,19,120,20
23083112,19,120,20
23083113,19,120,20
23083114,19,120,20
23083115,19,120,20
23083116,19,120,20
23083117,19,120,20
23083118,19,120,20
23083119,19,120,20
23083120,19,120,20
23083121,10,10,34
23083122,19,120,9
23083123,19,120,9
23090100,19,120,9
23090101,19,120,9
23090102,19,120,9
23090103,19,120,9
23090104,19,120,9
23090105,19,120,9
23090106,19,120,9
23090107,19,120,9
23090108,19,120,9
23090109,19,120,9
23090110,19,120,9
23090111,19,120,9
23090112,19,120,9
23090113,23,136600,5
23090114,23,323,16
23090115,23,323,16
23090116,23,323,16
23090117,23,323,16
23090118,23,323,16
23090119,23,323,16
23090120,23,323,16
23090121,23,323,19
23090122,23,323,19
23090123,23,323,19
23090200,23,323,19
23090201,223,323,18
23090202,223,323,18
23090203,223,323,18
23090204,223,323,18
23090205,223,323,18
23090206,223,323,18
23090207,223,323,18
23090208,223,323,14
23090209,223,323,17
23090210,223,323,17
23090211,223,323,17
23090212,223,323,17
23090213,223,323,21
23090214,223,323,21
23090215,223,323,21
23090216,223,323,21
23090217,223,323,21
23090218,223,323,22
23090219,223,323,25
23090220,223,323,25
23090221,223,323,25
23090222,223,323,25
23090223,223,323,25
23090300,223,323,25
23090301,223,323,25
23090302,223,323,25
23090303,223,323,25
23090304,223,323,25
23090305,223,323,25
23090306,223,323,22
23090307,223,323,22
23090308,223,323,22
23090309,223,323,22
23090310,223,323,23
23090311,201,201,57
23090312,201,201,57
23090313,201,201,57
23090314,201,201,58
23090315,201,201,47
23090316,201,201,47
23090317,201,201,47
23090318,201,201,51
23090319,201,201,52
23090320,201,201,52
23090321,201,201,67
23090322,201,201,67
23090323,201,201,75
23090400,201,201,75
23090401,201,201,78
23090402,201,201,78
23090403,201,201,78
23090404,201,201,78
23090405,201,201,78
23090406,201,201,78
23090407,201,201,78
23090408,201,201,78
23090409,201,201,78
23090410,201,201,78
23090411,200,201,92
23090412,200,201,92
23090413,200,201,88
23090414,200,201,88
23090415,200,201,88
23090416,200,201,90
23090417,200,201,105
23090418,200,201,104
23090419,200,201,107
23090420,200,201,107
23090421,200,201,107
23090422,200,201,107
23090423,200,201,114
23090500,200,201,114
23090501,200,201,114
23090502,200,201,114
23090503,200,201,114
23090504,200,201,114
23090505,200,201,114
23090506,200,201,114
23090507,200,201,114
23090508,200,201,114
23090509,200,201,114
23090510,200,201,114
23090511,200,201,110
23090512,200,201,76
23090513,200,201,75
23090514,200,201,75
23090515,200,201,75
23090516,200,201,75
23090517,200,201,71
23090518,200,201,71
23090519,200,201,71
23090520,200,201,71
23090521,200,201,53
23090522,200,201,53
23090523,200,201,45
23090600,200,201,45
23090601,200,201,45
23090602,200,201,45
23090603,200,201,45
23090604,200,201,45
23090605,200,201,45
23090606,200,201,45
23090607,200,201,45
23090608,200,201,45
23090609,200,201,45
23090610,200,201,45
23090611,200,201,28
23090612,200,201,28
23090613,200,201,25
23090614,100,201,28
23090615,100,201,28
23090616,100,201,26
23090617,100,200,11
23090618,100,200,11
23090619,100,150,10
23090620,100,150,10
23090621,100,180,27
23090622,100,180,34
23090623,100,180,30
23090700,100,180,30
23090701,100,180,30
23090702,100,180,30
23090703,100,180,30
23090704,100,180,30
23090705,100,180,30
23090706,100,180,30
23090707,100,180,30
23090708,100,180,30
23090709,100,180,30
23090710,100,180,30
23090711,100,180,30
23090712,100,180,30
23090713,100,180,30
23090714,100,180,30
23090715,100,180,30
23090716,100,180,30
23090717,100,180,30
23090718,100,180,30
23090719,100,180,28
23090720,100,180,28
23090721,100,180,30
23090722,100,180,30
23090723,100,180,30
23090800,100,180,30
23090801,100,180,30
23090802,100,180,30
23090803,100,180,30
23090804,100,180,30
23090805,100,180,30
23090806,100,180,31
23090807,100,180,31
23090808,100,180,31
23090809,100,180,31
23090810,100,180,31
23090811,100,180,31
23090812,100,180,31
23090813,100,180,31
23090814,100,180,28
23090815,100,180,28
23090816,100,180,33
23090817,100,180,33
23090818,100,180,33
23090819,100,180,33
23090820,100,180,33
23090821,100,100,28
23090822,100,100,27
23090823,100,100,27
23090902,100,100,27
23090914,75,90,34
23090915,75,90,34
23090916,75,90,34
23090917,75,90,34
23090918,75,90,33
23090919,75,90,33
23090920,75,90,33
23090921,75,90,32
23090922,75,90,54
23090923,75,90,54
23091000,75,90,52
23091001,75,90,52
23091002,75,90,52
23091003,75,90,42
23091004,75,90,42
23091005,75,90,42
23091006,75,90,47
23091007,75,90,47
23091008,75,90,47
23091009,75,90,45
23091010,75,90,45
23091011,75,90,50
23091012,75,90,50
23091013,75,90,50
23091014,75,90,50
23091015,75,90,50
23091016,75,90,45
23091017,75,90,45
23091018,75,90,45
23091019,75,90,45
23091020,75,90,45
23091021,75,75,72
23091022,75,75,66
23091023,75,75,72
23091100,75,75,72
23091101,75,75,72
23091102,75,75,72
23091103,75,75,72
23091104,75,75,72
23091105,75,75,72
23091106,75,75,72
23091107,75,75,72
23091108,75,75,72
23091109,75,90,44
23091110,75,90,44
23091111,75,90,36
23091112,75,90,36
23091113,75,90,34
23091114,75,90,37
23091115,75,90,39
23091116,75,90,39
23091117,75,90,39
23091118,75,90,39
23091119,75,90,43
23091120,75,90,43
23091121,75,90,43
23091122,75,75,21
23091123,75,75,21
23091200,75,75,20
23091201,75,75,20
23091202,75,75,20
23091203,75,75,20
23091204,75,75,20
23091205,75,75,20
23091206,75,75,20
23091207,75,75,15
23091208,75,75,15
23091209,75,75,15
23091210,75,75,15
23091211,75,75,15
23091212,75,75,15
23091213,75,75,15
23091214,75,75,15
23091215,75,75,15
23091216,75,75,15
23091217,75,75,15
23091218,75,75,15
23091219,75,90,11
23091220,75,90,11
23091221,75,90,11
23091222,75,90,11
23091223,75,75,5
23091300,75,75,5
23091301,75,75,12
23091302,75,75,12
23091303,75,75,12
23091304,75,75,12
23091305,75,75,12
23091306,75,75,12
23091307,75,75,12
23091308,75,75,12
23091309,75,75,12
23091310,75,75,12
23091311,75,75,12
23091312,75,75,12
23091313,75,75,12
23091314,75,75,9
23091315,75,75,7
23091316,75,75,7
23091317,75,75,7
23091318,75,75,7
23091319,75,75,13
23091320,75,75,13
23091321,75,75,13
23091322,75,75,16
23091323,75,75,16
23091400,75,75,16
23091401,75,75,16
23091402,75,75,16
23091403,75,75,16
23091404,75,75,16
23091405,75,75,16
23091406,75,75,16
23091407,75,75,16
23091408,75,75,16
23091409,75,75,16
23091410,75,75,16
23091411,75,75,16
23091412,75,75,16
23091413,75,75,16
23091414,75,75,19
23091415,75,75,19
23091416,75,75,19
23091417,75,75,19
23091418,75,75,20
23091419,75,75,20
23091420,75,75,20
23091421,75,75,20
23091422,75,75,20
23091423,75,75,20
23091500,75,75,20
23091501,75,75,13
23091502,75,75,13
23091503,75,75,13
23091504,75,75,13
23091505,75,75,13
23091506,75,75,13
23091507,75,75,13
23091508,75,75,13
23091509,75,75,13
23091510,75,75,13
23091511,75,75,13
23091513,75,75,13
23091514,75,75,13
23091515,75,75,13
23091516,75,75,13
23091517,75,75,13
23091518,68,68,47
23091519,68,68,48
23091520,68,68,48
23091521,68,68,48
23091522,68,68,45
23091523,67,68,46
23091600,67,68,49
23091601,67,68,49
23091602,67,68,49
23091603,67,68,49
23091604,67,68,49
23091605,67,68,49
23091606,67,68,49
23091607,67,68,49
23091608,67,68,49
23091609,67,68,49
23091610,67,68,49
23091611,66,68,49
23091612,66,68,49
23091613,66,68,49
23091614,66,68,46
23091615,66,68,46
23091616,66,68,46
23091617,66,68,48
23091618,66,68,73
23091619,66,68,82
23091620,66,68,82
23091621,66,68,82
23091622,66,68,82
23091623,66,68,82
23091700,65,68,83
23091701,65,68,84
23091702,65,68,84
23091703,65,68,85
23091704,39,67,92
23091705,39,67,92
23091706,39,67,91
23091707,39,67,91
23091708,39,67,91
23091709,39,67,91
23091710,39,67,91
23091711,39,67,91
23091712,39,66,103
23091713,29,66,106
23091714,29,66,106
23091715,29,66,108
23091716,29,66,101
23091717,29,66,101
23091718,29,66,62
23091719,29,66,55
23091720,29,66,55
23091721,29,66,55
23091722,29,66,55
23091723,29,66,55
23091800,29,66,51
23091801,29,66,47
23091802,29,66,50
23091803,29,66,48
23091804,29,66,48
23091805,29,66,49
23091806,29,66,49
23091807,29,66,49
23091808,29,66,49
23091809,29,66,49
23091810,29,66,49
23091811,29,66,50
23091812,29,66,50
23091813,29,66,50
23091814,29,66,50
23091815,29,66,49
23091816,29,66,83
23091817,29,66,81
23091818,29,66,61
23091819,29,66,72
23091820,29,66,74
23091821,29,66,74
23091822,29,66,87
23091823,29,66,87
23091900,29,66,87
23091901,29,66,87
23091902,29,66,90
23091903,29,66,90
23091904,29,66,90
23091905,29,66,89
23091906,29,66,89
23091907,29,66,89
23091908,29,66,87
23091909,29,66,87
23091910,29,66,87
23091911,29,66,86
23091912,29,29,74
23091913,29,29,74
23091914,29,29,71
23091915,29,29,71
23091916,29,29,74
23091917,29,29,74
23091918,29,29,74
23091919,29,29,80
23091920,29,29,80
23091921,29,29,80
23091922,29,29,89
23091923,29,29,89
23092000,29,29,89
23092001,29,29,89
23092002,29,29,86
23092003,29,29,86
23092004,29,29,83
23092005,29,29,83
23092006,29,29,84
23092007,29,29,84
23092008,29,29,88
23092009,29,29,88
23092010,29,29,79
23092011,29,29,79
23092012,29,29,113
23092013,29,29,113
23092014,29,29,116
23092015,29,29,82
23092016,29,29,82
23092017,29,29,82
23092018,29,29,62
23092019,29,29,74
23092020,29,29,74
23092021,29,29,62
23092022,29,29,60
23092023,29,29,63
23092100,29,29,63
23092101,29,29,63
23092102,29,29,63
23092103,29,29,63
23092104,29,29,63
23092105,29,29,62
23092106,29,29,62
23092107,29,29,60
23092108,29,29,60
23092109,29,29,60
23092110,29,29,60
23092111,29,29,60
23092112,29,29,29
23092113,29,29,29
23092114,29,29,28
23092115,29,29,30
23092116,29,29,30
23092117,29,29,30
23092118,29,29,24
23092119,29,29,26
23092120,29,29,32
23092121,29,29,32
23092122,29,29,32
23092123,29,29,31
23092200,29,29,28
23092201,29,29,28
23092202,29,29,28
23092203,29,29,26
23092204,29,29,26
23092205,29,29,26
23092206,29,29,26
23092207,29,29,22
23092208,29,29,22
23092209,29,29,22
23092210,29,29,22
23092211,29,29,22
23092212,29,29,27
23092213,29,29,27
23092214,29,29,37
23092215,22,29,38
23092216,22,29,38
23092217,22,29,38
23092218,22,29,38
23092219,22,29,28
23092220,22,29,28
23092221,22,29,28
23092222,22,29,28
23092223,22,29,26
23092300,22,29,21
23092301,22,29,21
23092302,22,29,21
23092303,22,29,21
23092304,22,29,21
23092305,22,29,21
23092306,22,29,21
23092307,22,29,25
23092308,22,29,25
23092309,22,29,25
23092310,22,29,25
23092311,22,29,25
23092312,22,29,25
23092313,22,29,25
23092314,22,29,13
23092315,22,29,13
23092316,22,29,13
23092317,22,29,13
23092318,22,29,13
23092319,22,29,11
23092320,22,136600,5
23092321,22,136600,5
23092322,22,136600,5
23092323,22,136600,5
23092400,22,136600,5
23092401,22,136600,5
23092402,22,136600,5
23092403,22,136600,5
23092404,22,136600,5
23092405,22,136600,5
23092406,22,136600,5
23092407,22,136600,5
23092408,22,136600,5
23092409,22,136600,5
23092410,22,136600,5
23092411,22,2534,8
23092412,22,2534,8
23092413,22,2534,8
23092414,22,2534,8
23092415,69,5000,7
23092416,69,5000,7
23092417,69,5000,7
23092418,69,5000,7
23092419,69,5000,7
23092420,69,2534,8
23092421,69,2534,8
23092422,69,2534,8
23092423,69,136600,5
23092500,69,136600,5
23092501,69,136600,5
23092502,5000,136600,4
23092503,5000,136600,4
23092504,5000,136600,4
23092505,5000,136600,4
23092506,5000,136600,4
23092606,180,180,4
23092607,180,180,4
23092608,180,180,4
23092609,180,180,4
23092610,180,180,4
23092611,180,180,4
23092612,180,180,4
23092613,180,180,5
23092614,180,180,5
23092615,180,180,5
23092616,180,180,5
23092617,180,180,5
23092618,180,180,5
23092619,180,180,5
23092620,180,180,5
23092621,180,180,5
23092622,180,180,6
23092623,180,180,6
23092700,180,180,6
23092701,180,180,6
23092702,180,180,6
23092703,180,180,6
23092704,180,180,6
23092705,180,180,6
23092706,180,180,6
23092707,180,180,6
23092708,180,180,6
23092709,180,180,6
23092710,180,180,6
23092711,180,180,11
23092712,180,180,11
23092713,180,180,10
23092714,180,180,10
23092715,180,180,10
23092716,180,180,10
23092717,180,180,10
23092718,180,180,10
23092719,180,180,16
23092720,180,180,16
23092721,180,180,16
23092722,180,180,16
23092723,180,180,16
23092800,180,180,17
23092801,180,180,17
23092802,180,180,17
23092803,180,180,17
23092804,180,180,17
23092805,180,180,17
23092806,180,180,17
23092807,180,180,13
23092808,180,180,13
23092809,180,180,13
23092810,180,180,13
23092811,180,180,13
23092812,180,180,13
23092813,180,180,13
23092814,180,180,14
23092815,180,180,14
23092816,180,180,14
23092817,180,180,14
23092818,180,180,14
23092819,180,180,14
23092820,180,180,14
23092821,180,180,14
23092822,180,180,55
23092823,180,180,55
23092900,151,180,58
23092901,151,180,58
23092902,151,180,58
23092903,151,180,58
23092904,151,180,58
23092905,151,180,58
23092906,151,180,58
23092907,151,180,58
23092908,151,180,58
23092909,151,180,58
23092910,151,180,54
23092911,151,180,54
23092912,151,180,54
23092913,151,180,54
23092914,151,180,54
23092915,151,180,57
23092916,151,180,57
23092917,151,180,57
23092918,151,180,57
23092919,151,180,51
23092920,151,180,57
23092921,151,180,57
23092922,151,180,57
23092923,151,180,60
23093000,151,180,58
23093001,151,180,58
23093002,151,180,58
23093003,151,180,58
23093004,151,180,58
23093005,151,180,58
23093006,151,180,58
23093007,18,180,61
23093008,18,180,61
23093009,18,180,61
23093010,18,180,61
23093011,18,180,59
23093012,18,180,59
23093013,18,180,59
23093014,18,180,59
23093015,18,180,59
23093016,18,180,59
23093017,18,180,59
23093018,18,180,59
23093019,18,180,76
23093020,18,180,76
23093021,18,180,75
23093022,8,18,37
23093023,18,18,32
23100100,18,18,40
23100101,18,18,40
23100102,18,18,40
23100103,18,18,40
23100104,18,18,40
23100105,18,18,40
23100106,18,18,40
23100107,18,18,40
23100108,18,18,40
23100109,18,18,40
23100110,18,18,40
23100111,18,18,40
23100112,18,18,40
23100113,18,18,40
23100114,18,18,36
23100115,18,18,38
23100116,18,18,38
23100117,18,18,38
23100118,18,18,38
23100119,18,18,38
23100120,18,18,36
23100121,18,18,36
23100122,18,18,36
23100123,18,18,35
23100200,18,18,36
23100201,18,18,36
23100202,18,18,36
23100203,18,18,36
23100204,18,18,36
23100205,18,18,36
23100206,18,18,36
23100207,18,18,36
23100208,18,18,36
23100209,18,18,36
23100210,18,18,36
23100211,18,18,36
23100212,18,18,35
23100213,18,18,35
23100214,18,18,35
23100215,18,18,35
23100216,18,18,35
23100217,18,18,35
23100218,18,18,35
23100219,18,18,15
23100220,18,18,15
23100221,18,18,17
23100222,18,18,17
23100223,18,18,17
23100300,18,18,17
23100301,18,2509,8
23100302,18,2509,8
23100303,18,2509,8
23100304,18,2509,8
23100305,18,2509,8
23100306,18,2509,8
23100307,18,2509,8
23100308,18,5000,9
23100309,18,5000,9
23100310,18,5000,9
23100311,18,5000,9
23100312,18,5000,9
23100313,18,5000,9
23100314,18,5000,9
23100315,18,18,13
23100316,18,18,11
23100317,18,18,11
23100318,18,18,17
23100319,18,18,13
23100320,18,18,13
23100321,18,18,14
23100322,18,18,14
23100323,18,18,14
23100400,18,18,14
23100401,18,18,14
23100402,18,18,14
23100403,18,18,14
23100404,18,18,14
23100405,18,18,14
23100406,18,18,14
23100407,18,18,14
23100408,18,18,14
23100409,18,18,13
23100410,18,18,13
23100411,18,18,13
23100412,18,18,13
23100413,18,18,13
23100414,18,18,13
23100415,18,18,7
23100416,18,18,7
23100417,18,18,7
23100418,18,18,7
23100419,18,18,7
23100420,18,18,7
23100421,18,18,7
23100422,18,18,7
23100423,18,18,7
23100500,18,18,7
23100501,18,18,7
23100502,18,18,7
23100503,18,18,7
23100504,18,18,7
23100505,18,18,7
23100506,18,18,7
23100507,18,18,7
23100508,18,18,6
23100509,18,18,6
23100510,18,18,6
23100511,18,18,6
23100512,18,18,6
23100513,18,18,6
23100514,18,18,6
23100515,18,18,6
23100516,18,18,6
23100517,18,18,6
23100703,180,180,2
23100704,180,180,2
23100705,180,180,2
23100706,180,180,2
23100707,180,180,2
23100708,180,180,2
23100709,180,180,2
23100710,180,180,2
23100711,180,180,2
23100712,180,180,2
23100713,180,180,2
23100714,180,180,2
23100715,180,180,2
23100716,180,180,2
23100717,180,180,2
23100718,180,180,2
23100720,180,180,2
23100721,180,180,2
23100722,180,180,2
23100723,180,180,2
23100800,180,180,2
23100801,180,180,2
23100802,180,180,2
23100803,180,180,2
23100804,180,180,2
23100805,180,180,2
23100806,180,180,2
23100807,180,180,2
23100808,180,180,2
23100809,180,180,2
23100810,180,180,2
23100811,180,180,2
23100812,180,180,2
23100813,180,180,2
23100814,180,180,2
23100815,180,180,4
23100816,180,180,4
23100818,180,180,10
23100819,180,180,10
23100820,180,180,10
23100821,120,180,13
23100822,120,180,13
23100823,120,180,13
23100900,120,180,13
23100901,120,180,13
23100902,120,180,13
23100903,120,180,11
23100904,120,180,11
23100905,120,180,11
23100906,120,180,11
23100907,120,180,11
23100908,120,180,11
23100909,120,180,11
23100910,180,180,8
23100911,180,180,8
23100912,180,180,8
23100913,180,180,15
23100914,180,180,15
23100915,180,180,13
23100916,180,180,13
23100917,180,180,13
23100918,180,180,13
23100919,180,180,13
23100920,180,180,13
23100921,155,180,16
23100922,155,180,16
23100923,155,180,16
23101000,155,180,16
23101001,155,180,16
23101002,155,180,16
23101003,155,180,16
23101004,155,180,16
23101005,155,180,16
23101006,155,180,16
23101007,155,180,16
23101008,180,180,13
23101009,180,180,13
23101010,180,180,13
23101011,180,180,13
23101012,180,180,13
23101013,180,180,13
23101014,180,180,13
23101015,180,180,13
23101016,180,180,13
23101017,180,180,7
23101018,180,180,7
23101019,180,180,7
23101020,180,180,7
23101021,180,180,7
23101022,180,180,7
23101023,180,180,7
23101100,180,180,7
23101101,180,180,7
23101102,180,180,7
23101103,180,180,7
23101104,180,180,7
23101105,100,180,13
23101106,100,180,13
23101107,100,180,13
23101108,100,180,13
23101109,100,180,13
23101110,100,180,13
23101111,100,180,13
23101112,100,100,6
23101113,100,100,6
23101114,100,100,6
23101115,100,100,6
23101116,100,100,6
23101117,100,100,6
23101118,100,100,6
23101119,100,100,6
23101120,100,100,6
23101121,100,100,6
23101122,100,100,6
23101123,100,100,6
23101200,100,100,6
23101201,100,100,6
23101202,100,100,6
23101203,100,100,6
23101204,100,100,6
23101205,100,100,6
23101206,100,100,6
23101207,100,100,6
23101208,100,100,6
23101209,100,100,6
23101210,100,100,6
23101211,100,100,6
23101212,100,100,6
23101213,100,100,6
23101214,100,100,6
23101215,100,100,6
23101216,100,100,6
23101217,100,100,6
23101218,100,100,6
23101219,100,100,9
23101220,100,100,9
23101221,100,100,9
23101222,100,100,9
23101223,100,100,9
23101300,100,100,9
23101301,100,100,9
23101302,100,100,9
23101303,100,100,9
23101304,100,100,9
23101305,100,100,3
23101306,100,100,3
23101319,232,232,3
23101320,232,232,3
23101321,174,203,6
23101322,174,203,6
23101323,150,150,15
23101400,150,150,19
23101401,100,150,25
23101402,100,150,25
23101403,100,150,25
23101404,100,150,25
23101405,100,150,25
23101406,100,150,25
23101407,100,150,25
23101408,100,150,25
23101409,100,150,25
23101410,100,150,25
23101411,100,150,25
23101412,100,150,25
23101413,100,150,25
23101414,100,150,25
23101415,100,150,25
23101416,100,150,25
23101417,100,150,25
23101418,100,150,25
23101419,100,150,22
23101420,100,150,22
23101421,100,150,31
23101422,100,150,31
23101423,100,150,22
23101500,100,150,22
23101501,100,150,22
23101502,100,150,22
23101503,100,150,22
23101504,100,150,22
23101505,100,150,22
23101506,100,150,22
23101507,100,150,22
23101508,100,150,22
23101509,100,150,22
23101510,100,150,22
23101511,100,150,22
23101512,100,150,23
23101513,100,150,23
23101514,100,150,26
23101515,100,150,26
23101516,100,150,26
23101517,100,150,26
23101518,100,150,26
23101519,100,150,26
23101520,100,150,29
23101521,100,150,29
23101522,100,150,29
23101523,100,150,29
23101600,100,100,25
23101601,100,150,19
23101602,100,150,20
23101603,100,150,20
23101604,100,150,20
23101605,100,150,20
23101606,100,150,20
23101607,100,150,20
23101608,100,150,17
23101609,100,150,17
23101610,100,150,21
23101611,100,150,21
23101612,100,150,21
23101613,100,150,21
23101614,100,150,18
23101615,100,150,18
23101616,100,150,18
23101617,100,150,20
23101618,100,150,23
23101619,100,150,23
23101620,100,150,23
23101621,100,100,11
23101622,100,100,23
23101623,100,100,23
23101700,100,100,23
23101701,100,100,23
23101702,100,100,23
23101703,100,100,23
23101704,90,100,25
23101705,90,100,25
23101706,90,100,22
23101707,90,100,22
23101708,90,100,22
23101709,90,100,22
23101710,90,100,22
23101711,90,100,22
23101712,90,100,21
23101713,90,100,21
23101714,90,100,21
23101715,90,100,21
23101716,90,100,21
23101717,90,100,21
23101718,90,100,21
23101719,90,100,21
23101720,90,100,21
23101721,90,100,21
23101722,90,100,21
23101723,90,100,21
23101800,90,100,21
23101801,90,100,21
23101802,90,100,20
23101803,90,100,20
23101804,90,100,20
23101805,90,100,20
23101806,90,100,20
23101807,90,100,20
23101808,90,100,20
23101809,90,100,20
23101810,90,100,20
23101811,90,100,20
23101812,90,100,21
23101813,90,100,21
23101814,90,100,21
23101815,90,100,21
23101817,90,100,19
23101818,90,100,19
23101819,90,100,19
23101820,90,100,22
23101821,90,100,22
23101822,90,100,22
23101823,80,90,12
23101900,80,90,12
23101901,80,90,12
23101902,80,90,12
23101903,80,90,12
23101904,80,90,10
23101905,80,90,10
23101906,80,90,10
23101907,80,90,10
23101908,80,90,10
23101909,80,90,10
23101910,80,90,10
23101911,80,90,10
23101912,80,90,9
23101913,80,90,9
23101914,80,90,9
23101915,80,90,9
23101916,80,90,9
23101917,80,90,9
23101918,80,90,9
23101919,80,90,9
23101920,80,90,9
23101921,80,90,9
23101922,80,90,9
23101923,80,90,9
23102000,80,90,9
23102001,80,90,9
23102002,80,90,9
23102003,80,90,9
23102004,80,90,9
23102005,80,90,9
23102006,80,90,9
23102007,80,90,9
23102008,80,90,9
23102009,80,90,9
23102010,80,90,9
23102011,80,90,5
23102012,80,85,6
23102013,80,80,7
23102014,80,80,7
23102015,80,80,7
23102016,80,80,7
23102017,80,80,13
23102018,80,80,13
23102019,80,80,13
23102020,80,80,10
23102021,80,80,10
23102022,80,80,10
23102023,80,80,8
23102100,80,80,8
23102101,80,80,8
23102102,80,80,8
23102103,80,80,8
23102104,80,80,8
23102105,80,80,8
23102106,80,80,8
23102107,80,80,8
23102108,80,80,8
23102109,80,80,8
23102110,80,80,8
23102111,80,80,11
23102112,80,80,11
23102113,80,80,10
23102114,80,80,10
23102115,80,80,10
23102116,80,80,10
23102117,80,80,10
23102118,80,80,10
23102119,80,80,10
23102120,80,80,10
23102121,80,80,10
23102122,80,80,10
23102123,80,80,10
23102200,80,80,14
23102201,80,80,14
23102202,80,80,14
23102203,80,80,14
23102204,80,80,14
23102205,80,80,14
23102206,80,80,14
23102207,80,80,14
23102208,80,80,14
23102209,80,80,14
23102210,80,80,14
23102211,80,80,14
23102212,80,80,13
23102213,80,80,13
23102214,80,80,13
23102215,80,80,13
23102216,80,80,13
23102217,80,80,7
23102218,80,80,13
23102219,80,80,13
23102220,80,80,13
23102221,80,80,13
23102222,80,80,13
23102223,80,80,13
23102300,80,80,9
23102301,80,80,9
23102302,80,80,9
23102303,80,80,9
23102304,80,80,9
23102305,80,80,9
23102306,80,80,9
23102307,80,80,9
23102308,80,80,9
23102309,80,80,9
23102310,80,80,9
23102311,80,80,6
23102312,80,80,6
23102313,80,80,6
23102314,80,80,6
23102315,80,80,18
23102316,80,80,21
23102317,80,80,21
23102318,80,80,21
23102319,80,80,21
23102320,80,80,22
23102321,80,80,22
23102322,80,80,22
23102323,80,80,22
23102400,80,80,22
23102401,80,80,25
23102402,80,80,25
23102403,80,80,25
23102404,80,80,25
23102405,80,80,25
23102406,80,80,24
23102407,80,80,24
23102408,80,80,22
23102409,80,80,22
23102410,80,80,22
23102411,80,80,22
23102412,80,80,22
23102413,80,80,22
23102414,80,80,24
23102415,80,80,24
23102416,80,80,24
23102417,80,80,18
23102418,80,80,18
23102419,80,80,18
23102420,80,80,24
23102421,80,80,24
23102422,80,80,24
23102423,80,80,24
23102500,80,80,24
23102501,80,80,24
23102502,80,80,24
23102503,80,80,24
23102504,80,80,24
23102505,80,80,24
23102506,80,80,24
23102507,80,80,24
23102508,80,80,24
23102509,80,80,24
23102510,80,80,24
23102511,80,80,26
23102512,80,80,31
23102513,80,80,31
23102514,80,80,32
23102515,80,80,20
23102516,80,80,17
23102517,80,80,17
23102518,80,80,17
23102519,80,80,17
23102520,80,80,16
23102521,80,80,36
23102522,80,80,39
23102523,80,80,39
23102600,80,80,39
23102601,80,80,37
23102602,80,80,37
23102603,80,80,37
23102604,80,80,37
23102605,80,80,37
23102606,80,80,37
23102607,80,80,37
23102608,80,80,37
23102609,80,80,37
23102610,80,80,37
23102611,80,80,35
23102612,80,80,35
23102613,80,80,35
23102614,80,80,35
23102615,80,80,35
23102616,80,80,35
23102617,80,80,37
23102618,80,80,37
23102619,80,80,37
23102620,80,80,31
23102621,80,80,31
23102622,80,80,31
23102623,80,80,31
23102700,80,80,31
23102701,80,80,31
23102702,80,80,31
23102703,80,80,31
23102704,80,80,31
23102705,80,80,31
23102706,80,80,31
23102707,80,80,31
23102708,80,80,31
23102709,80,80,31
23102710,80,80,31
23102711,80,80,31
23102712,80,80,26
23102713,80,80,26
23102714,80,80,26
23102715,80,80,25
23102716,80,80,25
23102717,80,80,23
23102718,80,80,23
23102719,80,80,24
23102720,80,80,24
23102721,80,80,4
23102722,80,80,1
23102723,80,80,1
23102800,80,80,1
23102801,80,80,1
23102802,80,80,1
23102803,80,80,1
23102804,80,80,3
23102805,80,80,3
23102806,80,80,3
23102807,80,80,3
23102808,80,80,3
23102809,80,80,3
23102810,80,80,3
23102811,70,75,6
23102812,70,75,6
23102813,70,75,6
23102814,70,75,6
23102815,70,80,18
23102816,70,80,18
23102817,70,80,18
23102818,70,80,18
23102819,70,80,18
23102820,70,80,18
23102821,70,80,18
23102822,70,80,18
23102823,70,80,18
23102900,70,80,18
23102901,70,80,18
23102902,70,80,18
23102903,70,80,18
23102904,70,80,16
23102905,70,80,16
23102906,70,80,16
23102907,70,80,16
23102908,70,80,16
23102909,70,80,16
23102910,70,80,16
23102911,70,80,16
23102912,70,80,20
23102913,70,80,20
23102914,70,75,26
23102915,70,75,26
23102916,70,75,26
23102917,70,70,27
23102918,70,70,27
23102919,70,70,26
23102920,70,70,26
23102921,70,70,26
23102922,70,70,29
23102923,70,70,29
23103000,70,70,29
23103001,70,70,29
23103002,70,70,29
23103003,70,70,29
23103004,70,70,35
23103005,70,70,35
23103006,70,70,35
23103007,70,70,35
23103008,70,70,35
23103009,70,70,35
23103010,70,70,35
23103011,70,70,32
23103012,70,70,28
23103013,70,70,28
23103014,70,70,28
23103015,70,70,16
23103016,70,70,16
23103017,70,70,16
23103018,70,70,16
23103019,70,70,16
23103020,70,70,16
23103021,70,70,16
23103022,70,70,16
23103023,70,70,16
23103100,70,70,16
23103101,70,70,16
23103102,70,70,16
23103103,70,70,16
23103104,70,70,16
23103105,70,70,16
23103106,70,70,16
23103107,70,70,17
23103108,70,70,17
23103109,70,70,17
23103110,70,70,17
23103111,70,70,17
23103112,70,70,17
23103113,70,70,17
23103114,70,70,11
23103115,70,70,11
23103116,70,70,11
23103117,70,70,11
23103118,70,70,10
23103119,70,70,10
23103120,70,70,10
23103121,70,70,10
23103122,70,70,11
23103123,70,70,8
23110100,70,70,8
23110101,60,70,10
23110102,60,70,10
23110103,60,70,10
23110104,60,65,4
23110105,60,65,4
23110106,60,65,4
23110107,60,65,4
23110108,60,65,4
23110109,60,65,4
23110110,60,65,4
23110111,60,65,4
23110112,60,65,4
23110113,60,65,4
23110114,60,65,4
23110115,60,65,4
23110116,60,60,10
23110117,60,60,10
23110118,60,60,10
23110119,60,60,10
23110120,60,60,10
23110121,60,60,12
23110122,60,60,10
23110123,50,60,12
23110200,50,60,15
23110201,50,60,15
23110202,50,60,15
23110203,50,60,15
23110204,50,60,15
23110205,50,60,15
23110206,50,60,15
23110207,50,60,14
23110208,50,60,14
23110209,50,60,14
23110210,50,60,14
23110211,50,60,14
23110212,50,60,14
23110213,50,60,14
23110214,40,50,24
23110215,40,50,24
23110216,40,50,24
23110217,40,50,24
23110218,40,50,24
23110219,40,50,24
23110220,40,50,24
23110221,40,50,25
23110222,40,50,24
23110223,40,50,24
23110300,40,50,24
23110301,40,50,24
23110302,40,50,24
23110304,40,50,25
23110305,40,50,25
23110306,40,50,25
23110307,40,50,25
23110308,40,50,25
23110309,40,50,25
23110310,40,50,25
23110311,40,50,25
23110312,40,50,25
23110313,40,50,25
23110314,40,50,25
23110315,40,50,25
23110316,40,40,19
23110317,40,40,19
23110318,40,40,25
23110319,40,40,29
23110320,40,40,29
23110321,40,40,27
23110322,40,40,27
23110323,40,40,25
23110400,40,40,22
23110401,40,40,22
23110402,40,40,22
23110403,40,40,22
23110404,40,40,22
23110405,40,40,22
23110406,40,40,22
23110407,40,40,23
23110408,40,40,23
23110409,40,40,23
23110410,40,40,35
23110411,40,40,35
23110412,40,40,35
23110413,40,40,35
23110414,40,40,35
23110415,40,40,35
23110416,40,40,35
23110417,40,40,35
23110418,40,40,41
23110419,40,40,44
23110420,40,40,44
23110421,40,40,45
23110422,40,40,45
23110423,23,40,51
23110500,23,40,51
23110501,23,40,51
23110502,23,40,50
23110503,23,40,50
23110504,23,40,50
23110505,23,40,50
23110506,23,40,49
23110507,23,40,49
23110508,23,40,49
23110509,23,40,49
23110510,23,40,49
23110511,23,40,49
23110512,23,40,49
23110513,23,40,39
23110514,23,40,40
23110515,23,40,41
23110516,23,40,42
23110517,23,40,36
23110518,23,40,32
23110519,23,40,32
23110520,23,40,35
23110521,23,40,37
23110522,23,40,37
23110523,23,40,37
23110600,23,40,37
23110601,23,40,37
23110602,23,40,37
23110603,23,40,37
23110604,23,40,37
23110605,23,40,42
23110606,23,40,42
23110607,23,40,42
23110608,23,40,42
23110609,23,26,30
23110610,23,26,30
23110611,23,26,30
23110612,23,26,30
23110613,23,26,30
23110614,23,26,30
23110615,23,26,30
23110616,23,26,30
23110617,23,23,24
23110618,23,23,21
23110619,23,23,21
23110620,23,23,19
23110621,23,23,19
23110622,23,23,29
23110623,23,23,29
23110700,23,23,29
23110701,23,23,29
23110702,23,23,29
23110703,23,23,29
23110704,23,23,29
23110705,23,23,29
23110706,23,23,29
23110707,23,23,29
23110708,23,23,29
23110709,23,23,29
23110710,23,23,29
23110711,23,23,29
23110712,23,23,29
23110713,23,23,29
23110714,23,23,28
23110715,23,23,28
23110716,23,23,26
23110717,23,23,26
23110718,23,23,26
23110719,23,23,26
23110720,23,23,23
23110721,23,23,22
23110722,23,23,22
23110723,23,23,22
23110800,23,23,22
23110801,23,23,22
23110802,23,23,22
23110803,23,23,22
23110804,23,23,22
23110805,23,23,17
23110806,23,23,17
23110807,23,23,17
23110808,23,23,17
23110809,23,23,17
23110810,23,23,17
23110811,23,23,17
23110812,23,23,17
23110813,23,23,17
23110814,23,23,23
23110815,23,23,23
23110816,23,23,23
23110817,23,23,23
23110818,23,23,23
23110819,23,23,23
23110820,23,23,23
23110821,23,23,7
23110822,23,23,7
23110902,23,23,7
23110903,23,23,7
23110904,23,23,7
23110905,23,23,7
23110906,23,23,7
23110907,23,23,7
23110908,23,23,7
23110909,23,23,7
23110910,23,23,7
23110911,23,23,7
23110912,23,23,7
23110913,23,23,7
23110914,23,23,7
23110915,23,23,7
23110916,23,23,7
23110917,23,23,7
23110918,23,23,12
23110919,23,23,12
23110920,23,23,12
23110921,23,23,12
23110922,23,23,11
23110923,23,23,11
23111000,23,23,11
23111001,23,23,11
23111002,23,23,11
23111003,23,23,11
23111004,23,23,11
23111005,23,23,11
23111006,23,23,11
23111007,23,23,11
23111008,23,23,11
23111009,23,23,11
23111010,23,23,11
23111011,23,23,11
23111012,23,23,11
23111013,23,23,12
23111014,23,23,6
23111015,23,23,6
23111016,23,23,6
23111017,23,23,11
23111018,23,23,11
23111019,23,23,11
23111020,23,23,11
23111021,23,23,11
23111022,23,23,11
23111023,23,23,11
23111100,23,23,15
23111101,23,23,15
23111102,23,23,15
23111103,23,23,15
23111104,23,23,15
23111105,23,23,15
23111106,23,23,15
23111107,23,23,15
23111108,23,23,15
23111109,23,23,15
23111110,23,23,15
23111111,23,23,15
23111112,23,23,15
23111113,23,23,15
23111114,23,23,15
23111115,23,23,15
23111116,23,23,35
23111117,23,23,35
23111118,23,23,30
23111119,23,23,30
23111120,23,23,30
23111121,23,23,30
23111122,23,23,30
23111123,23,23,35
23111200,23,23,35
23111201,23,23,35
23111202,23,23,35
23111203,23,23,35
23111204,23,23,35
23111205,23,23,35
23111206,23,23,35
23111207,23,23,35
23111208,23,23,35
23111209,23,23,36
23111210,23,23,36
23111211,23,23,99
23111212,23,23,99
23111213,23,23,98
23111214,23,23,99
23111215,23,23,99
23111216,23,23,99
23111217,23,23,94
23111218,23,23,94
23111219,23,23,99
23111220,23,23,105
23111221,23,23,105
23111222,23,23,105
23111223,23,23,105
23111300,23,23,101
23111301,23,23,101
23111302,23,23,101
23111303,23,23,101
23111304,23,23,101
23111305,23,23,101
23111306,23,23,101
23111307,23,23,96
23111308,23,23,90
23111309,23,23,90
23111310,23,23,90
23111311,23,23,95
23111312,23,23,95
23111313,23,23,95
23111314,23,23,95
23111315,23,23,95
23111316,23,23,96
23111317,23,23,76
23111318,23,23,76
23111319,23,23,76
23111320,23,23,76
23111321,23,23,76
23111322,23,23,76
23111323,23,23,70
23111400,23,23,66
23111401,23,23,66
23111402,23,23,66
23111403,23,23,66
23111404,23,23,66
23111405,23,23,70
23111406,23,23,70
23111407,23,23,75
23111408,23,23,75
23111409,23,23,75
23111410,23,23,75
23111411,23,23,74
23111412,23,23,11
23111413,23,23,11
23111414,23,23,10
23111415,23,23,10
23111416,23,23,10
23111417,23,23,10
23111418,23,23,20
23111419,23,23,20
23111420,23,23,15
23111421,23,23,15
23111422,23,23,15
23111423,23,23,20
23111500,23,23,20
23111501,23,23,20
23111502,23,23,20
23111503,23,23,20
23111504,23,23,20
23111505,23,23,20
23111506,23,23,25
23111507,23,23,25
23111508,23,23,25
23111509,23,23,25
23111510,23,23,25
23111511,23,23,25
23111512,23,23,25
23111513,23,23,25
23111514,23,23,25
23111515,23,23,25
23111516,23,23,20
23111517,23,23,20
23111518,23,23,15
23111519,23,23,20
23111520,23,23,20
23111521,23,23,20
23111522,23,23,20
23111523,23,23,20
23111600,23,23,20
23111601,23,23,20
23111602,23,23,20
23111603,23,23,20
23111604,23,23,20
23111605,23,23,20
23111606,23,23,20
23111607,23,23,15
23111608,23,23,15
23111609,23,23,16
23111610,23,23,16
23111611,23,23,16
23111612,23,23,16
23111613,23,23,16
23111614,23,23,16
23111615,23,23,16
23111616,23,23,16
23111617,23,23,21
23111618,23,23,11
23111619,23,23,11
23111620,23,23,11
23111621,23,23,15
23111622,23,23,24
23111623,23,23,19
23111700,23,23,19
23111701,23,23,19
23111702,23,23,19
23111703,23,23,19
23111704,23,23,19
23111705,23,23,14
23111706,23,23,14
23111707,23,23,14
23111708,23,23,15
23111709,23,23,15
23111710,23,23,15
23111711,23,23,15
23111712,23,23,15
23111713,23,23,15
23111714,23,23,35
23111715,23,23,40
23111716,21,23,42
23111717,21,23,42
23111720,21,23,38
23111721,21,23,38
23111722,21,23,38
23111723,21,23,38
23111800,21,23,38
23111801,21,23,41
23111802,21,23,41
23111803,21,23,36
23111804,21,23,36
23111805,21,23,36
23111806,21,23,36
23111807,21,23,36
23111808,21,23,36
23111809,21,23,35
23111810,21,23,35
23111811,21,23,35
23111812,21,23,35
23111813,21,21,98
23111814,21,21,103
23111815,21,21,103
23111816,21,21,103
23111817,21,21,103
23111818,21,21,103
23111819,21,21,103
23111820,21,21,103
23111821,21,21,99
23111822,21,21,105
23111823,21,21,110
23111900,21,21,114
23111901,21,21,111
23111902,21,21,106
23111903,21,21,106
23111904,21,21,106
23111905,21,21,106
23111906,21,21,106
23111907,21,21,106
23111908,21,21,105
23111909,21,21,105
23111910,21,21,105
23111911,21,21,105
23111912,21,21,110
23111913,21,21,110
23111914,21,21,90
23111915,21,21,90
23111916,21,21,88
23111917,21,21,88
23111918,21,21,88
23111919,21,21,90
23111920,21,21,90
23111921,21,21,90
23111922,21,21,90
23111923,21,21,91
23112000,21,21,82
23112001,21,21,82
23112002,21,21,82
23112003,21,21,82
23112004,21,21,82
23112005,21,21,82
23112006,21,21,82
23112007,21,21,82
23112008,21,21,82
23112009,21,21,82
23112010,21,21,82
23112011,21,21,82
23112012,21,21,82
23112013,21,21,24
23112014,21,21,24
23112015,21,21,24
23112016,21,21,24
23112017,21,21,24
23112018,21,21,24
23112019,21,21,24
23112020,21,21,29
23112021,21,21,29
23112022,21,21,22
23112023,21,21,16
23112100,21,21,16
23112101,21,21,11
23112102,21,21,11
23112103,21,21,11
23112104,21,21,11
23112105,21,21,11
23112106,21,21,11
23112107,21,21,11
23112108,21,21,11
23112109,21,21,11
23112110,21,21,11
23112111,21,21,11
23112112,21,21,11
23112113,21,21,11
23112114,21,21,16
23112115,21,21,16
23112116,21,21,16
23112117,21,21,17
23112118,21,21,22
23112119,21,21,20
23112120,21,21,20
23112121,21,21,20
23112122,21,21,16
23112123,21,21,16
23112200,21,21,16
23112201,21,21,16
23112202,21,21,11
23112203,21,21,11
23112204,21,21,11
23112205,21,21,11
23112206,21,21,11
23112207,21,21,11
23112208,21,21,11
23112209,21,21,11
23112210,21,21,11
23112211,19,21,13
23112212,19,21,13
23112213,19,21,13
23112214,19,21,18
23112215,19,21,18
23112216,19,21,18
23112217,19,21,18
23112218,19,21,18
23112223,180,180,1
23112300,180,180,1
23112301,180,180,1
23112302,180,180,1
23112303,180,180,1
23112304,180,180,1
23112305,180,180,1
23112306,180,180,1
23112307,180,180,1
23112308,180,180,1
23112309,180,180,1
23112310,180,180,1
23112319,180,180,1
23112320,180,180,1
23112321,180,180,1
23112322,180,180,1
23112323,180,180,1
23112400,100,100,3
23112401,100,100,3
23112402,100,100,3
23112403,100,100,3
23112404,100,100,3
23112405,100,100,3
23112406,100,100,3
23112407,100,100,2
23112408,100,100,2
23112409,100,100,2
23112410,100,100,24
23112411,100,100,24
23112412,100,100,29
23112413,98,100,33
23112414,98,100,33
23112415,98,100,45
23112416,98,100,45
23112417,98,100,45
23112418,98,100,45
23112419,98,100,45
23112420,98,100,45
23112421,98,100,45
23112422,98,100,45
23112423,98,100,45
23112500,98,100,56
23112501,98,100,56
23112502,98,100,56
23112503,98,100,56
23112504,98,100,56
23112505,98,100,56
23112506,98,100,56
23112507,98,100,56
23112508,98,100,56
23112509,98,100,56
23112510,98,98,34
23112511,98,98,34
23112512,98,98,34
23112513,98,98,30
23112514,98,98,30
23112515,98,98,30
23112516,98,98,30
23112517,98,98,30
23112518,98,98,62
23112519,98,98,62
23112520,98,98,62
23112521,98,98,62
23112522,98,98,62
23112523,96,98,66
23112600,96,98,64
23112601,96,98,65
23112602,96,98,65
23112603,96,98,65
23112604,96,98,65
23112605,96,98,65
23112606,96,98,65
23112607,96,98,65
23112608,96,98,65
23112609,96,98,65
23112610,96,98,65
23112611,96,98,65
23112612,96,98,60
23112613,96,98,60
23112614,96,98,60
23112615,22,98,49
23112616,22,98,49
23112617,22,98,49
23112618,22,98,17
23112619,22,98,17
23112620,22,98,17
23112621,22,98,17
23112622,22,98,17
23112623,21,98,21
23112700,21,21,10
23112701,21,21,10
23112702,21,21,10
23112703,21,21,10
23112704,21,21,10
23112705,21,21,10
23112706,21,21,10
23112707,21,21,10
23112708,21,21,10
23112709,21,21,10
23112710,21,21,10
23112711,21,21,10
23112712,21,21,10
23112713,21,21,10
23112714,21,21,10
23112715,21,21,10
23112716,21,21,10
23112717,21,21,10
23112718,21,21,10
23112719,21,21,10
23112720,21,21,10
23112721,21,21,10
23112722,21,21,10
23112723,21,21,12
23112800,21,21,12
23112801,21,21,11
23112802,21,21,11
23112803,21,21,11
23112804,21,21,11
23112805,21,21,11
23112806,21,21,11
23112807,21,21,11
23112808,21,21,11
23112809,21,21,11
23112810,21,21,11
23112811,21,21,11
23112812,21,21,11
23112813,21,21,11
23112814,21,21,11
23112815,21,21,10
23112816,21,21,10
23112817,21,21,13
23112818,21,21,13
23112819,21,21,13
23112820,21,21,13
23112821,21,21,13
23112822,21,1021,5
23112823,21,1021,5
23112900,21,1021,5
23112901,21,1021,5
23112902,21,1021,5
23112903,21,1021,5
23112904,21,1021,5
23112905,21,1021,5
23112907,21,1021,5
23112908,21,21,13
23112909,21,21,13
23112910,21,21,13
23112911,21,21,13
23112912,21,21,13
23112913,21,21,13
23112914,21,21,13
23112915,21,21,13
23112916,21,21,13
23112917,21,21,13
23112918,21,21,13
23112919,21,21,13
23112920,21,21,13
23112921,21,21,13
23112922,21,21,11
23112923,21,21,12
23113000,21,21,12
23113001,21,21,12
23113002,21,21,12
23113003,21,21,12
23113004,21,21,12
23113005,21,21,12
23113006,21,21,12
23113007,21,21,12
23113008,21,21,12
23113009,21,21,12
23113010,21,21,12
23113011,21,21,12
23113012,21,21,12
23113013,21,21,12
23113014,21,21,12
23113015,21,21,12
23113016,21,21,12
23113017,21,21,9
23113018,21,21,9
23113019,21,21,9
23113020,21,21,9
23113021,21,21,9
23113022,21,21,9
23113023,21,21,9
23120100,21,21,9
23120101,21,21,9
23120102,21,21,9
23120103,21,21,9
23120104,21,21,9
23120105,21,21,9
23120106,21,21,9
23120107,21,21,9
23120108,23,23,1
23120109,23,23,9
23120110,23,23,9
23120111,23,23,9
23120112,23,23,9
23120113,23,23,9
23120114,23,23,9
23120115,23,23,9
23120116,23,23,9
23120117,23,23,9
23120118,23,23,9
23120119,23,23,9
23120120,23,23,11
23120121,23,23,11
23120122,23,23,18
23120123,23,23,17
23120200,23,23,17
23120201,23,23,17
23120202,23,23,17
23120203,23,23,17
23120204,23,23,17
23120205,23,23,17
23120206,23,23,17
23120207,23,23,17
23120208,23,23,17
23120209,23,23,17
23120210,23,23,17
23120211,23,23,17
23120212,23,23,17
23120213,23,23,17
23120214,23,23,17
23120215,23,23,17
23120216,23,23,17
23120217,23,23,17
23120218,23,23,17
23120219,23,23,17
23120220,23,23,17
23120221,23,23,17
23120222,23,23,17
23120223,23,23,17
23120300,23,23,18
23120301,23,23,18
23120302,23,23,18
23120303,23,23,18
23120304,23,23,18
23120305,23,23,18
23120306,23,23,18
23120307,23,23,18
23120308,23,23,18
23120309,23,23,10
23120310,23,23,18
23120311,23,23,18
23120312,23,23,18
23120313,23,23,18
23120314,23,23,18
23120315,23,23,18
23120316,23,23,18
23120317,23,23,18
23120318,23,23,20
23120319,23,23,20
23120320,23,23,18
23120321,23,23,18
23120322,23,23,11
23120323,23,23,11
23120400,23,23,11
23120401,23,23,11
23120402,23,23,11
23120403,23,23,11
23120404,23,23,11
23120405,23,23,11
23120406,23,23,11
23120407,23,23,11
23120408,23,23,29
23120409,23,23,29
23120410,23,23,29
23120411,23,23,29
23120516,23,23,20
23120517,23,23,20
23120518,23,23,21
23120519,23,23,20
23120520,23,23,20
23120521,23,23,20
23120522,23,23,20
23120523,23,23,20
23120622,23,23,9
23120623,23,23,9
23120700,23,23,9
23120701,23,23,9
23120702,23,23,9
23120703,23,23,9
23120704,23,23,9
23120705,23,23,9
23120706,23,23,9
23120707,23,23,9
23120708,23,23,9
23120709,23,23,9
23120710,23,23,9
23120711,23,23,9
23120712,23,23,9
23120713,23,23,9
23120714,23,23,9
23120715,23,23,9
23120716,23,23,9
23120717,23,23,9
23120718,23,23,9
23120719,23,23,9
23120720,23,23,9
23120721,23,23,9
23120722,23,23,9
23120723,23,23,9
23120800,23,23,9
23120801,23,23,9
23120802,23,23,9
23120803,23,23,9
23120804,23,23,9
23120805,23,23,9
23120806,23,23,9
23120807,23,23,9
23120808,23,23,9
23120809,23,23,9
23120810,23,23,9
23120811,23,23,9
23120812,23,23,9
23120813,23,23,9
23120814,23,23,9
23120815,23,23,10
23120816,23,23,10
23120817,23,23,10
23120818,23,23,10
23120819,23,23,10
23120820,23,23,10
23120821,23,23,10
23120822,999900,999900,1
23120823,999900,999900,1
23120900,999900,999900,1
23120901,100000,100000,6
23120902,100000,100000,6
23120903,100000,100000,6
23120904,100000,100000,6
23120905,100000,100000,6
23120906,100000,100000,6
23120907,100000,100000,6
23120908,100000,100000,6
23120909,100000,100000,6
23120910,100000,100000,6
23120911,100000,100000,6
23120912,100000,100000,6
23120913,100000,100000,6
23120914,100000,100000,6
23120915,100000,100000,6
23120916,100000,100000,6
23120917,100000,100000,6
23120918,100000,100000,6
23120919,100000,100000,6
23120920,100000,100000,10
23120921,100000,100000,10
23120922,100000,100000,13
23120923,100000,100000,13
23121000,100000,100000,13
23121001,100000,100000,13
23121002,100000,100000,13
23121003,100000,100000,13
23121004,100000,100000,13
23121005,100000,100000,13
23121006,100000,100000,13
23121007,100000,100000,13
23121008,100000,100000,13
23121009,100000,100000,13
23121010,100000,100000,13
23121011,100000,100000,13
23121012,100000,100000,13
23121013,100000,100000,13
23121014,100000,100000,13
23121015,100000,100000,12
23121016,32150,100000,14
23121017,32150,100000,14
23121018,32150,100000,14
23121019,32150,100000,14
23121020,32150,100000,15
23121021,32150,100000,15
23121022,10000,100000,18
23121023,10000,100000,18
23121100,10000,100000,18
23121101,10000,100000,13
23121102,10000,100000,13
23121103,10000,100000,13
23121104,10000,100000,13
23121105,10000,100000,13
23121106,10000,100000,13
23121107,10000,100000,13
23121108,10000,100000,13
23121109,10000,100000,13
23121110,10000,100000,13
23121111,10000,100000,13
23121112,10000,100000,13
23121113,10000,100000,13
23121114,10000,100000,13
23121115,10000,100000,13
23121116,10000,100000,12
23121117,10000,100000,12
23121118,10000,100000,12
23121119,10000,100000,12
23121120,10000,10000,20
23121121,9900,10000,21
23121122,9900,10000,21
23121123,9900,10000,18
23121200,9900,10000,18
23121201,9900,10000,18
23121202,9900,10000,18
23121203,9900,9900,39
23121204,9900,9900,39
23121205,9900,9900,39
23121206,9900,9900,39
23121207,9900,9900,39
23121208,9900,9900,26
23121209,9900,9900,26
23121210,9900,9900,26
23121211,9900,9900,33
23121212,9900,9900,33
23121213,4000,9900,35
23121214,4000,9900,35
23121215,3900,9900,40
23121216,3900,9900,40
23121217,3900,9900,40
23121218,3900,9900,40
23121219,3900,9900,40
23121220,3900,9900,40
23121221,3900,3950,64
23121222,3900,3900,62
23121223,3900,3900,62
23121300,3900,3900,63
23121301,3900,3900,61
23121302,3900,3900,61
23121303,3900,3900,61
23121304,3900,3900,61
23121305,3900,3900,61
23121306,3900,3900,61
23121307,3900,3900,61
23121308,3900,3900,61
23121309,3900,9900,51
23121310,3900,9900,51
23121311,3900,9900,51
23121312,3900,9900,51
23121313,3900,9900,51
23121314,3900,9900,51
23121315,3900,9900,46
23121316,3900,9900,46
23121317,3900,9900,46
23121318,3900,9900,46
23121319,3900,9900,46
23121320,3900,3900,66
23121321,3500,3900,67
23121322,3000,3900,105
23121323,3000,3900,105
23121400,3000,3900,104
23121401,3000,3900,104
23121402,3000,3900,104
23121403,3000,3900,83
23121404,3000,3900,83
23121405,3000,3900,83
23121406,3000,3900,83
23121407,2500,3900,86
23121408,2500,3900,86
23121409,2500,3900,86
23121410,2500,3500,79
23121411,2500,3500,79
23121412,2500,3500,79
23121413,2500,3500,79
23121414,2500,3500,79
23121415,2500,3500,79
23121416,2500,3500,78
23121417,2500,3500,78
23121418,2500,3500,79
23121419,2500,3500,79
23121420,2500,3500,79
23121421,2500,3500,64
23121422,2500,3500,64
23121423,2500,3500,64
23121500,2500,3500,64
23121501,2500,3500,64
23121502,2500,3500,64
23121503,2500,3500,64
23121504,2500,3500,64
23121505,2500,3500,64
23121506,2500,3500,64
23121507,2500,3500,64
23121508,2500,3500,64
23121509,2500,3500,64
23121510,2500,3500,64
23121511,2500,3500,64
23121512,2500,3500,64
23121513,2500,3500,64
23121514,2500,3500,64
23121515,2500,3500,64
23121516,2500,3500,64
23121517,2500,3500,64
23121518,2500,3500,64
23121519,2500,3500,64
23121520,2500,3250,44
23121521,2500,3000,43
23121522,2500,2500,5
23121523,2500,2500,5
23121600,2500,2500,5
23121601,2500,2500,10
23121602,2500,2500,10
23121603,2500,2500,12
23121604,2500,2500,12
23121605,2500,2500,12
23121606,2500,2500,12
23121607,2500,2500,9
23121608,2500,2500,9
23121609,2500,2500,46
23121610,2500,2500,46
23121611,2500,2500,46
23121612,2500,2500,46
23121613,2500,2500,46
23121614,2500,2500,46
23121615,2500,2500,46
23121616,2500,2500,46
23121617,2500,2500,46
23121618,2500,2500,54
23121619,2500,2500,54
23121620,2500,2500,54
23121621,2500,2500,53
23121622,2500,2500,78
23121623,2500,2500,78
23121700,2500,2500,78
23121701,2500,2500,78
23121702,2500,2500,78
23121703,2500,2500,78
23121704,2500,2500,78
23121705,2500,2500,78
23121706,2500,2500,78
23121707,2500,2500,78
23121708,2500,2500,78
23121709,2500,2500,78
23121710,2500,2500,78
23121711,2500,2500,78
23121712,2500,2500,78
23121713,2400,2500,82
23121714,2400,2500,84
23121715,2400,2500,84
23121716,2400,2500,85
23121717,2400,2500,85
23121718,2400,2500,85
23121719,2400,2500,85
23121720,2400,2500,85
23121721,2400,2500,85
23121722,2400,2500,85
23121723,2400,2500,100
23121800,2400,2500,100
23121801,2400,2500,95
23121802,2400,2500,95
23121803,2400,2500,93
23121804,2400,2500,93
23121805,2400,2500,93
23121806,2400,2500,93
23121807,2400,2500,93
23121808,2400,2500,93
23121809,2400,2500,56
23121810,2400,2500,56
23121811,2200,2400,94
23121812,2200,2400,94
23121813,2200,2400,94
23121814,2200,2400,94
23121815,2200,2400,99
23121816,2200,2400,99
23121817,2200,2400,99
23121818,2200,2400,90
23121819,2200,2400,102
23121820,2200,2400,102
23121821,2200,2400,102
23121822,2200,2400,77
23121823,2200,2200,102
23121900,2200,2200,102
23121901,2200,2200,102
23121902,2200,2200,102
23121903,2200,2200,102
23121904,2200,2200,102
23121905,2200,2200,102
23121906,2200,2200,102
23121907,2200,2200,102
23121908,2200,2200,102
23121909,2200,2200,102
23121910,2200,2200,102
23121911,2200,2200,65
23121912,2200,2200,65
23121913,2200,2200,61
23121914,2200,2200,59
23121915,2200,2200,59
23121916,2200,2200,67
23121917,2200,2200,67
23121918,2200,2200,67
23121919,2200,2200,67
23121920,2200,2200,69
23121921,2200,2200,69
23121922,2200,2200,70
23121923,2200,2200,55
23122000,2200,2200,55
23122001,2200,2200,55
23122002,2200,2200,55
23122003,2200,2200,55
23122004,2200,2200,55
23122005,2200,2200,55
23122006,2200,2200,55
23122007,2200,2200,55
23122008,2200,2200,55
23122009,2200,2200,55
23122010,2200,2200,55
23122012,2200,2200,54
23122013,2200,2200,54
23122014,2200,2200,54
23122015,2200,2200,49
23122016,2200,2200,49
23122017,2200,2200,50
23122018,2200,2200,50
23122019,2200,2200,38
23122020,2200,2200,38
23122021,2200,2200,38
23122022,2200,2200,38
23122023,2200,2200,16
23122100,2200,2200,16
23122101,2200,2200,16
23122102,2200,2200,16
23122103,2200,2200,16
23122104,2200,2200,16
23122105,2200,2200,16
23122106,2200,2200,16
23122107,2200,2200,16
23122108,2200,2200,16
23122109,2200,2200,16
23122110,2000,2200,18
23122111,2000,2200,18
23122112,2000,2200,18
23122113,2000,2200,18
23122114,2000,2200,18
23122115,2000,2200,18
23122116,2000,2200,9
23122117,2000,2000,20
23122118,2000,2000,20
23122119,2000,2000,20
23122120,2000,2000,27
23122121,2000,2000,27
23122122,2000,2000,27
23122123,2000,2000,27
23122200,2000,2000,27
23122201,2000,2000,27
23122202,2000,2000,27
23122203,2000,2000,27
23122204,2000,2000,27
23122205,2000,2000,27
23122206,2000,2000,27
23122207,2000,2000,27
23122208,2000,2000,27
23122209,2000,2000,27
23122210,2000,2000,27
23122211,2000,2000,27
23122212,2000,2000,27
23122213,2000,2000,27
23122214,2000,2000,27
23122215,2000,2000,27
23122216,2000,2000,27
23122217,2000,2000,27
23122218,2000,2000,27
23122219,2000,2000,27
23122220,2000,2000,27
23122221,2000,2000,27
23122222,2000,2000,27
23122223,2000,2000,24
23122300,2000,2000,24
23122301,2000,2000,117
23122302,2000,2000,117
23122303,2000,2000,117
23122304,1500,2000,119
23122305,1500,2000,119
23122306,1500,2000,119
23122307,1500,2000,119
23122308,1500,2000,119
23122309,1500,2000,119
23122310,1500,2000,122
23122311,1500,2000,123
23122312,1500,2000,130
23122313,1500,2000,130
23122314,1500,2000,130
23122315,1500,2000,130
23122316,1500,2000,130
23122317,1500,2000,118
23122318,1500,2000,118
23122319,1500,2000,118
23122320,1500,2000,118
23122321,1500,2000,118
23122322,1500,2000,139
23122323,1500,2000,139
23122400,1500,2000,133
23122401,1500,2000,133
23122402,1500,2000,133
23122403,1500,2000,133
23122404,1500,2000,131
23122405,1500,2000,131
23122406,1500,2000,131
23122407,1500,2000,131
23122408,1500,2000,131
23122409,1500,2000,131
23122410,1500,2000,125
23122411,1500,2000,125
23122412,1500,2000,125
23122413,1500,2000,125
23122414,1500,2000,125
23122415,1500,2000,125
23122416,1500,2000,126
23122417,1500,2000,127
23122418,700,2000,132
23122419,700,2000,132
23122420,700,2000,132
23122421,700,2000,132
23122422,700,2000,132
23122423,700,2000,132
23122500,700,2000,132
23122501,700,1500,40
23122502,700,1500,132
23122503,700,1500,132
23122504,700,1500,132
23122505,700,1500,132
23122506,700,1500,132
23122507,700,1500,132
23122508,700,1500,132
23122509,700,1500,132
23122510,700,1500,132
23122511,700,1500,131
23122512,700,1500,131
23122513,700,1500,131
23122514,700,1500,131
23122515,700,1500,131
23122516,700,1500,131
23122517,700,1500,131
23122518,700,1500,131
23122519,700,1500,131
23122520,700,1500,149
23122521,700,1500,158
23122522,700,1500,136
23122523,700,1500,136
23122600,700,1500,135
23122601,700,1500,142
23122602,700,1500,142
23122603,700,1500,142
23122604,700,1500,142
23122605,700,1500,142
23122606,700,1500,142
23122607,700,1500,142
23122608,700,1500,142
23122609,700,1500,142
23122610,700,1500,142
23122611,700,1500,142
23122612,700,1500,142
23122613,700,1500,142
23122614,700,1500,142
23122615,700,1500,142
23122616,700,1500,141
23122617,700,1500,140
23122618,700,1500,135
23122619,700,1500,135
23122620,700,1500,135
23122621,700,1500,146
23122622,700,1500,146
23122623,700,1500,146
23122700,700,1500,146
23122701,700,1500,146
23122702,700,700,54
23122703,700,700,54
23122704,700,700,54
23122705,700,700,54
23122706,700,700,61
23122707,700,700,61
23122708,700,700,61
23122709,700,700,61
23122710,700,700,61
23122711,700,700,61
23122712,700,700,61
23122713,700,700,61
23122714,700,700,61
23122715,700,700,61
23122716,700,700,61
23122717,700,700,61
23122718,700,700,63
23122719,700,700,63
23122720,700,700,36
23122721,700,700,128
23122722,700,700,128
23122723,700,700,128
23122800,700,700,128
23122801,700,700,121
23122802,700,700,121
23122803,700,700,121
23122804,700,700,121
23122805,700,700,121
23122806,700,700,121
23122807,700,700,121
23122808,700,700,123
23122809,700,700,123
23122810,700,700,123
23122811,700,700,123
23122812,700,700,123
23122813,700,700,123
23122814,700,700,123
23122815,700,700,123
23122816,700,700,123
23122817,700,700,123
23122818,300,700,124
23122819,300,700,124
23122820,300,700,124
23122821,300,700,134
23122822,300,700,134
23122823,300,700,134
23122900,300,700,134
23122901,300,700,134
23122902,300,700,134
23122903,300,700,134
23122904,300,700,134
23122905,300,700,134
23122906,300,700,127
23122907,300,700,127
23122908,300,700,125
23122909,300,700,125
23122910,300,700,125
23122911,300,700,125
23122912,300,700,125
23122913,300,700,125
23122914,300,700,125
23122915,300,700,125
23122916,300,700,125
23122917,300,700,125
23122918,300,700,122
23122919,300,700,122
23122920,300,700,122
23122921,300,300,30
23122922,300,300,30
23122923,300,300,30
23123000,300,300,30
23123001,300,300,30
23123002,300,300,30
23123003,300,300,30
23123004,300,300,30
23123005,300,300,30
23123006,300,300,50
23123007,300,300,50
23123008,300,300,50
23123009,300,300,50
23123010,300,300,50
23123011,300,300,50
23123012,300,300,50
23123013,300,300,50
23123014,300,300,50
23123015,300,300,50
23123016,300,300,50
23123017,300,300,50
23123018,300,300,50
23123019,300,300,50
23123020,200,300,51
23123021,200,300,21
23123022,200,300,21
23123023,200,300,21
23123100,200,300,21
23123101,200,300,21
23123102,200,300,21
23123103,200,300,21
23123104,200,300,21
23123105,200,300,21
23123106,200,300,21
23123107,200,300,21
23123108,200,300,21
23123109,200,300,21
23123110,200,300,21
23123111,200,300,21
23123112,200,300,21
23123113,200,300,22
23123114,200,300,22
23123115,200,300,22
23123116,200,300,22
23123117,200,300,22
23123118,200,300,22
23123119,200,300,22
23123120,200,300,22
23123121,200,300,22
23123122,200,300,22
23123123,200,300,22
24010100,200,300,22
24010101,200,300,22
24010102,200,300,22
24010103,200,300,22
24010104,200,300,22
24010105,200,300,22
24010106,200,200,2
24010107,200,200,2
24010108,200,200,2
24010109,200,200,2
24010110,200,200,2
24010111,200,200,2
24010112,200,200,2
24010113,200,200,2
24010114,200,200,2
24010115,200,200,2
24010116,200,200,2
24010117,200,200,2
24010118,200,200,2
24010119,200,200,2
24010120,200,200,1
24010121,200,200,1
24010122,200,200,1
24010123,200,200,1
24010200,200,200,1
24010201,200,200,1
24010202,200,200,1
24010203,200,200,1
24010204,200,200,1
24010205,200,500050,2
24010206,200,500050,2
24010207,200,500050,2
24010208,200,200,22
24010209,200,200,22
24010210,200,200,22
24010211,200,200,22
24010212,200,200,22
24010213,200,200,21
24010214,200,200,21
24010215,200,200,21
24010216,200,200,21
24010217,200,200,21
24010218,200,200,21
24010219,200,200,21
24010220,200,200,21
24010221,200,200,21
24010222,200,200,21
24010223,150,200,26
24010300,150,200,27
24010301,150,200,27
24010302,150,200,27
24010303,150,200,27
24010304,150,200,27
24010305,150,200,27
24010306,150,200,27
24010307,150,200,27
24010308,150,200,27
24010309,150,200,27
24010310,150,200,27
24010311,150,200,27
24010312,150,200,27
24010313,150,200,27
24010314,150,200,28
24010315,150,200,28
24010316,150,200,28
24010317,150,200,28
24010318,150,200,28
24010319,150,200,28
24010320,150,200,28
24010321,150,200,28
24010322,150,200,28
24010323,150,200,24
24010400,150,200,27
24010401,150,200,27
24010402,150,200,27
24010403,150,200,33
24010404,150,200,33
24010405,150,200,32
24010406,150,200,32
24010407,150,200,32
24010408,150,500050,12
24010409,150,500050,12
24010410,150,500050,12
24010411,150,500050,12
24010412,150,500050,12
24010413,150,500050,12
24010414,150,200,13
24010415,150,200,13
24010416,140,150,22
24010417,140,150,22
24010418,140,150,22
24010419,140,150,22
24010420,140,150,22
24010421,140,150,22
24010422,140,150,22
24010423,140,150,21
24010500,90,140,37
24010501,90,140,37
24010502,90,140,37
24010503,90,140,37
24010504,90,140,37
24010505,90,140,37
24010506,90,140,37
24010507,90,140,37
24010508,90,140,37
24010509,90,140,37
24010510,90,140,37
24010511,90,140,37
24010512,90,140,37
24010513,25,140,38
24010514,25,140,37
24010515,25,140,37
24010516,25,90,33
24010517,25,90,33
24010518,25,90,34
24010519,20,90,38
24010520,20,90,38
24010521,20,90,38
24010522,20,90,38
24010523,20,90,38
24010600,20,140,18
24010601,20,140,19
24010602,20,140,19
24010603,20,25,13
24010604,20,25,13
24010605,20,25,13
24010606,20,25,13
24010607,20,25,13
24010608,20,25,13
24010609,20,25,13
24010610,20,25,13
24010611,20,25,13
24010612,20,25,13
24010613,20,25,13
24010614,20,25,13
24010615,20,25,13
24010616,20,20,8
24010617,20,20,8
24010618,20,20,8
24010619,20,25,4
24010620,20,25,4
24010621,20,25,4
24010622,20,25,4
24010623,20,25,4
24010700,20,25,4
24010701,20,25,4
24010702,20,25,4
24010703,20,25,4
24010704,20,25,4
24010705,20,25,4
24010706,20,25,4
24010707,20,25,4
24010708,20,25,4
24010709,20,25,4
24010710,20,25,4
24010711,20,25,4
24010712,20,25,4
24010713,20,25,3
24010714,20,25,3
24010715,20,25,3
24010716,20,25,3
24010717,20,25,3
24010718,20,20,1
24010719,20,20,1
24010720,20,20,1
24010721,20,20,1
24010722,20,20,1
24010723,20,20,1
24010800,20,20,1
24010810,160,160,1
24010811,160,160,1
24010812,160,160,1
24010813,160,160,1
24010814,160,160,1
24010815,160,160,2
24010816,160,160,2
24010817,160,160,2
24010818,160,160,2
24010819,160,160,2
24010820,160,160,2
24010821,160,160,9
24010822,160,160,8
24010823,160,160,8
24010900,160,160,8
24010901,160,160,8
24010902,160,160,8
24010903,160,160,8
24010904,160,160,8
24010905,160,160,8
24010906,160,160,8
24010907,160,160,8
24010908,160,160,8
24010909,160,160,8
24010910,160,160,8
24010911,160,160,8
24010912,160,160,8
24010913,160,160,8
24010914,160,160,8
24010915,160,160,8
24010916,160,160,8
24010917,160,160,8
24010918,160,160,8
24010919,160,160,14
24010920,160,160,14
24010921,160,160,14
24010922,160,160,14
24010923,160,160,14
24011000,160,160,15
24011001,160,160,15
24011002,160,160,15
24011003,160,160,15
24011004,160,160,15
24011005,160,160,15
24011006,160,160,15
24011007,160,160,15
24011008,160,160,15
24011009,160,160,15
24011010,160,160,15
24011011,160,160,15
24011012,160,160,15
24011013,160,160,15
24011014,160,160,15
24011015,160,160,14
24011016,160,160,14
24011017,160,160,14
24011018,160,160,14
24011019,160,160,14
24011020,160,160,14
24011021,160,160,7
24011022,160,160,7
24011023,160,160,7
24011100,160,160,6
24011101,160,160,7
24011102,160,160,7
24011103,160,160,7
24011104,160,160,7
24011105,160,160,7
24011106,160,160,7
24011107,160,160,7
24011108,160,160,7
24011109,160,160,11
24011110,160,160,11
24011111,160,160,11
24011112,160,160,11
24011113,160,160,11
24011114,160,160,11
24011115,160,160,11
24011116,160,160,11
24011117,160,160,11
24011118,160,160,11
24011119,160,160,11
24011120,160,160,5
24011121,160,160,1
24011122,160,160,1
24011123,160,160,1
24011200,160,160,1
24011201,160,160,1
24011300,282,282,1
24011301,282,282,1
24011302,282,282,1
24011303,282,282,1
24011304,282,282,1
24011305,282,282,1
24011306,282,282,6
24011307,282,282,6
24011308,282,282,6
24011309,282,282,7
24011310,282,282,7
24011311,282,282,7
24011312,282,282,7
24011313,282,282,7
24011314,282,282,7
24011315,282,282,7
24011316,282,282,7
24011317,282,282,7
24011318,282,282,7
24011319,282,282,7
24011320,282,282,7
24011321,282,282,7
24011322,282,282,7
24011323,282,282,7
24011400,282,282,10
24011401,282,282,10
24011402,282,282,10
24011403,282,282,10
24011404,282,282,10
24011405,282,282,11
24011406,282,282,12
24011407,282,282,12
24011408,282,282,12
24011409,282,282,11
24011410,282,282,11
24011411,282,282,11
24011412,282,282,11
24011413,282,282,11
24011414,282,282,11
24011415,254,282,13
24011416,200,282,19
24011417,200,282,19
24011418,200,282,19
24011419,200,282,19
24011420,200,282,19
24011421,200,282,19
24011422,200,282,19
24011423,200,282,19
24011500,200,282,19
24011501,200,282,19
24011502,200,282,20
24011503,200,282,20
24011504,200,282,20
24011505,200,282,20
24011506,200,254,15
24011507,200,254,15
24011508,200,254,15
24011509,200,254,15
24011510,200,254,15
24011511,200,227,16
24011512,200,227,16
24011513,200,227,16
24011514,200,227,16
24011515,200,200,22
24011516,200,227,16
24011517,200,227,16
24011518,200,227,16
24011519,200,227,16
24011520,100,200,20
24011521,100,200,20
24011522,100,200,20
24011523,100,200,20
24011600,100,200,16
24011601,100,200,16
24011602,100,200,16
24011603,100,200,10
24011604,100,200,10
24011605,100,200,9
24011606,100,150,8
24011607,100,150,8
24011608,100,150,8
24011609,100,150,8
24011610,100,150,8
24011611,100,150,8
24011612,100,150,8
24011613,100,150,8
24011614,100,150,8
24011615,100,100,6
24011616,100,100,7
24011617,90,100,9
24011618,90,100,9
24011619,90,100,9
24011620,90,100,5
24011621,90,90,7
24011622,90,90,7
24011623,90,90,7
24011700,90,90,7
24011701,90,90,7
24011702,90,90,6
24011703,90,90,6
24011704,90,90,6
24011705,90,90,6
24011706,90,90,6
24011707,90,90,6
24011708,90,90,6
24011709,90,90,6
24011710,90,90,5
24011711,90,90,5
24011712,90,90,5
24011713,90,90,5
24011714,90,90,5
24011715,90,90,5
24011716,90,90,5
24011717,90,90,7
24011718,90,90,7
24011719,90,90,7
24011720,90,90,7
24011721,90,90,7
24011722,90,90,7
24011723,90,90,7
24011800,90,90,7
24011801,90,90,7
24011802,90,90,7
24011803,90,90,7
24011804,90,90,7
24011805,90,90,7
24011806,90,90,7
24011807,90,90,7
24011808,90,90,7
24011809,90,90,7
24011810,90,90,7
24011811,90,90,7
24011812,90,90,7
24011813,90,90,7
24011814,90,90,7
24011815,90,90,7
24011816,90,90,6
24011817,90,90,4
24011818,90,90,6
24011819,90,90,6
24011820,90,90,6
24011821,80,80,19
24011822,80,80,19
24011823,80,80,19
24011900,80,80,19
24011901,80,80,19
24011902,80,80,19
24011903,80,80,19
24011904,80,80,19
24011905,80,80,19
24011906,80,80,19
24011907,80,80,19
24011908,80,80,19
24011909,80,80,19
24011910,72,80,21
24011911,72,80,21
24011912,72,80,22
24011913,72,80,22
24011914,72,80,22
24011915,72,80,22
24011916,72,80,22
24011917,72,80,20
24011918,72,80,18
24011919,72,80,18
24011920,72,80,18
24011921,72,80,18
24011922,72,80,18
24011923,72,80,18
24012000,72,80,18
24012001,72,80,18
24012002,67,67,52
24012003,67,67,52
24012004,67,67,52
24012005,67,67,52
24012006,67,67,52
24012007,67,67,52
24012008,67,67,52
24012009,67,67,52
24012010,67,67,52
24012011,67,67,52
24012012,67,67,52
24012013,67,67,52
24012014,67,67,52
24012015,67,67,52
24012016,67,67,52
24012017,67,67,52
24012018,67,67,52
24012019,67,67,52
24012020,67,67,52
24012021,67,67,38
24012022,67,67,38
24012023,67,67,38
24012100,67,67,38
24012101,67,67,40
24012102,67,67,39
24012103,65,67,41
24012104,65,67,41
24012105,65,67,41
24012106,65,67,41
24012107,65,67,41
24012108,65,67,41
24012109,65,67,41
24012110,65,67,40
24012111,65,67,40
24012112,65,67,39
24012113,65,67,56
24012114,65,67,56
24012115,65,67,56
24012116,65,67,56
24012117,59,67,58
24012118,59,67,58
24012119,59,67,58
24012120,59,67,66
24012121,59,67,66
24012122,59,67,65
24012123,59,67,66
24012200,59,67,66
24012201,59,67,64
24012202,59,65,31
24012203,59,65,30
24012204,59,65,30
24012205,59,65,30
24012206,59,65,30
24012207,59,65,30
24012208,59,65,30
24012209,59,65,30
24012210,59,65,30
24012211,59,65,29
24012212,59,65,29
24012213,59,65,29
24012214,59,65,29
24012215,59,65,31
24012216,59,65,32
24012217,59,65,32
24012218,59,65,32
24012219,59,65,32
24012220,59,65,32
24012221,59,65,31
24012222,59,65,31
24012223,59,65,31
24012300,59,65,31
24012301,59,65,31
24012302,50,62,34
24012303,50,65,33
24012304,50,65,33
24012305,50,65,33
24012306,50,65,33
24012307,50,65,33
24012308,50,65,33
24012309,50,65,33
24012310,50,65,33
24012311,50,65,33
24012312,50,65,33
24012313,50,65,33
24012315,50,59,15
24012316,50,59,15
24012317,50,59,15
24012318,50,59,13
24012319,50,59,15
24012320,50,50,7
24012321,50,50,15
24012322,45,50,18
24012323,45,50,18
24012400,45,50,18
24012401,45,50,18
24012402,45,50,21
24012403,45,50,23
24012404,45,50,22
24012405,45,50,23
24012406,45,50,23
24012407,45,50,23
24012408,45,50,23
24012409,45,50,23
24012410,45,50,22
24012411,45,50,23
24012412,45,50,23
24012413,45,50,23
24012414,45,50,23
24012415,45,50,23
24012416,45,50,23
24012417,45,50,23
24012418,45,50,24
24012419,45,50,24
24012420,45,50,24
24012421,45,50,24
24012422,45,50,24
24012423,45,50,24
24012500,45,50,24
24012501,45,50,24
24012502,45,50,24
24012503,45,50,16
24012504,45,50,16
24012505,45,50,16
24012506,45,50,15
24012507,45,50,15
24012508,45,50,15
24012509,45,50,15
24012510,45,50,18
24012511,45,50,17
24012512,45,50,17
24012513,45,50,17
24012514,45,50,16
24012515,45,50,18
24012516,45,47,20
24012517,45,47,20
24012518,45,47,20
24012519,45,45,20
24012520,45,45,20
24012521,45,45,12
24012522,45,45,17
24012523,45,45,17
24012600,45,45,17
24012601,45,45,18
24012602,45,45,18
24012603,45,45,18
24012604,45,45,18
24012605,45,45,17
24012606,45,45,17
24012607,45,45,17
24012608,45,45,17
24012609,45,45,17
24012610,41,45,16
24012611,41,45,16
24012612,41,45,16
24012613,41,45,16
24012614,41,45,15
24012615,41,45,15
24012616,41,45,15
24012617,41,45,17
24012618,41,45,17
24012619,41,45,17
24012620,41,45,17
24012621,41,43,10
24012622,41,41,18
24012623,41,41,18
24012700,41,41,20
24012701,41,41,20
24012702,41,41,20
24012703,41,41,20
24012704,41,41,21
24012705,41,41,21
24012706,41,41,21
24012707,41,41,21
24012708,41,41,21
24012709,41,41,21
24012710,41,41,21
24012711,41,41,22
24012712,41,41,22
24012713,41,41,22
24012714,41,41,27
24012715,41,41,25
24012716,41,41,25
24012717,41,41,23
24012718,41,41,21
24012719,41,41,21
24012720,41,41,21
24012721,41,41,22
24012722,41,41,23
24012723,41,41,23
24012800,41,41,20
24012801,41,41,20
24012802,41,41,20
24012803,41,41,23
24012804,41,41,22
24012805,41,41,22
24012806,41,41,22
24012807,41,41,22
24012808,41,41,22
24012809,41,41,20
24012810,41,41,20
24012811,41,41,21
24012812,41,41,21
24012813,41,41,21
24012814,41,41,21
24012815,41,41,20
24012816,41,41,20
24012817,41,41,20
24012818,41,41,21
24012819,41,41,21
24012820,41,41,21
24012821,41,41,21
24012822,41,41,14
24012823,41,41,14
24012900,41,41,14
24012901,41,41,15
24012902,41,41,15
24012903,41,41,12
24012904,41,41,12
24012905,41,41,12
24012906,41,41,12
24012907,41,41,12
24012908,41,41,12
24012909,41,41,12
24012910,41,41,12
24012911,41,41,10
24012912,41,41,10
24012913,41,41,10
24012914,41,41,12
24012915,41,41,12
24012916,41,41,12
24012917,41,41,12
24012918,41,41,11
24012919,41,41,11
24012920,41,41,11
24012921,41,41,10
24012922,41,41,9
24012923,41,41,9
24013000,41,41,9
24013001,41,41,8
24013002,41,41,8
24013003,41,41,8
24013004,41,41,8
24013005,41,41,8
24013006,41,41,8
24013007,41,41,8
24013008,41,41,9
24013009,41,41,9
24013010,41,41,9
24013011,41,41,9
24013012,41,41,13
24013013,41,41,13
24013014,41,41,13
24013015,41,41,11
24013016,41,41,11
24013017,41,41,11
24013018,41,41,11
24013019,41,41,11
24013020,41,41,11
24013021,41,41,11
24013022,41,41,11
24013023,41,41,11
24013100,41,41,11
24013101,41,41,13
24013102,41,41,13
24013103,41,41,13
24013104,41,41,13
24013105,41,41,13
24013106,41,41,13
24013107,41,41,13
24013108,41,41,13
24013109,41,41,16
24013110,41,41,16
24013111,41,41,16
24013112,41,41,16
24013113,41,41,16
24013114,41,41,10
24013115,41,41,10
24013116,41,41,15
24013117,41,41,15
24013118,41,41,15
24013119,41,41,15
24013120,41,41,15
24013121,41,41,15
24013122,41,41,15
24013123,41,41,15
24020100,41,41,13
24020101,41,41,13
24020102,41,41,13
24020103,41,41,13
24020104,41,41,13
24020105,41,41,13
24020106,41,41,13
24020107,41,41,39
24020108,41,41,38
24020109,41,41,38
24020110,41,41,38
24020111,41,41,38
24020112,41,41,34
24020113,41,41,34
24020114,41,41,34
24020115,41,41,34
24020116,41,41,29
24020117,41,41,29
24020118,41,41,29
24020119,41,41,5
24020120,41,41,5
24020121,41,41,5
24020122,41,41,5
24020123,41,41,5
24020200,41,41,5
24020201,41,41,5
24020202,41,41,12
24020203,41,41,12
24020204,41,41,12
24020205,41,41,12
24020206,41,41,12
24020207,41,41,12
24020208,41,41,12
24020209,41,41,9
24020210,41,41,9
24020211,41,41,9
24020212,41,41,9
24020213,41,41,9
24020214,41,41,10
24020215,41,41,15
24020216,41,41,15
24020217,41,41,16
24020218,41,41,16
24020219,41,41,22
24020220,41,41,22
24020221,41,41,22
24020222,41,41,22
24020223,41,41,22
24020300,41,41,22
24020301,41,41,22
24020302,41,41,17
24020303,41,41,17
24020304,41,41,17
24020305,41,41,17
24020306,41,41,17
24020307,41,41,17
24020308,41,41,17
24020309,41,41,17
24020310,41,41,17
24020311,41,41,18
24020312,41,41,18
24020313,41,41,18
24020314,41,41,18
24020315,41,541,13
24020316,41,41,27
24020317,41,41,27
24020318,41,41,27
24020319,41,41,31
24020320,41,41,31
24020321,41,41,31
24020322,41,41,31
24020323,41,41,31
24020400,41,41,31
24020401,41,41,31
24020402,41,41,32
24020403,41,41,32
24020404,41,41,32
24020405,41,41,32
24020406,41,41,32
24020407,41,41,32
24020408,41,41,32
24020409,41,41,32
24020410,41,41,32
24020411,41,41,32
24020412,41,41,32
24020413,41,41,34
24020414,41,41,33
24020415,41,41,38
24020416,41,41,38
24020417,41,41,37
24020418,41,41,37
24020419,41,41,29
24020420,41,41,32
24020421,41,41,32
24020422,41,41,34
24020423,41,41,34
24020500,41,41,34
24020501,41,41,34
24020502,41,41,41
24020503,41,41,41
24020504,41,41,41
24020505,41,41,41
24020506,41,41,41
24020507,41,41,41
24020508,41,41,41
24020509,41,41,41
24020510,41,41,41
24020511,41,41,40
24020512,41,41,40
24020513,41,41,38
24020514,41,41,38
24020515,41,41,44
24020516,41,41,30
24020517,41,41,35
24020518,41,41,35
24020519,41,41,31
24020520,41,41,46
24020521,41,41,46
24020522,41,41,44
24020523,41,41,44
24020600,41,41,44
24020601,41,41,46
24020602,41,41,43
24020603,41,41,43
24020604,41,41,43
24020605,41,41,43
24020606,41,41,43
24020607,41,41,43
24020608,41,41,43
24020609,41,41,43
24020610,41,41,43
24020611,41,41,43
24020612,41,41,43
24020613,41,41,43
24020614,41,41,43
24020615,41,41,43
24020616,41,41,43
24020617,41,41,43
24020618,41,41,38
24020619,41,41,38
24020620,41,41,35
24020621,41,41,44
24020622,41,41,44
24020623,41,41,44
24020700,41,41,44
24020701,41,41,44
24020702,41,41,35
24020703,41,41,35
24020704,41,41,35
24020705,41,41,35
24020706,41,41,35
24020707,41,41,35
24020708,41,41,35
24020709,41,41,35
24020710,41,41,37
24020711,41,41,37
24020712,41,41,37
24020713,41,41,38
24020714,41,41,38
24020715,41,41,38
24020716,41,41,28
24020717,41,41,28
24020718,41,41,28
24020719,41,41,28
24020720,41,41,28
24020721,41,41,8
24020722,41,41,13
24020723,41,41,13
24020800,41,41,14
24020801,41,41,14
24020802,41,41,14
24020803,41,41,14
24020804,41,41,14
24020805,41,41,14
24020806,41,41,14
24020807,41,41,14
24020808,41,41,14
24020809,41,41,14
24020810,41,41,12
24020811,41,41,12
24020812,41,41,12
24020813,41,41,14
24020814,41,41,15
24020815,41,41,15
24020816,41,41,14
24020817,41,41,14
24020818,41,41,14
24020819,41,41,14
24020820,41,41,15
24020821,41,41,11
24020822,40,41,7
24020823,40,190,14
24020900,40,190,14
24020901,40,41,19
24020902,40,41,19
24020903,40,41,19
24020904,40,41,19
24020905,40,41,19
24020906,40,41,19
24020907,40,41,18
24020908,40,41,18
24020909,40,41,18
24020910,40,41,18
24020911,40,41,18
24020912,40,41,18
24020913,40,41,15
24020914,40,41,16
24020915,40,40,18
24020916,40,40,18
24020917,40,40,18
24020918,40,40,18
24020919,40,40,18
24020920,40,40,18
24020921,40,40,18
24020922,40,40,18
24020923,40,40,18
24021000,40,40,17
24021001,40,340,12
24021002,40,340,12
24021003,40,340,13
24021004,40,340,13
24021005,40,340,13
24021006,40,340,13
24021007,40,340,13
24021008,40,340,13
24021009,40,340,13
24021010,40,340,13
24021011,40,340,13
24021012,40,340,13
24021013,40,340,13
24021014,40,340,12
24021015,40,340,10
24021016,40,340,10
24021017,40,340,10
24021018,40,40,16
24021019,40,40,16
24021020,40,40,15
24021021,40,40,15
24021022,40,190,14
24021023,40,190,14
24021100,40,40,7
24021101,40,40,7
24021102,40,40,7
24021103,40,40,7
24021104,40,40,7
24021105,40,40,7
24021106,40,40,7
24021107,40,40,7
24021108,40,40,7
24021109,40,40,7
24021110,40,40,7
24021111,40,40,7
24021112,40,40,7
24021113,40,40,12
24021114,40,40,12
24021115,40,40,12
24021116,40,40,12
24021117,40,40,12
24021118,40,40,10
24021119,40,40,10
24021120,40,40,10
24021121,39,39,25
24021122,39,40,32
24021123,39,40,32
24021200,39,40,32
24021201,39,40,32
24021202,39,40,32
24021203,39,40,31
24021204,39,40,31
24021205,39,40,31
24021206,39,40,31
24021207,39,40,31
24021208,39,40,31
24021209,39,40,31
24021210,39,39,33
24021211,39,39,33
24021212,39,39,33
24021213,39,39,28
24021214,39,39,28
24021215,39,39,33
24021216,39,39,33
24021217,39,39,33
24021218,39,39,29
24021219,39,39,29
24021220,39,39,29
24021221,27,39,33
24021222,27,39,33
24021223,27,39,33
24021300,27,39,33
24021301,27,39,33
24021302,27,39,33
24021303,27,39,33
24021304,27,39,33
24021305,27,39,33
24021306,27,39,33
24021307,27,39,33
24021308,27,39,33
24021309,27,39,33
24021310,27,39,33
24021311,27,39,33
24021312,27,39,33
24021313,27,39,33
24021314,27,39,33
24021315,27,39,34
24021316,27,39,34
24021317,27,39,34
24021318,27,39,36
24021319,27,39,36
24021320,27,39,41
24021321,27,39,26
24021322,27,27,19
24021323,27,27,19
24021400,27,27,19
24021401,27,27,19
24021402,27,27,19
24021403,27,27,19
24021404,27,27,19
24021405,27,27,19
24021406,27,27,19
24021407,27,27,19
24021408,27,27,19
24021409,27,27,19
24021410,27,27,19
24021411,27,27,17
24021412,27,27,17
24021413,27,27,17
24021414,27,27,17
24021415,27,27,20
24021416,27,27,20
24021417,27,27,21
24021418,27,27,35
24021419,27,27,35
24021420,27,27,30
24021421,27,27,26
24021422,27,27,29
24021423,27,27,29
24021500,27,27,29
24021502,27,27,29
24021503,27,27,29
24021504,27,27,29
24021505,27,27,29
24021506,27,27,29
24021507,27,27,29
24021508,27,27,31
24021509,27,27,31
24021510,27,27,31
24021511,27,27,31
24021512,27,27,31
24021513,27,27,31
24021514,27,27,31
24021515,27,27,30
24021516,27,27,30
24021517,27,27,30
24021518,27,27,28
24021519,27,27,28
24021520,27,27,28
24021521,27,27,28
24021522,27,27,25
24021523,27,27,25
24021600,27,27,25
24021601,27,27,25
24021602,27,27,25
24021603,27,27,25
24021604,27,27,25
24021605,27,27,25
24021606,27,27,25
24021607,27,27,25
24021608,27,27,25
24021609,27,27,25
24021610,27,27,25
24021611,27,27,25
24021612,27,27,25
24021613,27,27,25
24021614,27,27,25
24021615,27,27,17
24021616,27,27,17
24021617,27,27,16
24021618,27,27,2
24021619,27,27,4
24021621,27,27,5
24021622,27,27,5
24021623,27,27,5
24021700,27,27,5
24021701,27,27,5
24021702,27,27,5
24021703,27,27,5
24021704,27,27,5
24021705,27,27,5
24021706,27,27,5
24021707,27,27,5
24021708,27,27,14
24021709,27,27,14
24021710,27,27,14
24021711,27,27,14
24021712,27,27,14
24021713,27,27,14
24021714,27,27,14
24021715,27,27,14
24021716,27,27,14
24021717,27,27,14
24021718,27,27,15
24021719,27,27,15
24021720,27,27,22
24021721,27,27,22
24021722,27,27,22
24021723,27,27,22
24021800,27,27,27
24021801,27,27,27
24021802,27,27,27
24021803,27,27,27
24021804,27,27,27
24021805,27,27,27
24021806,27,27,27
24021807,27,27,27
24021808,27,27,16
24021809,27,27,16
24021810,27,27,16
24021811,27,27,16
24021812,27,27,16
24021813,27,27,17
24021814,27,27,17
24021815,27,27,17
24021816,27,27,17
24021817,27,27,17
24021818,27,27,15
24021819,27,27,14
24021820,27,27,16
24021821,27,27,16
24021822,27,27,27
24021823,27,27,27
24021900,27,27,22
24021901,20,27,23
24021902,20,27,23
24021903,20,27,23
24021904,20,27,23
24021905,20,27,23
24021906,20,27,23
24021907,20,27,23
24021908,20,27,23
24021909,20,27,23
24021910,20,27,23
24021911,20,27,23
24021912,20,27,23
24021913,20,27,23
24021914,20,27,23
24021915,20,27,22
24021916,20,27,22
24021917,20,20,64
24021918,20,20,66
24021919,20,20,66
24021920,20,20,59
24021921,20,20,59
24021922,20,20,48
24021923,20,20,49
24022000,20,20,48
24022001,20,20,48
24022002,20,20,48
24022003,20,20,48
24022004,20,20,48
24022005,20,20,15
24022006,20,20,15
24022007,20,20,16
24022008,20,20,16
24022009,20,20,16
24022010,20,20,16
24022011,20,20,16
24022012,20,20,16
24022013,20,20,16
24022014,20,20,16
24022015,20,20,16
24022016,20,20,23
24022017,20,20,23
24022018,20,20,23
24022020,20,20,21
24022021,20,20,21
24022022,20,20,21
24022023,20,20,21
24022100,20,20,21
24022101,20,20,20
24022102,20,20,20
24022103,20,20,20
24022104,20,20,20
24022105,20,20,20
24022106,20,20,20
24022107,20,20,20
24022108,20,20,20
24022109,20,20,20
24022110,20,20,20
24022111,20,20,20
24022112,20,20,20
24022113,20,20,21
24022114,20,20,21
24022115,20,20,21
24022116,20,20,21
24022117,20,20,12
24022118,20,20,10
24022119,20,20,10
24022120,20,20,10
24022121,20,20,10
24022122,20,20,10
24022123,20,20,9
24022200,20,20,9
24022201,20,20,9
24022202,20,20,9
24022203,20,20,9
24022204,20,20,9
24022205,20,20,9
24022206,20,20,9
24022207,20,20,8
24022208,20,20,8
24022209,20,20,8
24022210,20,20,8
24022211,20,20,8
24022212,20,20,8
24022213,20,20,7
24022214,20,20,39
24022215,20,20,40
24022216,20,20,33
24022217,20,20,33
24022218,20,20,33
24022219,20,20,47
24022220,20,20,47
24022221,20,20,47
24022222,20,20,47
24022223,20,20,47
24022300,20,20,47
24022301,20,20,47
24022302,20,20,47
24022303,20,20,47
24022304,20,20,47
24022305,20,20,47
24022306,20,20,47
24022307,20,20,47
24022308,20,20,47
24022309,20,20,47
24022310,20,20,47
24022311,20,20,47
24022312,20,20,47
24022313,20,20,47
24022314,20,20,47
24022315,20,20,47
24022316,20,20,47
24022317,20,20,15
24022318,20,20,15
24022319,20,20,15
24022320,20,20,15
24022321,20,20,15
24022322,20,20,15
24022323,20,20,15
24022400,20,20,15
24022401,20,20,15
24022402,20,20,15
24022403,20,20,47
24022404,20,20,47
24022405,20,20,47
24022406,20,20,47
24022407,20,20,47
24022408,20,20,47
24022409,20,20,47
24022410,20,20,47
24022411,20,20,47
24022412,20,20,47
24022413,20,20,47
24022414,20,20,47
24022415,20,20,46
24022416,20,20,46
24022417,20,20,46
24022418,20,20,46
24022419,20,20,32
24022420,20,20,32
24022421,20,20,34
24022422,20,20,41
24022423,20,20,41
24022500,20,20,41
24022501,20,20,41
24022502,20,20,41
24022503,20,20,41
24022504,20,20,41
24022505,20,20,41
24022506,20,20,42
24022507,20,20,42
24022508,20,20,44
24022509,20,20,44
24022510,20,20,77
24022511,20,20,109
24022512,20,20,77
24022513,20,20,77
24022514,20,20,125
24022515,20,20,125
24022516,20,20,125
24022517,20,20,125
24022518,20,20,125
24022519,20,20,125
24022520,20,20,125
24022521,20,20,125
24022522,20,20,92
24022523,20,20,92
24022600,20,20,92
24022601,20,20,92
24022602,20,20,92
24022603,20,20,92
24022604,20,20,92
24022605,20,20,92
24022606,20,20,92
24022607,20,20,92
24022608,20,20,92
24022609,20,20,92
24022610,20,20,92
24022611,20,20,92
24022612,20,20,92
24022613,20,20,92
24022614,20,20,44
24022615,20,20,45
24022616,20,20,50
24022617,20,20,98
24022618,20,20,98
24022619,20,20,98
24022620,20,20,98
24022621,20,20,96
24022622,20,20,89
24022623,20,20,89
24022700,20,20,89
24022701,20,20,89
24022702,20,20,89
24022703,20,20,89
24022704,20,20,89
24022705,20,20,89
24022706,20,20,88
24022707,20,20,88
24022708,20,20,86
24022709,20,20,86
24022710,20,20,86
24022711,20,20,86
24022712,20,20,54
24022713,20,20,54
24022714,20,20,54
24022715,20,20,61
24022716,20,20,61
24022717,20,20,8
24022718,20,20,8
24022719,20,20,68
24022720,20,20,68
24022721,20,20,69
24022722,20,20,69
24022723,20,20,69
24022800,20,20,69
24022801,20,20,69
24022802,20,20,69
24022803,20,20,69
24022804,20,20,69
24022805,20,20,69
24022806,20,20,69
24022807,20,20,69
24022808,20,20,69
24022809,20,20,69
24022810,20,20,69
24022811,20,20,69
24022812,20,20,69
24022813,20,20,69
24022814,20,70,14
24022815,20,70,14
24022816,20,120,13
24022817,20,120,13
24022818,20,120,13
24022819,20,20,63
24022820,20,20,63
24022821,20,20,63
24022822,20,20,63
24022823,20,20,63
24022900,20,20,63
24022901,20,20,68
24022902,20,120,13
24022903,20,120,13
24022904,20,120,13
24022905,20,120,13
24022906,20,120,13
24022907,20,120,13
24022908,20,120,13
24022909,20,120,13
24022910,20,120,13
24022911,20,120,13
24022912,20,120,13
24022913,20,120,13
24022914,20,120,13
24022915,20,120,13
24022916,20,120,13
24022917,20,120,13
24022918,20,120,13
24022919,20,20,6
24022920,20,20,6
24022921,20,20,5
24022922,20,20,5
24022923,20,20,5
24030100,20,20,5
24030112,23,23,5
24030113,23,23,5
24030114,23,23,5
24030115,23,23,25
24030116,23,23,32
24030117,23,23,65
24030118,23,23,65
24030119,23,23,45
24030120,23,23,45
24030121,23,23,45
24030122,23,23,45
24030123,23,23,45
24030200,23,23,45
24030201,23,23,45
24030202,23,23,45
24030203,23,23,45
24030204,23,23,45
24030205,23,23,45
24030206,23,23,45
24030207,23,23,45
24030208,23,23,45
24030209,23,23,45
24030210,23,23,45
24030211,23,23,45
24030212,23,23,40
24030213,23,23,40
24030214,23,23,42
24030215,23,23,42
24030216,23,23,42
24030217,23,23,42
24030218,23,23,53
24030219,23,23,58
24030220,23,23,63
24030221,23,23,64
24030222,23,23,64
24030223,23,23,64
24030300,23,23,64
24030301,23,23,64
24030302,23,23,64
24030303,23,23,64
24030304,23,23,64
24030305,23,23,64
24030306,23,23,64
24030307,23,23,64
24030308,23,23,64
24030309,23,23,64
24030310,23,23,64
24030311,23,23,64
24030312,23,23,64
24030313,23,23,64
24030314,23,23,64
24030315,23,23,64
24030316,23,23,57
24030317,23,23,24
24030318,23,23,13
24030319,23,23,8
24030320,23,23,3
24030321,23,23,8
24030322,23,23,8
24030323,23,23,8
24030400,23,23,8
24030401,23,23,8
24030402,23,23,8
24030403,23,23,8
24030404,23,23,8
24030405,23,23,8
24030406,23,23,8
24030407,23,23,8
24030408,23,23,8
24030409,23,23,8
24030410,23,23,8
24030411,22,22,41
24030412,22,22,41
24030413,22,22,41
24030414,22,22,39
24030415,22,22,40
24030416,22,22,47
24030417,22,22,47
24030418,22,22,47
24030419,22,22,47
24030420,22,22,46
24030421,22,22,40
24030422,22,22,40
24030423,22,22,40
24030500,22,22,45
24030501,22,22,45
24030502,22,22,45
24030503,22,22,45
24030504,22,22,45
24030505,22,22,45
24030506,22,22,45
24030507,22,22,45
24030508,22,22,45
24030509,22,22,45
24030510,22,22,45
24030511,22,22,45
24030512,22,22,45
24030513,22,22,45
24030514,22,22,45
24030515,22,22,44
24030516,22,22,44
24030517,22,22,44
24030518,20,22,77
24030519,20,22,77
24030520,20,22,77
24030521,20,22,77
24030522,20,22,77
24030523,20,22,77
24030600,20,22,72
24030601,20,22,72
24030602,20,22,72
24030603,20,22,72
24030604,20,22,72
24030605,20,22,72
24030606,20,22,72
24030607,20,22,72
24030608,20,22,72
24030609,20,22,72
24030610,20,22,72
24030611,20,20,40
24030612,20,20,40
24030613,20,20,40
24030614,20,20,40
24030615,20,20,46
24030616,20,20,47
24030617,20,20,40
24030618,20,20,47
24030619,20,20,47
24030620,20,20,47
24030621,20,20,47
24030622,20,20,47
24030623,20,20,47
24030700,20,20,47
24030701,20,20,47
24030702,20,20,47
24030703,20,20,47
24030704,20,20,52
24030705,20,20,52
24030706,20,20,52
24030707,20,20,52
24030708,20,20,52
24030709,20,20,52
24030710,20,20,52
24030711,20,20,52
24030712,20,20,52
24030713,20,20,52
24030714,20,20,52
24030715,20,20,52
24030716,20,20,52
24030717,20,20,52
24030718,20,20,19
24030719,20,20,21
24030720,20,20,21
24030721,20,20,21
24030722,20,20,54
24030723,20,20,54
24030800,20,20,55
24030801,20,20,55
24030802,20,20,55
24030803,20,20,55
24030804,20,20,50
24030805,20,20,50
24030806,20,20,50
24030807,20,20,50
24030808,20,20,50
24030809,20,20,50
24030810,20,20,17
24030811,20,20,17
24030812,20,20,17
24030813,20,20,17
24030814,20,20,22
24030815,20,20,16
24030816,20,20,16
24030817,20,20,15
24030818,20,20,8
24030819,20,20,8
24030820,20,20,8
24030821,20,20,8
24030822,20,20,8
24030823,20,20,8
24030900,20,20,8
24030901,20,20,8
24030902,20,20,8
24030903,20,20,8
24030904,20,20,8
24030905,20,20,8
24030906,20,20,8
24030907,20,20,8
24030908,20,20,8
24030909,20,20,8
24030910,20,20,8
24030911,20,20,8
24030912,20,20,8
24030913,20,20,8
24030914,20,20,4
24030915,20,20,4
24030916,20,20,4
24030917,20,20,4
24030918,20,20,4
24030919,20,20,2
24030920,20,20,7
24030921,20,20,7
24030922,20,20,7
24030923,20,20,7
24031000,20,20,6
24031001,20,20,6
24031003,20,20,6
24031004,20,20,6
24031005,20,20,6
24031006,20,20,6
24031007,20,20,6
24031008,20,20,6
24031009,20,20,6
24031010,20,20,6
24031011,20,20,6
24031012,20,20,6
24031013,20,20,6
24031014,20,20,6
24031015,20,20,6
24031016,20,20,6
24031017,20,20,6
24031018,20,20,6
24031019,20,20,6
24031020,20,20,6
24031021,20,20,1
24031022,20,20,1
24031023,20,20,1
24031100,20,20,1
24031101,20,20,1
24031102,20,20,1
24031103,20,20,1
24031104,20,20,1
24031105,20,20,1
24031106,20,20,1
24031107,20,20,1
24031108,20,20,1
24031109,20,20,1
24031110,20,20,1
24031111,20,20,1
24031112,20,20,1
24031113,20,20,1
24031114,20,20,1
24031123,23,23,5
24031200,23,23,5
24031201,23,23,5
24031202,23,23,6
24031203,23,23,6
24031204,23,23,6
24031205,23,23,6
24031206,23,23,6
24031207,23,23,6
24031208,23,23,6
24031209,23,23,6
24031210,23,23,6
24031211,23,23,6
24031212,23,23,6
24031213,23,23,6
24031214,23,23,6
24031215,23,23,6
24031216,23,23,6
24031217,23,23,6
24031218,23,23,6
24031219,23,23,6
24031220,23,23,6
24031221,23,23,6
24031222,23,23,6
24031223,23,23,1
24031300,23,23,1
24031301,23,23,1
24031307,23,23,5
24031308,23,23,5
24031309,23,23,5
24031310,23,23,5
24031311,23,23,5
24031312,23,23,7
24031313,23,23,7
24031314,23,23,7
24031315,23,23,14
24031316,23,23,14
24031317,23,23,14
24031318,23,23,14
24031319,23,23,14
24031320,23,23,15
24031321,23,23,15
24031322,23,23,15
24031323,23,23,15
24031400,23,23,15
24031401,23,23,15
24031402,23,23,15
24031403,23,23,15
24031404,23,23,15
24031405,23,23,15
24031406,23,23,15
24031407,23,23,10
24031408,23,23,9
24031409,23,23,9
24031410,23,23,9
24031411,23,23,9
24031412,23,23,9
24031413,23,23,9
24031414,23,23,10
24031415,23,23,15
24031416,23,23,15
24031417,23,23,15
24031418,23,23,15
24031419,23,23,15
24031420,23,23,15
24031421,23,23,15
24031422,23,23,16
24031423,23,23,16
24031500,23,23,16
24031501,23,23,16
24031502,23,23,16
24031503,23,23,16
24031504,23,23,16
24031505,23,23,16
24031506,23,23,16
24031507,23,23,17
24031508,23,23,17
24031509,23,23,17
24031510,23,23,17
24031511,23,23,17
24031512,23,23,16
24031513,23,23,16
24031514,23,23,16
24031515,23,23,5
24031516,23,23,10
24031517,23,23,10
24031518,23,23,10
24031519,23,23,9
24031520,23,23,9
24031521,23,23,9
24031522,23,23,8
24031523,23,23,8
24031600,23,23,8
24031601,23,23,9
24031602,23,23,9
24031603,23,23,9
24031604,23,23,9
24031605,23,23,9
24031606,23,23,9
24031607,23,23,9
24031608,23,23,10
24031609,23,23,10
24031610,23,23,10
24031611,23,23,10
24031612,23,23,9
24031613,23,23,8
24031614,23,23,7
24031615,23,23,6
24031616,23,23,1
24031617,23,23,1
24031618,23,23,1
24031619,23,23,1
24031620,23,23,1
24031621,23,23,1
24031622,23,23,3
24031623,23,23,3
24031700,23,23,3
24031701,23,23,3
24031702,23,23,3
24031703,23,23,3
24031704,23,23,3
24031705,23,23,3
24031706,23,23,3
24031707,23,23,3
24031708,23,23,2
24031709,23,23,3
24031710,23,23,3
24031711,23,23,3
24031712,23,23,3
24031713,23,23,3
24031714,23,23,3
24031715,23,23,3
24031716,23,23,3
24031717,23,23,3
24031718,23,23,3
24031719,23,23,3
24031720,23,23,3
24031721,23,23,3
24031722,23,23,3
24031723,23,23,3
24031800,23,23,3
24031801,23,23,3
24031802,23,23,3
24031803,23,23,3
24031804,23,23,3
24031805,23,23,3
24031806,23,23,3
24031807,23,23,3
24031808,23,23,3
24031809,23,23,3
24031810,23,23,3
24031811,23,23,3
24031812,23,23,3
24031813,23,23,3
24031814,23,23,3
24031815,23,23,3
24031816,23,23,3
24031817,23,23,7
24031818,23,23,7
24031819,23,180,15
24031820,23,180,15
24031821,23,180,15
24031822,23,223,13
24031823,23,223,13
24031900,23,223,13
24031901,23,223,13
24031902,23,223,13
24031903,23,223,13
24031904,23,223,13
24031905,23,223,13
24031906,23,223,13
24031907,23,223,13
24031908,23,223,13
24031909,23,223,12
24031910,23,223,12
24031911,23,223,12
24031912,23,223,12
24031913,23,223,12
24031914,23,223,12
24031915,23,223,12
24031916,23,223,12
24031917,23,223,8
24031918,223,223,7
24031919,223,223,7
24031920,223,223,7
24031921,223,223,7
24031922,150,223,9
24031923,100,223,10
24032000,100,223,10
24032001,100,223,10
24032002,100,223,10
24032003,100,223,10
24032004,100,223,10
24032005,100,223,10
24032006,100,223,10
24032007,100,223,10
24032008,100,186,14
24032009,100,186,14
24032010,99,150,15
24032011,99,150,15
24032012,99,186,16
24032013,99,186,16
24032014,99,186,16
24032015,99,186,16
24032016,99,186,16
24032017,99,186,16
24032018,99,186,16
24032019,99,99,9
24032020,99,99,9
24032021,99,99,9
24032022,99,99,8
24032023,99,99,8
24032100,99,99,8
24032101,99,99,9
24032102,99,99,5
24032103,99,99,5
24032104,99,99,5
24032105,99,99,5
24032106,99,99,5
24032107,99,99,5
24032108,99,99,5
24032109,99,99,5
24032110,99,99,5
24032111,99,99,5
24032112,99,99,5
24032113,99,99,5
24032114,99,99,37
24032115,99,99,37
24032116,99,99,37
24032117,98,99,39
24032118,98,99,39
24032119,98,99,39
24032120,98,99,39
24032121,98,99,39
24032122,98,99,39
24032123,98,99,38
24032200,98,99,38
24032201,98,99,45
24032202,98,99,45
24032203,98,99,45
24032204,98,99,45
24032205,98,99,45
24032206,98,99,45
24032207,98,99,45
24032208,98,99,45
24032209,98,99,44
24032210,98,99,48
24032211,98,99,48
24032212,98,99,47
24032213,98,99,47
24032214,98,99,47
24032215,98,99,47
24032216,98,99,47
24032217,98,99,45
24032218,35,99,46
24032219,35,99,46
24032220,35,99,46
24032221,35,99,46
24032222,35,99,45
24032223,35,99,45
24032300,35,99,45
24032301,35,99,44
24032302,35,99,44
24032303,35,99,44
24032304,35,99,44
24032305,35,99,44
24032306,35,99,43
24032307,35,99,43
24032308,35,99,43
24032309,35,99,43
24032310,35,99,43
24032311,35,99,43
24032312,35,99,44
24032313,35,99,44
24032314,35,98,12
24032315,35,98,12
24032316,35,98,12
24032317,35,98,12
24032318,35,98,12
24032319,35,98,12
24032320,35,98,12
24032321,35,98,12
24032322,35,98,12
24032323,35,98,12
24032400,35,98,12
24032401,35,35,1
24032402,35,35,1
24032403,35,35,1
24032404,35,35,1
24032405,35,35,1
24032406,35,35,10
24032407,35,35,10
24032408,35,35,8
24032409,35,35,10
24032410,35,35,5
24032411,24,35,7
24032412,24,35,6
24032413,24,35,6
24032414,24,35,6
24032415,24,35,6
24032416,24,35,6
24032417,24,35,6
24032418,24,35,6
24032419,24,35,6
24032420,24,35,7
24032421,24,35,7
24032422,24,35,7
24032423,24,35,7
24032500,24,24,14
24032501,24,24,14
24032502,24,24,17
24032503,24,24,17
24032504,24,24,17
24032505,24,24,17
24032506,24,24,17
24032507,24,24,17
24032508,24,24,49
24032509,24,24,49
24032510,24,24,47
24032511,24,24,47
24032512,24,24,48
24032513,24,24,48
24032514,24,24,48
24032515,24,24,48
24032516,24,24,48
24032517,24,24,48
24032518,24,24,48
24032519,24,24,47
24032520,24,24,47
24032521,24,24,47
24032522,24,24,47
24032523,24,24,47
24032600,24,24,46
24032601,24,24,53
24032602,24,24,53
24032603,24,24,53
24032604,24,24,53
24032605,24,24,53
24032606,24,24,53
24032607,24,24,53
24032608,24,24,53
24032609,24,24,53
24032610,24,24,53
24032611,24,24,51
24032612,24,24,49
24032613,24,24,49
24032614,24,24,49
24032615,24,24,49
24032616,24,24,49
24032617,24,24,51
24032618,24,24,51
24032619,24,24,51
24032620,24,24,56
24032621,24,24,56
24032622,24,24,56
24032623,24,24,56
24032700,24,24,58
24032701,24,24,51
24032702,24,24,48
24032703,24,24,48
24032704,24,24,48
24032705,24,24,48
24032706,24,24,48
24032707,24,24,48
24032708,24,24,48
24032709,24,24,16
24032710,24,24,16
24032711,24,24,16
24032712,24,24,18
24032713,24,24,18
24032714,24,24,18
24032715,24,24,18
24032716,24,24,18
24032717,24,24,16
24032718,24,24,16
24032719,24,24,16
24032720,24,24,11
24032721,24,24,11
24032722,24,24,11
24032723,24,24,18
24032800,24,24,20
24032801,24,24,20
24032802,24,24,13
24032803,24,24,13
24032804,24,24,13
24032805,24,24,13
24032806,24,24,13
24032807,24,24,13
24032808,24,24,13
24032809,24,24,13
24032810,24,24,13
24032811,24,24,13
24032812,24,24,13
24032813,24,24,13
24032814,24,24,13
24032815,24,24,13
24032816,24,24,22
24032817,24,24,22
24032818,24,24,22
24032819,24,24,22
24032820,24,24,22
24032821,24,24,22
24032822,24,24,22
24032823,24,24,22
24032900,24,24,20
24032901,24,24,20
24032902,24,24,20
24032903,24,24,20
24032904,24,24,20
24032905,24,24,20
24032906,24,24,20
24032907,24,24,20
24032908,24,24,20
24032909,24,24,20
24032910,24,24,20
24032911,24,24,20
24032912,24,24,18
24032913,24,24,18
24032914,24,24,18
24032915,24,24,18
24032916,24,24,9
24032917,24,24,9
24032918,24,24,9
24032919,24,24,9
24032920,24,24,9
24032921,24,24,9
24032922,24,24,9
24032923,24,24,2
24033001,23,23,7
24033002,23,23,7
24033003,23,23,7
24033004,23,23,7
24033005,23,23,7
24033006,23,23,7
24033007,23,23,7
24033008,23,23,7
24033009,23,23,7
24033010,23,23,8
24033011,23,23,13
24033012,23,23,13
24033013,23,23,13
24033014,23,23,13
24033015,23,23,13
24033016,23,23,13
24033017,23,23,13
24033018,23,23,15
24033019,23,23,15
24033020,23,23,15
24033021,23,23,15
24033022,23,23,15
24033023,23,23,15
24033100,23,23,38
24033101,23,23,67
24033102,23,23,67
24033103,23,23,67
24033104,23,23,67
24033105,23,23,67
24033106,23,23,67
24033107,23,23,67
24033108,23,23,67
24033109,23,23,67
24033110,23,23,67
24033111,23,23,69
24033112,23,23,69
24033113,23,23,69
24033114,23,23,69
24033115,23,23,69
24033116,23,23,69
24033117,23,23,69
24033118,23,23,69
24033119,23,23,69
24033120,23,23,69
24033121,23,23,69
24033122,23,23,69
24033123,23,23,64
24040100,23,23,41
24040101,23,23,34
24040102,23,23,34
24040103,23,23,34
24040104,23,23,34
24040105,23,23,34
24040106,23,23,34
24040107,23,23,34
24040108,23,23,34
24040109,23,23,34
24040110,23,23,33
24040111,23,23,33
24040112,23,23,33
24040113,23,23,33
24040114,23,23,33
24040115,23,23,33
24040116,23,23,33
24040117,23,23,33
24040118,23,23,51
24040119,23,23,51
24040120,23,23,51
24040121,23,23,51
24040122,23,23,51
24040123,23,23,51
24040200,23,23,51
24040201,23,23,23
24040202,23,23,23
24040203,23,23,23
24040204,23,23,23
24040205,23,23,23
24040206,23,23,23
24040207,23,23,23
24040208,23,23,28
24040209,23,23,28
24040210,23,23,28
24040211,23,23,28
24040212,23,23,26
24040213,23,23,26
24040214,23,23,26
24040215,23,23,26
24040216,22,23,42
24040217,22,23,43
24040218,22,22,23
24040219,22,22,23
24040220,22,22,23
24040221,22,22,23
24040222,22,22,23
24040223,22,22,23
24040300,22,22,23
24040301,22,22,23
24040302,22,22,23
24040303,22,22,23
24040304,22,22,23
24040305,22,22,23
24040306,22,22,23
24040307,22,22,23
24040308,22,22,23
24040309,22,22,18
24040310,22,22,18
24040311,22,22,18
24040312,22,22,18
24040313,22,22,18
24040314,22,22,18
24040315,22,22,20
24040316,22,22,20
24040317,22,22,20
24040318,22,22,20
24040319,22,22,20
24040320,22,22,20
24040321,22,22,20
24040322,22,22,20
24040323,22,22,20
24040400,22,22,19
24040401,22,22,19
24040402,22,22,19
24040403,22,22,19
24040404,22,22,19
24040405,22,22,19
24040406,22,22,19
24040407,22,22,19
24040408,22,22,19
24040409,22,22,19
24040410,22,22,19
24040411,22,22,19
24040412,22,22,19
24040414,22,22,19
24040415,22,22,19
24040418,22,2500010,4
24040419,22,2500010,4
24040420,21,21,19
24040421,21,21,19
24040422,21,21,19
24040423,21,21,19
24040500,21,21,19
24040501,21,21,19
24040502,21,21,19
24040503,21,21,19
24040504,21,21,19
24040505,21,21,19
24040506,21,21,19
24040507,21,21,19
24040508,21,21,19
24040509,21,21,19
24040510,21,21,19
24040511,21,21,19
24040512,21,21,19
24040513,21,21,19
24040514,21,21,19
24040515,21,21,19
24040516,21,21,19
24040517,21,21,19
24040518,21,21,19
24040519,21,21,19
24040520,21,21,19
24040521,21,21,19
24040522,21,21,19
24040523,21,21,19
24040600,21,21,19
24040601,21,21,19
24040602,21,21,19
24040603,21,21,19
24040604,21,21,19
24040605,21,21,19
24040606,21,21,19
24040607,21,21,19
24040608,21,21,19
24040609,21,21,19
24040610,21,21,19
24040611,21,21,19
24040612,21,21,21
24040613,21,21,21
24040614,21,21,21
24040615,21,21,19
24040616,21,21,18
24040617,4999999,4999999,2
24040618,4999999,4999999,4
24040619,4999999,4999999,4
24040620,4999999,4999999,4
24040621,499,4999999,6
24040622,499,4999999,6
24040623,499,4999999,6
24040700,399,399,22
24040701,399,399,22
24040702,399,399,22
24040703,35,399,24
24040704,35,399,24
24040705,35,399,24
24040710,35,399,24
24040711,35,399,24
24040712,34,399,25
24040713,34,399,26
24040714,34,399,26
24040715,34,399,26
24040716,34,500099,77
24040717,34,500099,77
24040718,399,500099,67
24040719,399,500099,67
24040720,499,500099,58
24040721,499,500099,58
24040722,499,500099,58
24040723,499,500099,58
24040800,499,500099,58
24040801,499,500099,58
24040802,499,500099,58
24040803,499,500099,58
24040804,499,500099,58
24040805,499,500099,58
24040806,499,500099,58
24040807,499,500099,58
24040808,499,500099,58
24040809,499,500099,58
24040810,499,500099,58
24040811,499,500099,58
24040812,310,500099,57
24040813,310,500099,59
24040814,310,500099,59
24040815,310,500099,59
24040816,310,500099,59
24040817,310,500099,65
24040818,310,500099,63
24040819,310,500099,63
24040820,310,500099,63
24040821,310,500099,61
24040822,310,500099,61
24040823,310,500099,61
24040900,310,500099,61
24040901,310,500099,64
24040902,310,500099,64
24040903,310,500099,64
24040904,310,500099,64
24040905,310,500099,64
24040906,310,500099,64
24040907,310,500099,64
24040908,310,500099,64
24040909,310,500099,64
24040910,310,500099,64
24040911,310,500099,64
24040912,310,500099,64
24040913,310,500099,63
24040914,310,500099,63
24040915,310,500099,63
24040916,310,310,12
24040917,310,310,12
24040918,310,310,11
24040919,310,310,11
24040920,310,310,11
24040921,310,310,11
24040922,310,310,11
24040923,310,310,11
24041000,310,310,11
24041001,310,310,10
24041002,310,310,19
24041003,310,310,19
24041004,310,310,19
24041005,310,310,19
24041006,310,310,19
24041007,310,310,19
24041008,310,310,19
24041009,310,310,19
24041010,310,310,19
24041011,310,310,19
24041012,310,310,19
24041013,310,310,19
24041014,310,310,20
24041015,310,310,20
24041016,310,310,20
24041017,310,310,14
24041018,310,310,16
24041019,310,310,16
24041020,310,310,16
24041021,310,310,16
24041022,310,310,16
24041023,310,310,16
24041100,310,310,16
24041101,310,310,14
24041102,310,310,5
24041103,310,310,5
24041104,310,310,5
24041105,310,310,5
24041106,310,310,5
24041107,310,310,5
24041108,310,310,5
24041109,310,310,5
24041110,310,310,5
24041111,310,310,5
24041112,310,310,5
24041113,310,310,5
24041114,310,310,5
24041115,310,310,14
24041116,310,310,14
24041117,310,310,14
24041118,310,310,14
24041119,310,310,14
24041120,310,310,14
24041121,310,310,14
24041122,310,310,14
24041123,310,310,14
24041200,310,310,14
24041201,310,310,14
24041202,310,310,14
24041203,310,310,14
24041204,310,310,14
24041205,310,310,14
24041206,310,310,14
24041207,310,310,14
24041208,310,310,14
24041209,310,310,14
24041210,310,310,14
24041211,310,310,14
24041212,310,4999999,7
24041213,310,310,5
24041214,310,2500154,4
24041215,310,2500154,4
24041216,310,2500154,4
24041217,310,2500154,4
24041218,4999999,4999999,2
24041219,4999999,4999999,2
24041220,4999999,4999999,2
24041221,4999999,4999999,2
24041222,4999999,4999999,2
24041223,4999999,4999999,2
24041300,4999999,4999999,2
24041301,4999999,4999999,2
24041302,4999999,4999999,4
24041303,4999999,4999999,4
24041304,4999999,4999999,4
24041305,4999999,4999999,4
24041306,4999999,4999999,4
24041307,4999999,4999999,4
24041308,4999999,4999999,4
24041309,4999999,4999999,4
24041310,4999999,4999999,4
24041311,4999999,4999999,6
24041312,4999999,4999999,6
24041313,4999999,4999999,6
24041314,4999999,4999999,6
24041315,4999999,4999999,6
24041316,4999999,4999999,6
24041317,4999999,4999999,6
24041318,4999999,4999999,6
24041319,4999999,4999999,13
24041320,4999999,4999999,13
24041321,4999999,4999999,13
24041322,4999999,4999999,19
24041323,4999999,4999999,19
24041400,4800099,4999999,24
24041401,4800099,4999999,24
24041402,4800099,4999999,24
24041403,4800099,4999999,24
24041404,4800099,4999999,24
24041405,4800099,4999999,24
24041406,4800099,4999999,24
24041407,4800099,4999999,24
24041408,4800099,4999999,24
24041409,4800099,4999999,24
24041410,4800099,4999999,22
24041411,4800099,4999999,22
24041412,4800099,4999999,22
24041413,4800099,4999999,25
24041414,4800099,4999999,27
24041415,4800099,4999999,27
24041416,4800099,4999999,27
24041417,4800099,4999999,27
24041418,4800099,4999999,27
24041419,4800099,4999999,27
24041420,4800099,4999999,27
24041421,4800099,4999999,27
24041422,25000,4800099,31
24041423,25000,4800099,31
24041500,25000,4800099,31
24041501,25000,4800099,31
24041502,25000,4800099,31
24041503,25000,4800099,31
24041504,25000,4800099,31
24041505,25000,4800099,31
24041506,25000,4800099,31
24041507,25000,4800099,49
24041508,25000,4800099,49
24041509,25000,4800099,49
24041510,25000,4800099,49
24041511,25000,4800099,47
24041512,25000,4800099,51
24041513,25000,4800099,51
24041514,25000,4800099,51
24041515,25000,4800099,51
24041516,25000,4800099,51
24041517,25000,4800099,51
24041518,25000,4800099,51
24041519,25000,25000,44
24041520,25000,25000,44
24041521,25000,25000,45
24041522,25000,25000,39
24041523,25000,25000,39
24041600,25000,25000,32
24041601,25000,25000,32
24041602,25000,25000,32
24041603,25000,25000,32
24041604,25000,25000,32
24041605,25000,25000,32
24041606,25000,25000,32
24041607,25000,25000,32
24041608,25000,25000,32
24041609,25000,25000,32
24041610,25000,25000,32
24041611,25000,25000,30
24041612,25000,25000,27
24041613,25000,25000,25
24041614,25000,25000,26
24041615,25000,25000,26
24041616,25000,25000,26
24041617,25000,25000,26
24041618,20015,25000,33
24041619,20015,25000,33
24041620,20015,25000,34
24041621,20015,25000,30
24041622,20015,25000,30
24041623,20015,25000,40
24041700,20015,25000,40
24041701,20015,25000,40
24041702,20015,25000,40
24041703,20015,25000,40
24041704,20015,25000,40
24041705,20015,25000,42
24041706,20015,20015,24
24041707,20015,20015,24
24041708,20015,20015,24
24041709,20015,20015,24
24041710,20015,20015,24
24041711,20015,20015,22
24041712,20015,20015,22
24041713,20015,20015,22
24041714,20015,20015,22
24041715,20015,20015,22
24041716,20015,20015,22
24041717,20015,20015,22
24041718,20015,20015,29
24041719,20015,20015,47
24041720,20015,20015,46
24041721,20015,20015,46
24041722,20015,20015,72
24041723,20015,20015,61
24041800,20015,20015,61
24041801,20015,20015,72
24041802,20015,20015,72
24041803,20015,20015,72
24041804,20015,20015,72
24041805,20015,20015,72
24041806,20015,20015,73
24041807,20015,20015,73
24041808,20015,20015,75
24041809,20015,20015,75
24041810,20015,20015,75
24041811,20015,20015,75
24041812,20015,20015,75
24041813,20015,20015,75
24041814,20015,20015,74
24041815,20015,20015,74
24041816,20015,20015,74
24041817,20015,20015,74
24041818,20015,20015,85
24041819,20015,20015,85
24041820,20015,20015,85
24041821,20015,20015,85
24041822,13398,20015,87
24041823,13398,20015,87
24041900,13398,20015,87
24041901,13398,20015,87
24041902,13398,20015,87
24041903,13398,20015,87
24041904,13398,20015,87
24041905,13398,20015,85
24041906,13398,20015,85
24041907,13398,20015,85
24041908,13398,20015,87
24041909,13398,20015,90
24041910,13398,20015,90
24041911,13398,20015,90
24041912,13398,20015,90
24041913,13398,20015,90
24041914,13398,20015,90
24041915,13398,20015,93
24041916,13398,20015,93
24041917,13398,20015,93
24041918,13398,20015,93
24041919,13398,20015,93
24041920,13398,20015,94
24041921,13398,20015,91
24041922,13398,13398,65
24041923,13398,13398,65
24042000,13398,13398,65
24042001,13398,13398,65
24042002,13398,13398,65
24042003,13398,13398,65
24042004,13398,13398,65
24042005,13398,13398,65
24042006,13398,13398,64
24042007,13398,13398,64
24042008,13398,13398,64
24042009,13398,13398,64
24042010,13398,13398,64
24042011,13398,13398,64
24042012,13398,13398,64
24042013,13398,13398,64
24042014,13398,13398,64
24042015,13398,13398,64
24042016,13398,13398,64
24042017,13398,13398,64
24042018,13398,13398,39
24042019,13398,13398,46
24042020,13398,13398,45
24042021,13398,13398,46
24042022,5059,13398,56
24042023,5059,13398,56
24042100,5059,13398,56
24042101,5059,13398,56
24042102,5059,13398,56
24042103,5059,13398,58
24042104,5059,13398,58
24042105,5059,13398,58
24042106,5059,13398,58
24042107,5059,13398,58
24042108,5059,13398,56
24042109,5059,13398,56
24042110,5059,13398,63
24042111,5059,5059,34
24042112,5059,5059,35
24042113,5059,5059,35
24042114,5059,5059,35
24042115,5059,5059,32
24042116,5059,5059,32
24042117,5059,5059,32
24042118,5059,5059,32
24042119,5059,5059,31
24042120,2500,5059,33
24042121,2500,5059,33
24042122,2500,5059,33
24042123,2500,5059,33
24042200,2500,5059,33
24042201,2500,5059,33
24042202,2500,5059,33
24042203,2500,5059,33
24042204,2500,5059,33
24042205,2500,5059,33
24042206,2500,5059,35
24042207,2500,5059,35
24042208,2500,5059,33
24042209,2500,5059,33
24042210,2500,5059,34
24042211,2500,5059,38
24042212,2500,5059,37
24042213,2500,5059,37
24042214,2499,5059,48
24042215,2499,5059,48
24042216,2499,5059,48
24042217,2499,5059,48
24042218,2499,5059,48
24042219,2499,5059,49
24042220,2499,5059,49
24042221,2499,5059,48
24042222,2499,5059,36
24042223,2499,5059,36
24042300,2499,5059,36
24042301,2499,5059,36
24042302,2499,5059,36
24042303,2499,5059,34
24042304,2499,5059,36
24042305,2499,5059,36
24042306,2499,5059,36
24042307,2499,5059,34
24042308,2499,5059,34
24042309,2499,5059,34
24042310,2499,5059,34
24042311,2499,2500,27
24042312,2499,2500,27
24042313,2499,2500,27
24042314,2499,3779,26
24042315,2499,3779,26
24042316,2499,3779,26
24042317,2499,2499,33
24042318,2499,2499,35
24042319,2499,2499,35
24042320,2499,2499,29
24042321,2499,2499,29
24042322,2499,2499,29
24042323,2499,2499,39
24042400,2499,2499,39
24042401,2499,2499,39
24042402,2499,2499,39
24042403,2499,2499,39
24042404,2499,2499,39
24042405,2499,2499,39
24042406,2499,2499,37
24042407,2499,2499,37
24042408,2499,2499,37
24042409,2499,2499,37
24042410,2499,2499,37
24042411,2499,2499,36
24042412,2499,2499,32
24042413,2499,2499,32
24042414,2499,2499,32
24042415,2499,7237,22
24042416,2499,7237,22
24042417,2499,7237,22
24042418,2499,7237,22
24042419,2499,7237,22
24042420,2499,7237,21
24042421,2499,7237,21
24042422,2499,7237,21
24042423,2498,7237,23
24042500,2498,7237,23
24042501,2498,7237,23
24042502,2498,7237,23
24042503,2498,7237,23
24042504,2498,2499,21
24042505,2498,2499,21
24042506,2498,2499,21
24042507,2498,2499,21
24042508,2498,2499,21
24042509,2498,2499,21
24042510,2498,2499,21
24042511,2498,2499,21
24042512,2498,2499,21
24042513,2498,2499,21
24042514,2498,2499,21
24042515,2498,2499,24
24042516,2498,2499,24
24042517,2498,7237,17
24042518,2498,7237,17
24042519,2498,7237,17
24042520,2498,7237,18
24042521,2498,7237,18
24042522,2498,7237,18
24042523,2498,2498,6
24042600,2497,2498,7
24042601,2497,2497,23
24042602,2497,2497,23
24042603,2497,2498,35
24042604,2497,2498,35
24042605,2497,2498,35
24042606,2497,2498,35
24042607,2497,2498,35
24042608,2497,2498,35
24042609,2497,2498,35
24042610,2497,2498,35
24042611,2497,2498,35
24042612,2497,2498,35
24042613,2497,2498,35
24042614,2497,2498,35
24042615,2497,2498,35
24042616,2497,2498,35
24042617,2497,2498,35
24042618,2497,2497,33
24042619,2497,2497,33
24042620,2497,2497,33
24042621,2496,2497,33
24042622,2496,2497,33
24042623,2496,2497,33
24042700,2496,2497,33
24042701,2496,2497,33
24042702,2496,2497,34
24042703,2496,2497,34
24042704,2496,2497,34
24042705,2496,2497,34
24042706,2496,2497,34
24042707,2496,2497,34
24042708,2496,2497,34
24042709,2496,2497,35
24042710,2496,2497,37
24042711,2496,2497,38
24042712,2496,2497,38
24042713,2496,2497,38
24042714,2496,2497,38
24042715,2496,2497,35
24042716,2496,2497,41
24042717,2496,2497,41
24042718,2496,2497,41
24042719,2496,2497,41
24042720,2496,2497,40
24042721,2496,2497,39
24042722,2496,2497,40
24042723,2496,2497,40
24042800,2496,2497,50
24042801,2496,5435,24
24042802,2496,5435,23
24042803,2495,2496,13
24042804,2495,2496,7
24042805,2495,2496,7
24042806,2495,2496,7
24042807,2495,2496,7
24042808,2495,2496,7
24042809,2495,2496,6
24042810,2494,2496,7
24042811,2200,2494,13
24042812,2200,2494,13
24042813,2200,2494,13
24042814,2200,2494,13
24042815,2200,2494,13
24042816,2200,2494,13
24042817,2200,2200,15
24042818,2200,2200,15
24042819,2200,2200,15
24042820,2200,2200,15
24042821,2200,2200,15
24042822,2200,2200,18
24042823,2200,2200,18
24042900,2200,2200,20
24042901,2200,2200,20
24042902,2200,2200,20
24042903,2200,2200,20
24042904,2200,2200,20
24042905,2200,2200,20
24042906,2200,2200,20
24042907,2200,2200,20
24042908,2200,2200,20
24042909,2199,2200,22
24042910,2199,2200,20
24042911,2199,2200,19
24042912,2199,2200,19
24042913,2199,2200,19
24042914,2199,2200,17
24042915,2199,2200,17
24042916,2199,2200,17
24042917,2199,2200,18
24042918,2199,2200,25
24042919,2199,2200,25
24042920,2199,2200,25
24042921,2199,2200,24
24042922,2199,2200,23
24042923,2199,2200,25
24043000,2199,2200,25
24043001,2199,2200,26
24043002,2199,2200,26
24043003,2199,2199,24
24043004,2199,2199,24
24043005,2199,2199,24
24043006,2199,2199,24
24043007,2199,2199,24
24043008,2199,2199,24
24043009,2199,2200,23
24043010,2199,2200,23
24043011,2199,2199,17
24043012,2199,2199,17
24043013,2198,2199,18
24043014,2198,2199,18
24043015,2198,2199,18
24043016,2198,2199,18
24043017,2198,2199,18
24043018,2198,2199,18
24043019,2198,2199,18
24043020,2198,2199,29
24043021,2198,2199,29
24043022,2198,2198,25
24043023,2198,2198,23
24050100,2198,2198,21
24050101,2197,2198,21
24050102,2197,2199,32
24050103,2197,2199,32
24050104,2197,2199,32
24050105,2197,2199,32
24050106,2197,2199,32
24050107,2197,2199,32
24050108,2197,2199,32
24050109,2197,2199,32
24050110,2197,2199,31
24050111,2197,2199,31
24050112,2197,2199,31
24050113,2198,2199,30
24050114,2197,2199,31
24050115,2197,2199,31
24050116,2197,2199,31
24050117,2197,2199,31
24050118,2197,2347,24
24050119,2197,2347,25
24050120,2197,2347,17
24050121,2197,2347,17
24050122,2197,2347,17
24050123,2197,2797,39
24050200,2197,2347,61
24050201,2197,2347,61
24050202,2197,2347,60
24050203,2197,2347,60
24050204,2197,2347,60
24050205,2197,2347,60
24050206,2197,2347,60
24050207,2197,2347,60
24050208,2197,2347,60
24050209,2197,2347,62
24050210,2197,2347,62
24050211,2197,2347,60
24050212,2197,2347,60
24050213,2197,2347,60
24050214,2197,2347,60
24050215,2197,2347,64
24050216,2197,2347,64
24050217,2197,2347,64
24050218,2197,2347,63
24050219,2197,2347,63
24050220,2196,2347,63
24050221,2196,2347,63
24050222,2196,2347,63
24050223,2196,2347,63
24050300,2196,2347,63
24050301,2196,2347,63
24050302,2196,2197,51
24050303,1878,2197,63
24050304,1878,2197,63
24050305,1878,2197,63
24050306,1878,2197,63
24050307,1878,2197,63
24050308,1878,2197,62
24050309,1878,2197,62
24050310,1878,2197,60
24050311,1878,2197,60
24050312,1878,2197,60
24050313,1878,2197,62
24050314,1878,2197,63
24050315,1878,2197,65
24050316,1878,2197,66
24050317,1878,2197,66
24050318,1878,2197,66
24050319,1878,2197,66
24050320,1878,2197,67
24050321,1878,2197,67
24050322,1877,2197,80
24050323,1877,2197,61
24050400,1877,1878,39
24050401,1877,1878,39
24050402,1877,1878,39
24050403,1877,1878,39
24050404,1877,1878,39
24050405,1877,1878,39
24050406,1877,1878,39
24050407,1877,1878,39
24050408,1877,1878,39
24050409,1877,1878,37
24050410,1877,1878,36
24050411,1877,1878,36
24050412,1877,1878,36
24050413,1877,1878,36
24050414,1876,1878,36
24050415,1876,1878,36
24050416,1876,1878,36
24050417,1876,1878,36
24050418,1876,1878,36
24050419,1876,1878,36
24050420,1876,1878,36
24050421,1876,1878,36
24050422,1876,1878,37
24050423,1876,1878,41
24050500,1876,1878,40
24050501,1876,1878,46
24050502,1875,1878,46
24050503,1875,1878,35
24050504,1875,1878,35
24050505,1875,1878,37
24050506,1875,1878,37
24050507,1875,1878,37
24050508,1721,1876,49
24050509,1721,1876,49
24050510,1721,1876,49
24050511,1721,1876,49
24050512,1721,1876,47
24050513,1721,1876,47
24050514,1721,1876,46
24050515,1721,1876,44
24050516,1720,1876,47
24050517,1720,1876,47
24050518,1720,1876,47
24050519,1720,1876,47
24050520,1600,1876,50
24050521,1600,1876,50
24050522,1600,1798,38
24050523,1600,1721,38
24050600,1600,1721,38
24050601,1600,1721,38
24050602,1600,1721,38
24050603,1600,1721,38
24050604,1600,1721,36
24050605,1600,1721,36
24050606,1600,1721,36
24050607,1600,1721,36
24050608,1600,1721,36
24050609,1600,1721,36
24050610,1600,1721,36
24050611,1600,1721,36
24050612,1600,1721,36
24050613,1599,1721,37
24050614,1599,1721,37
24050615,1599,1721,33
24050616,1599,1721,33
24050617,1599,1721,33
24050618,1599,1721,34
24050619,1599,1721,34
24050620,1599,1721,40
24050621,1599,1721,41
24050622,1599,1721,40
24050623,1599,1721,41
24050700,1599,1721,41
24050701,1599,1720,36
24050702,1599,1720,36
24050703,1599,1720,35
24050704,1599,1720,37
24050705,1599,1720,34
24050706,1599,1720,34
24050707,1599,1720,34
24050708,1599,1600,22
24050709,1599,1600,22
24050710,1599,1600,22
24050711,1599,1600,22
24050712,1599,1600,22
24050713,1599,1600,22
24050714,1599,1600,22
24050715,1599,1600,22
24050716,1599,1600,22
24050717,1599,1599,33
24050718,1598,1599,34
24050719,1500,1599,44
24050720,1500,1599,42
24050721,1500,1599,46
24050722,1500,1599,39
24050723,1499,1500,46
24050800,1499,1500,46
24050801,1499,1499,75
24050802,1499,1499,75
24050803,1499,1499,75
24050804,1499,1499,77
24050805,1499,1499,77
24050806,1499,1499,76
24050807,1499,1499,77
24050808,1499,1499,77
24050809,1499,1499,77
24050810,1499,1499,77
24050811,1499,1499,77
24050812,1498,1499,78
24050813,1498,1499,78
24050814,1498,1499,78
24050815,500,1499,78
24050816,400,1499,144
24050817,400,1499,144
24050818,400,1499,143
24050819,400,1499,143
24050820,400,1499,137
24050821,300,1499,152
24050822,300,1499,152
24050823,300,1499,152
24050900,300,1499,151
24050901,300,1499,151
24050902,300,1499,151
24050903,300,1499,151
24050904,300,1499,149
24050905,300,1499,149
24050906,300,1499,149
24050907,300,1499,148
24050908,300,1499,148
24050909,400,1499,133
24050910,400,1499,133
24050911,400,1499,141
24050912,400,1499,141
24050913,400,1499,140
24050914,400,1499,140
24050915,300,1499,156
24050916,300,1499,132
24050917,300,1499,126
24050918,300,1499,126
24050919,300,1499,126
24050920,300,1499,127
24050921,300,1499,122
24050922,300,1499,122
24050923,300,1499,110
24051000,300,1499,110
24051001,300,1899,81
24051002,300,1899,81
24051003,300,1899,65
24051004,300,1899,65
24051005,300,1899,63
24051006,300,1899,63
24051007,300,1899,63
24051008,300,1899,64
24051009,300,1899,64
24051010,300,1899,64
24051011,300,1899,64
24051012,300,1899,64
24051013,300,1899,64
24051014,300,1899,64
24051015,300,1899,53
24051016,300,400,11
24051017,300,400,11
24051018,300,400,16
24051019,300,400,16
24051020,300,400,15
24051021,300,300,57
24051022,300,300,58
24051023,300,300,58
24051100,300,300,59
24051101,300,300,59
24051102,300,300,63
24051103,300,300,63
24051104,300,300,63
24051105,300,300,63
24051106,300,300,63
24051107,300,300,65
24051108,300,300,65
24051109,300,300,68
24051110,300,300,67
24051111,300,300,59
24051112,300,300,59
24051113,300,300,59
24051114,300,300,59
24051115,300,300,60
24051116,300,300,60
24051117,300,300,60
24051118,300,300,60
24051119,300,300,60
24051120,300,300,59
24051121,300,300,59
24051122,300,300,59
24051123,300,300,59
24051200,300,300,58
24051201,300,300,58
24051202,300,300,58
24051203,300,300,57
24051204,300,300,57
24051205,300,300,57
24051206,300,300,57
24051207,300,300,57
24051208,300,300,57
24051209,300,300,57
24051210,300,300,57
24051211,300,300,58
24051212,300,300,58
24051213,300,300,66
24051214,300,300,67
24051215,300,300,67
24051216,300,300,68
24051217,300,300,69
24051218,300,300,64
24051219,300,300,64
24051220,300,300,76
24051221,300,362,34
24051222,300,362,34
24051223,300,362,34
24051300,300,362,34
24051301,300,362,34
24051302,300,653,29
24051303,300,653,29
24051304,300,653,30
24051305,300,392,33
24051306,300,392,33
24051307,300,300,31
24051308,300,300,31
24051309,300,346,30
24051310,300,346,30
24051311,300,346,30
24051312,300,300,36
24051313,300,300,37
24051314,300,300,37
24051315,300,300,37
24051316,300,300,36
24051317,300,300,39
24051318,300,300,40
24051319,300,300,40
24051320,300,300,41
24051321,300,300,41
24051322,300,300,41
24051323,300,300,42
24051400,300,300,84
24051401,300,300,84
24051402,300,300,86
24051403,300,300,86
24051404,300,300,88
24051405,300,300,88
24051406,300,300,88
24051407,300,300,88
24051408,300,300,88
24051409,300,300,88
24051410,300,300,88
24051411,300,300,86
24051412,300,300,87
24051413,300,300,79
24051414,300,300,79
24051415,300,300,79
24051416,300,300,78
24051417,300,300,78
24051418,300,300,76
24051419,300,300,76
24051420,300,300,64
24051421,300,300,64
24051422,300,300,64
24051423,300,300,77
24051500,300,300,78
24051501,300,300,79
24051502,300,300,79
24051503,300,300,79
24051504,300,300,79
24051505,300,300,76
24051506,300,300,76
24051507,300,300,76
24051508,300,300,76
24051509,300,300,74
24051510,300,300,74
24051511,300,300,74
24051512,300,300,68
24051513,300,300,73
24051514,300,300,73
24051515,300,300,73
24051516,300,300,72
24051517,300,300,94
24051518,299,300,94
24051519,299,300,96
24051520,299,300,95
24051521,299,300,96
24051522,299,300,96
24051523,299,300,96
24051600,299,300,54
24051601,299,300,52
24051602,299,300,52
24051603,299,300,52
24051604,299,300,50
24051605,299,300,50
24051606,299,300,49
24051607,299,300,49
24051608,299,300,49
24051609,299,300,49
24051610,299,299,92
24051611,299,299,92
24051612,299,299,92
24051613,298,299,93
24051614,298,299,93
24051615,298,299,93
24051616,298,299,93
24051617,298,299,67
24051618,298,299,67
24051619,298,299,67
24051620,298,299,65
24051621,298,299,64
24051622,298,299,64
24051623,298,299,64
24051700,298,299,51
24051701,298,299,51
24051702,298,299,51
24051703,298,299,51
24051704,298,299,51
24051705,298,299,51
24051706,298,299,51
24051707,298,299,52
24051708,298,299,52
24051709,298,299,54
24051710,298,300,11
24051711,298,300,11
24051712,298,19999999,3
24051713,297,298,5
24051714,297,298,5
24051715,297,298,5
24051716,297,298,5
24051717,297,298,5
24051718,297,298,5
24051719,297,298,5
24051720,297,298,7
24051721,297,297,8
24051722,297,297,8
24051723,297,297,51
24051800,297,297,51
24051801,297,297,50
24051802,297,297,50
24051803,297,297,50
24051804,297,297,51
24051805,297,297,51
24051806,297,297,50
24051807,297,297,50
24051808,297,297,50
24051809,297,297,50
24051810,297,297,50
24051811,296,297,51
24051812,291,297,58
24051813,291,297,58
24051814,291,297,58
24051815,291,297,58
24051816,291,297,58
24051817,291,297,58
24051818,291,297,58
24051819,291,297,59
24051820,291,297,59
24051821,291,297,59
24051822,291,297,59
24051823,291,297,58
24051900,291,297,58
24051901,291,297,58
24051902,291,297,58
24051903,291,297,58
24051904,291,297,57
24051905,291,297,57
24051906,291,297,57
24051907,291,297,57
24051908,291,297,55
24051909,291,297,55
24051910,291,297,55
24051911,291,297,55
24051912,291,297,55
24051913,290,297,55
24051914,290,297,55
24051915,290,297,56
24051916,290,297,56
24051917,290,297,61
24051918,290,297,61
24051919,290,297,60
24051920,290,297,60
24051921,290,297,58
24051922,290,297,59
24051923,290,290,16
24052000,290,290,16
24052001,290,290,15
24052002,290,290,15
24052003,290,290,15
24052004,290,290,15
24052005,290,290,15
24052006,290,290,15
24052007,290,290,15
24052008,290,290,15
24052009,290,290,15
24052010,289,290,16
24052011,289,290,16
24052012,289,289,59
24052013,289,289,59
24052014,289,289,59
24052015,289,289,59
24052016,289,289,59
24052017,289,289,59
24052018,289,289,59
24052019,289,289,59
24052020,289,289,59
24052021,289,289,58
24052022,289,289,56
24052023,289,289,63
24052100,289,289,30
24052101,289,289,30
24052102,289,289,30
24052103,289,289,30
24052104,289,289,30
24052105,289,289,30
24052106,289,289,30
24052107,289,289,30
24052108,289,289,30
24052109,289,289,30
24052110,289,289,30
24052111,289,289,30
24052112,289,289,30
24052113,289,289,26
24052114,288,289,27
24052115,288,289,26
24052116,288,289,26
24052117,288,289,21
24052118,288,289,36
24052119,288,289,36
24052120,288,289,36
24052121,288,289,36
24052122,288,289,36
24052123,283,289,37
24052200,283,289,37
24052201,283,289,37
24052202,283,289,36
24052203,283,289,36
24052204,283,289,36
24052205,283,289,36
24052206,283,289,36
24052207,283,289,36
24052208,283,289,36
24052209,283,289,36
24052210,283,289,36
24052211,283,289,36
24052212,283,289,36
24052213,283,288,28
24052214,283,288,28
24052215,283,288,28
24052216,283,288,28
24052217,283,288,28
24052218,283,283,64
24052219,283,283,64
24052220,283,283,64
24052221,283,283,64
24052222,283,283,64
24052223,283,283,58
24052300,283,283,58
24052301,283,283,54
24052302,283,283,54
24052303,283,283,54
24052304,283,283,54
24052305,283,283,54
24052306,283,288,19
24052307,283,288,19
24052308,283,288,19
24052309,283,288,19
24052310,283,288,19
24052311,283,288,19
24052312,283,283,32
24052313,283,283,31
24052314,283,283,31
24052315,283,283,31
24052316,283,283,31
24052317,283,283,31
24052318,283,283,18
24052319,283,283,18
24052320,283,283,60
24052321,283,283,60
24052322,283,283,61
24052323,283,283,59
24052400,283,283,59
24052401,283,283,59
24052402,278,283,60
24052403,278,283,60
24052404,278,283,60
24052405,278,283,60
24052406,278,283,60
24052407,278,283,60
24052408,278,283,60
24052409,278,283,61
24052410,278,283,61
24052411,278,283,61
24052412,278,283,61
24052413,278,283,61
24052414,278,283,61
24052415,278,283,61
24052416,278,283,61
24052417,278,283,61
24052418,278,283,61
24052419,278,283,61
24052420,278,283,56
24052421,278,283,56
24052422,278,283,56
24052423,278,283,56
24052500,278,283,56
24052501,278,283,56
24052502,278,283,56
24052503,278,283,56
24052504,278,283,56
24052505,278,283,56
24052506,278,283,54
24052507,278,283,54
24052508,278,283,54
24052509,278,283,54
24052510,278,283,54
24052511,278,283,54
24052512,278,283,41
24052513,278,283,46
24052514,278,283,46
24052515,278,283,46
24052516,278,283,46
24052517,278,283,46
24052518,278,283,45
24052519,278,283,45
24052520,278,278,8
24052521,278,278,8
24052522,278,278,7
24052523,278,278,7
24052600,278,278,8
24052601,278,278,8
24052602,273,278,8
24052603,273,278,8
24052604,273,278,8
24052605,273,278,8
24052606,273,278,8
24052607,273,278,10
24052608,273,278,10
24052609,273,278,9
24052610,273,278,9
24052611,273,278,9
24052612,273,278,10
24052613,273,278,5
24052614,273,278,5
24052615,273,278,5
24052616,273,278,5
24052617,273,278,5
24052618,273,273,47
24052619,273,273,47
24052620,273,273,47
24052621,273,273,47
24052622,273,273,54
24052623,273,273,54
24052700,273,273,54
24052701,270,273,60
24052702,270,273,60
24052703,270,273,60
24052704,270,273,60
24052705,270,273,60
24052706,270,273,60
24052707,270,273,60
24052708,270,273,60
24052709,270,273,60
24052710,270,273,60
24052711,270,273,60
24052712,270,273,60
24052713,270,273,60
24052714,270,273,60
24052715,270,273,60
24052716,270,273,62
24052717,270,273,62
24052718,270,273,20
24052719,270,273,20
24052720,269,273,21
24052721,269,273,21
24052722,269,273,21
24052723,269,273,21
24052800,269,273,21
24052801,269,270,34
24052802,269,270,33
24052803,269,270,33
24052804,264,270,34
24052805,264,270,34
24052806,264,270,34
24052807,264,270,34
24052808,264,270,31
24052809,264,270,31
24052810,264,270,31
24052811,264,270,31
24052812,264,269,30
24052813,264,269,30
24052814,264,269,30
24052815,264,269,30
24052816,263,269,32
24052817,263,269,32
24052818,263,269,32
24052819,263,269,32
24052820,263,269,32
24052821,263,269,32
24052822,263,269,24
24052823,263,269,24
24052900,263,269,25
24052901,263,269,19
24052902,263,269,19
24052903,263,269,19
24052904,263,269,17
24052905,263,269,17
24052906,263,269,17
24052907,263,269,17
24052908,263,269,17
24052909,263,263,54
24052910,263,263,61
24052911,262,263,62
24052912,262,263,62
24052913,262,263,62
24052914,262,263,63
24052915,262,263,62
24052916,262,263,62
24052917,262,263,60
24052918,262,263,60
24052919,262,263,60
24052920,262,263,60
24052921,262,263,60
24052922,262,263,60
24052923,261,263,60
24053006,261,263,46
24053007,261,263,46
24053008,261,263,46
24053009,261,263,9
24053010,261,2500130,4
24053011,262,4999999,3
24053012,262,4999999,3
24053013,262,4999999,3
24053014,261,2500130,4
24053015,261,2500130,4
24053016,261,2500130,4
24053017,261,2500130,4
24053018,261,2500130,4
24053019,261,2500130,4
24053020,261,2500130,4
24053021,261,2500130,4
24053022,261,2500130,4
24053023,261,2500130,4
24053100,261,2500130,4
24053101,261,2500130,4
24053102,261,2500130,4
24053103,261,2500130,4
24053104,261,2500130,4
24053105,261,2500130,4
24053106,261,2500130,4
24053107,261,2500130,4
24053108,261,2500130,4
24053109,261,2500130,4
24053110,261,261,2
24053111,261,261,2
24053112,261,261,2
24053113,261,261,2
24053114,271,271,1
24053115,270,270,2
24053116,270,270,2
24053117,270,270,2
24053118,270,270,2
24053119,270,270,2
24053120,270,270,2
24053121,270,270,2
24053122,270,270,2
24053123,270,270,2
24060100,270,270,2
24060101,270,270,2
24060102,270,270,2
24060103,271,271,1
24060104,271,271,1
24060105,271,271,1
24060106,271,271,1
24060107,271,271,1
24060108,271,271,1
24060109,271,4999999,3
24060110,271,4999999,3
24060111,271,4999999,3
24060112,271,4999999,3
24060113,271,4999999,3
24060114,271,4999999,3
24060115,270,2500135,4
24060116,270,2500135,4
24060117,270,2500135,4
24060118,270,2500135,4
24060119,270,2500135,4
24060120,270,2500135,4
24060121,270,271,5
24060122,270,271,5
24060123,270,271,5
24060200,270,271,5
24060201,270,271,5
24060202,270,271,5
24060203,270,2500135,4
24060204,270,2500135,4
24060205,270,2500135,4
24060206,270,2500135,4
24060207,270,2500135,4
24060208,270,2500135,4
24060209,270,2500135,4
24060210,270,2500135,4
24060211,270,2500135,4
24060212,270,2500135,4
24060213,270,2500135,4
24060214,270,2500135,4
24060215,270,2500134,4
24060216,270,270,5
24060217,270,270,5
24060218,270,270,5
24060219,270,270,5
24060220,270,270,5
24060221,270,270,6
24060222,270,270,6
24060223,270,270,6
24060300,270,270,6
24060301,270,270,6
24060302,270,270,6
24060303,270,270,6
24060304,270,270,6
24060305,270,270,6
24060306,270,270,6
24060307,270,270,6
24060308,270,270,6
24060309,270,270,4
24060310,270,270,4
24060311,270,270,4
24060312,270,270,4
24060313,270,270,4
24060314,270,270,4
24060315,270,270,5
24060316,270,270,5
24060317,270,270,5
24060318,270,270,5
24060319,270,270,6
24060320,269,270,7
24060321,269,270,5
24060322,269,270,5
24060323,269,270,5
24060400,269,270,5
24060401,269,270,5
24060402,269,270,5
24060403,269,270,5
24060404,269,270,5
24060405,269,270,5
24060406,269,270,5
24060407,269,270,5
24060408,269,270,5
24060409,269,270,5
24060410,269,270,5
24060411,269,270,5
24060412,269,270,5
24060413,269,270,5
24060414,269,270,5
24060415,269,2500134,4
24060416,269,270,5
24060417,269,270,5
24060418,269,269,5
24060419,269,269,5
24060420,268,269,5
24060421,268,269,5
24060422,268,269,5
24060423,268,269,5
24060500,268,269,5
24060501,268,269,5
24060502,268,269,5
24060503,268,269,5
24060504,268,269,5
24060505,268,269,5
24060506,268,269,5
24060507,268,269,5
24060508,268,269,5
24060509,268,269,5
24060510,268,269,5
24060511,268,269,5
24060512,268,269,5
24060513,268,269,5
24060514,268,269,3
24060515,268,269,3
24060516,268,269,3
24060517,268,269,3
24060518,268,269,3
24060519,268,269,3
24060520,269,269,2
24060521,268,269,3
24060522,268,269,3
24060523,268,269,3
24060600,268,269,3
24060601,268,269,3
24060602,268,269,3
24060603,268,269,3
24060604,268,269,3
24060605,268,269,3
24060606,268,269,3
24060607,268,269,3
24060608,268,269,3
24060609,269,269,2
24060610,269,269,2
24060611,269,269,2
24060612,269,269,2
24060613,269,269,2
24060614,269,269,2
24060615,269,2500134,4
24060616,269,4999999,3
24060617,269,4999999,3
24060618,269,269,9
24060619,269,269,9
24060620,269,269,9
24060621,269,269,9
24060622,269,269,9
24060623,269,269,9
24060700,269,269,9
24060701,269,269,9
24060702,269,269,9
24060703,269,269,9
24060704,269,269,9
24060705,269,269,9
24060706,269,269,9
24060707,269,269,9
24060708,269,269,9
24060709,269,269,9
24060710,269,269,9
24060711,269,269,10
24060712,269,269,10
24060713,269,269,10
24060714,269,269,10
24060715,269,269,10
24060716,269,269,10
24060717,269,269,10
24060718,269,269,10
24060719,269,4969,20
24060720,269,269,65
24060721,269,269,65
24060722,269,269,66
24060723,269,269,67
24060800,269,269,71
24060801,269,269,71
24060802,269,269,71
24060803,269,269,71
24060804,269,269,71
24060805,269,269,71
24060806,269,269,95
24060807,269,269,95
24060808,269,269,95
24060809,269,269,95
24060810,269,269,95
24060811,269,269,95
24060812,269,269,95
24060813,269,269,95
24060814,269,269,95
24060815,269,269,93
24060816,269,269,107
24060817,269,269,107
24060818,269,269,100
24060819,269,269,100
24060820,269,269,100
24060821,269,269,100
24060822,269,269,99
24060823,269,269,99
24060900,269,269,95
24060901,269,269,95
24060902,269,269,95
24060903,269,269,95
24060904,269,269,97
24060905,269,269,97
24060906,269,269,97
24060907,269,269,97
24060908,269,269,98
24060909,269,269,98
24060910,269,269,99
24060911,269,269,98
24060912,269,269,99
24060913,269,269,99
24060914,269,269,125
24060915,269,269,125
24060916,269,269,111
24060917,269,269,111
24060918,269,269,111
24060919,269,269,101
24060920,269,269,56
24060921,269,269,56
24060922,269,269,56
24060923,269,269,55
24061000,269,269,55
24061001,269,269,55
24061002,269,269,29
24061003,269,269,29
24061004,269,269,29
24061005,269,269,29
24061006,269,269,5
24061007,269,269,5
24061008,269,269,5
24061009,269,269,5
24061010,269,269,5
24061011,269,269,5
24061012,269,269,5
24061013,269,269,5
24061014,269,269,5
24061015,269,269,5
24061016,269,269,5
24061017,269,269,5
24061018,269,269,5
24061019,269,269,5
24061020,269,269,5
24061021,269,269,5
24061022,269,269,5
24061023,269,269,5
24061100,269,269,5
24061101,269,269,5
24061102,269,269,5
24061103,269,269,5
24061104,269,269,5
24061105,269,269,5
24061106,269,269,5
24061107,269,269,5
24061108,269,2500134,4
24061109,269,2500134,4
24061110,269,2500134,4
24061111,269,4999999,3
24061112,4999999,4999999,2
24061113,538,4999999,3
24061114,538,4999999,3
24061115,538,4999999,3
24061116,538,4999999,3
24061117,538,4999999,3
24061118,538,4999999,3
24061119,538,538,5
24061120,538,538,7
24061121,538,538,7
24061122,538,538,7
24061123,538,538,7
24061200,538,538,7
24061201,538,538,7
24061202,538,538,7
24061203,538,538,7
24061204,538,538,7
24061205,538,538,7
24061206,538,538,7
24061207,538,538,7
24061208,538,538,7
24061209,538,538,7
24061210,538,538,7
24061211,538,538,7
24061212,538,538,7
24061213,538,538,7
24061214,538,538,7
24061215,538,538,7
24061216,538,538,7
24061217,538,538,7
24061218,538,538,7
24061219,538,538,7
24061220,538,538,7
24061221,538,538,9
24061222,538,538,9
24061223,538,538,9
24061300,538,538,9
24061301,538,538,9
24061302,538,538,19
24061303,538,538,19
24061304,538,538,17
24061305,538,538,20
24061306,538,538,20
24061307,538,538,20
24061308,538,538,20
24061309,538,538,20
24061310,538,538,20
24061311,538,538,20
24061312,538,538,19
24061313,538,538,19
24061314,538,538,19
24061315,538,538,19
24061316,538,538,19
24061317,538,538,19
24061318,538,538,19
24061319,538,538,15
24061320,538,538,13
24061321,538,538,15
24061322,538,538,15
24061323,538,538,15
24061400,538,538,15
24061401,538,538,5
24061402,538,538,5
24061403,538,538,5
24061404,538,2500268,4
24061405,538,2500268,4
24061406,538,2500268,4
24061407,538,2500268,4
24061408,538,2500268,4
24061409,538,2500268,4
24061410,538,538,5
24061411,538,538,5
24061412,538,538,5
24061413,538,538,5
24061414,538,538,5
24061415,538,538,13
24061416,538,538,13
24061417,538,538,13
24061418,538,538,13
24061419,538,538,13
24061420,538,538,13
24061421,538,538,13
24061422,538,538,13
24061423,538,538,13
24061500,538,538,13
24061501,538,538,13
24061502,538,538,13
24061503,538,538,13
24061504,538,538,11
24061505,538,538,11
24061506,538,538,11
24061507,538,538,11
24061508,538,538,11
24061509,538,538,11
24061510,538,538,11
24061511,538,538,11
24061512,538,538,11
24061513,538,538,11
24061514,538,538,11
24061515,538,538,11
24061516,538,538,11
24061517,538,538,11
24061518,538,538,11
24061519,538,538,11
24061520,538,538,17
24061521,538,538,15
24061522,538,538,15
24061523,538,538,15
24061600,538,538,29
24061601,538,538,29
24061602,538,538,29
24061603,538,538,29
24061604,538,538,29
24061605,538,538,31
24061606,538,538,31
24061607,538,538,31
24061608,538,538,31
24061609,538,538,31
24061610,538,538,31
24061611,538,538,33
24061612,538,538,33
24061613,538,538,33
24061614,538,538,33
24061615,538,538,25
24061616,538,538,25
24061617,538,538,25
24061618,538,538,25
24061619,538,538,25
24061620,538,538,19
24061621,538,538,19
24061622,538,538,19
24061623,538,538,19
24061700,538,538,5
24061701,538,538,5
24061702,538,538,5
24061703,538,538,5
24061704,538,538,5
24061705,538,538,5
24061706,538,538,5
24061707,538,538,5
24061708,538,538,5
24061709,538,538,5
24061710,538,538,5
24061711,538,538,5
24061712,485,538,6
24061713,485,538,6
24061714,485,538,6
24061715,485,538,6
24061716,485,538,7
24061717,485,538,7
24061718,485,538,7
24061719,485,538,7
24061720,485,538,7
24061721,485,538,7
24061722,485,538,7
24061723,485,538,7
24061800,485,538,7
24061801,485,538,7
24061802,485,538,7
24061803,485,538,7
24061804,485,538,7
24061805,485,538,7
24061806,485,538,7
24061807,485,538,7
24061808,485,538,7
24061809,485,538,7
24061810,485,538,7
24061811,485,538,6
24061812,485,2500242,4
24061813,485,485,5
24061814,485,485,5
24061815,400,485,7
24061816,400,485,7
24061817,400,442,6
24061818,400,442,6
24061819,400,442,6
24061820,400,442,6
24061821,400,442,6
24061822,400,442,6
24061823,400,400,7
24061900,400,400,7
24061901,400,400,7
24061902,400,400,7
24061903,400,400,7
24061904,400,400,7
24061905,400,400,7
24061906,400,400,7
24061907,400,400,7
24061908,400,400,7
24061909,400,400,7
24061910,400,400,7
24061911,400,400,7
24061912,400,400,7
24061913,400,400,7
24061914,400,400,7
24061915,400,400,7
24061916,400,400,7
24061917,400,400,7
24061918,400,400,7
24061919,400,400,7
24061920,400,400,7
24061921,400,400,10
24061922,400,400,10
24061923,400,400,12
24062000,400,400,12
24062001,400,400,12
24062002,400,400,12
24062003,400,400,12
24062004,400,400,12
24062005,400,400,12
24062006,400,400,10
24062007,400,400,10
24062008,400,400,10
24062009,400,400,10
24062010,400,400,10
24062011,400,400,10
24062012,400,400,10
24062013,400,400,10
24062014,400,400,10
24062015,400,400,7
24062016,400,400,7
24062017,400,400,7
24062018,400,400,14
24062019,400,400,14
24062020,400,400,14
24062021,400,400,13
24062022,400,400,13
24062023,400,400,12
24062100,400,400,12
24062101,400,400,13
24062102,400,400,13
24062103,400,400,13
24062104,400,400,13
24062105,400,400,13
24062106,400,400,13
24062107,400,400,13
24062108,400,400,13
24062109,400,400,13
24062110,400,400,13
24062111,400,400,13
24062112,400,400,13
24062113,400,400,13
24062114,400,400,13
24062115,400,400,13
24062116,400,400,14
24062117,400,400,14
24062118,400,400,14
24062119,400,400,14
24062120,400,400,14
24062121,400,400,12
24062122,400,400,13
24062123,400,400,18
24062200,400,400,18
24062201,400,400,17
24062202,400,400,18
24062203,400,400,18
24062204,400,400,18
24062205,400,400,20
24062206,400,400,20
24062207,400,400,20
24062208,400,400,20
24062209,400,400,20
24062210,400,400,20
24062211,400,400,32
24062212,400,400,32
24062213,400,400,31
24062214,400,400,32
24062215,400,400,32
24062216,400,400,31
24062217,400,400,31
24062218,400,400,24
24062219,400,400,24
24062220,400,400,24
24062221,400,400,24
24062222,400,400,23
24062223,400,400,23
24062300,400,400,23
24062301,400,400,23
24062302,400,400,23
24062303,400,400,23
24062304,400,400,23
24062305,400,400,23
24062306,400,400,23
24062307,400,400,23
24062308,400,400,23
24062309,400,400,23
24062310,400,400,23
24062311,400,400,11
24062312,400,400,11
24062313,400,400,11
24062314,400,400,11
24062315,400,400,11
24062316,400,400,11
24062317,400,400,11
24062318,400,400,21
24062319,400,400,21
24062320,400,400,21
24062321,400,400,22
24062322,400,400,23
24062323,400,400,16
24062400,400,400,16
24062401,400,400,16
24062402,400,400,15
24062403,400,400,15
24062404,400,400,15
24062405,400,400,13
24062406,400,400,13
24062407,400,400,13
24062408,400,400,13
24062409,400,400,13
24062410,400,400,13
24062411,400,400,13
24062412,400,400,13
24062413,400,400,13
24062414,400,400,13
24062415,400,400,13
24062416,400,400,13
24062417,400,400,15
24062418,400,400,15
24062419,400,400,15
24062420,400,400,15
24062421,400,400,15
24062422,400,400,15
24062423,400,400,15
24062500,400,400,15
24062501,400,400,15
24062502,400,400,15
24062503,400,400,15
24062504,400,400,15
24062505,400,400,15
24062506,400,400,15
24062507,400,400,15
24062508,400,400,15
24062509,400,400,15
24062510,400,400,15
24062511,400,400,20
24062512,400,400,20
24062513,400,400,20
24062514,400,400,20
24062515,400,400,20
24062516,400,400,20
24062517,400,400,20
24062518,400,400,10
24062519,400,400,10
24062520,400,400,10
24062521,400,400,8
24062613,400,400,8
24062614,400,400,8
24062615,400,400,13
24062616,400,400,11
24062617,400,400,12
24062618,400,400,12
24062619,400,400,10
24062620,400,400,10
24062621,400,400,10
24062622,400,400,12
24062623,400,400,12
24062700,400,400,12
24062701,400,400,11
24062702,400,5000,30
24062703,400,5000,30
24062704,400,5000,30
24062705,400,5000,28
24062706,400,5000,28
24062707,400,5000,28
24062708,400,5000,28
24062709,400,5000,28
24062710,400,5000,28
24062711,400,5000,28
24062712,400,5000,28
24062713,400,5000,30
24062714,400,5000,30
24062715,400,5000,30
24062716,400,5000,30
24062717,400,5000,30
24062718,400,5000,30
24062719,400,5000,30
24062720,400,5000,30
24062721,400,5000,30
24062722,400,5000,30
24062723,400,5000,30
24062800,400,5000,30
24062801,400,5000,30
24062802,400,5000,30
24062803,400,5000,30
24062804,400,5000,30
24062805,400,5000,30
24062806,400,5000,30
24062807,400,5000,30
24062808,400,5000,30
24062809,400,5000,30
24062810,400,5000,30
24062811,400,5000,30
24062812,400,5000,30
24062813,400,5000,30
24062814,400,5000,30
24062815,400,5000,30
24062816,400,5000,30
24062817,400,5000,30
24062818,400,5000,30
24062819,400,5000,30
24062820,400,5000,30
24062821,400,5000,30
24062822,400,5000,30
24062823,400,5000,30
24062900,400,5000,30
24062901,400,5000,30
24062902,400,5000,30
24062903,400,5000,30
24062904,400,5000,30
24062905,400,5000,30
24062906,400,5000,30
24062907,400,5000,30
24062908,400,5000,30
24062909,400,5000,30
24062910,400,5000,30
24062911,400,5000,30
24062912,400,5000,30
24062913,400,5000,30
24062914,400,5000,30
24062915,400,5000,30
24062916,400,5000,30
24062917,400,5000,30
24062918,400,5000,30
24062919,400,5000,30
24062920,400,5000,30
24062921,400,5000,30
24062922,400,5000,30
24062923,400,5000,30
24063000,400,5000,30
24063001,400,5000,30
24063002,400,5000,30
24063003,400,5000,30
24063004,400,5000,30
24063005,400,5000,30
24063006,400,5000,30
24063007,400,5000,30
24063008,400,5000,30
24063009,400,5000,30
24063010,400,5000,30
24063011,400,5000,30
24063012,400,5000,30
24063013,400,5000,30
24063014,400,5000,30
24063015,400,5000,30
24063016,400,5000,30
24063017,400,5000,30
24063018,400,5000,30
