timestamp,min_price,median,quantity
22120411,225,379,1938
22120412,225,379,1954
22120413,223,379,1961
22120414,225,379,1747
22120415,225,379,1750
22120416,379,500,1803
22120417,379,500,1714
22120418,378,500,1772
22120419,379,500,1846
22120420,379,546,1603
22120421,400,699,1108
22120422,400,695,1128
22120423,400,695,1096
22120500,400,695,1069
22120501,399,635,1183
22120502,399,695,1010
22120503,400,695,870
22120504,380,635,829
22120505,380,635,813
22120506,380,635,838
22120507,380,556,900
22120508,380,556,903
22120509,380,556,874
22120510,400,635,822
22120511,199,556,788
22120512,198,556,825
22120513,198,546,884
22120514,198,546,868
22120515,199,551,722
22120516,197,556,868
22120517,197,551,945
22120518,197,635,841
22120519,635,1500,487
22120520,856,1500,398
22120522,1200,1500,593
22120523,1500,1500,424
22120600,1500,1500,428
22120601,1500,1500,409
22120602,1500,1500,424
22120603,31831,2097459,154
22120604,7094,16416,355
22120605,7094,16416,359
22120606,7093,16334,414
22120607,1000,7094,556
22120608,1000,1000,10054
22120609,1000,1000,10054
22120610,1000,1000,10054
22120611,1000,1000,10084
22120612,500,1000,10117
22120613,889,1000,10197
22120614,845,1000,10361
22120615,844,1000,10484
22120616,802,1000,10475
22120617,845,1000,10335
22120618,1000,1000,10022
22120619,1000,1000,9887
22120620,999,1000,9702
22120621,999,1000,9736
22120622,1000,1000,9625
22120623,950,1000,9647
22120700,950,1000,9698
22120701,950,1000,9749
22120702,950,1000,9655
22120703,950,1000,9565
22120704,1000,1000,9384
22120705,1000,1000,9418
22120706,999,1000,9473
22120707,999,1000,9427
22120708,1000,1000,9419
22120709,1000,1000,9440
22120710,1000,1000,9426
22120711,1000,1000,9398
22120712,1000,1000,9354
22120713,1000,1000,9357
22120714,500,1000,9306
22120715,1000,1000,9293
22120716,799,1000,9352
22120717,975,1000,9460
22120718,974,1000,9441
22120719,974,1000,9471
22120720,970,1000,9465
22120721,974,1000,9466
22120722,1000,1000,8536
22120723,1000,1000,8516
22120800,500,1000,8713
22120801,100,1000,8624
22120802,1,1000,8554
22120803,1000,1000,8611
22120804,1000,1000,8563
22120805,998,1000,8602
22120806,1000,1000,8566
22120807,1000,1000,8545
22120808,1000,1000,305
22120809,1000,1000,334
22120810,1000,1000,408
22120811,950,1000,561
22120812,950,1000,602
22120813,899,950,860
22120814,899,950,986
22120815,898,950,943
22120816,898,898,9215
22120817,890,898,9864
22120818,890,898,9948
22120819,890,898,10053
22120820,890,898,9992
22120821,890,898,9968
22120822,800,898,10079
22120823,800,898,9968
22120900,800,898,10076
22120901,500,898,9817
22120902,500,898,10074
22120903,500,898,9971
22120904,500,898,9870
22120905,499,898,9838
22120906,500,898,9788
22120907,495,898,9828
22120908,495,898,9905
22120909,495,898,9882
22120910,450,898,9770
22120911,890,898,9585
22120912,890,898,9524
22120913,890,898,9563
22120914,800,898,9715
22120915,450,898,9760
22120916,447,898,9739
22120917,890,898,9129
22120918,890,898,9189
22120919,890,898,9100
22120920,882,898,9160
22120921,764,898,9265
22120922,882,898,9154
22120923,800,898,9141
22121000,850,898,9089
22121001,850,898,9212
22121002,850,898,9148
22121003,850,898,9032
22121004,850,898,9059
22121005,850,898,8973
22121006,890,898,8910
22121007,890,898,8915
22121008,810,898,8903
22121009,810,898,8902
22121010,699,898,9024
22121011,700,898,8886
22121012,693,898,8943
22121013,693,898,9129
22121014,691,898,9010
22121015,691,898,8965
22121016,693,890,527
22121017,693,693,8799
22121018,293,693,8979
22121019,592,693,8915
22121020,292,693,8926
22121021,392,693,9094
22121022,392,693,9137
22121023,592,693,9059
22121100,592,693,9112
22121101,592,693,8978
22121102,693,693,8668
22121103,693,693,8626
22121104,693,693,8383
22121105,293,693,8353
22121106,293,693,8378
22121107,293,693,8363
22121108,693,693,8383
22121109,693,693,8434
22121110,693,693,8353
22121111,693,693,8691
22121112,693,693,8500
22121113,693,693,8396
22121114,693,693,8332
22121115,693,693,8290
22121116,400,693,8768
22121117,299,693,8796
22121118,299,693,9177
22121119,299,693,8950
22121120,297,693,8986
22121121,299,693,8912
22121122,299,693,9137
22121123,299,693,8916
22121200,299,693,9264
22121201,100,693,9092
22121202,245,693,9027
22121203,245,693,8973
22121204,299,693,8843
22121205,357,693,8875
22121206,357,693,8804
22121207,357,693,8664
22121208,359,693,8511
22121209,650,693,8396
22121210,693,693,8636
22121211,693,693,8688
22121212,693,693,8703
22121213,693,693,8555
22121214,693,693,8613
22121215,693,693,8599
22121216,693,693,8559
22121217,693,693,668
22121218,693,4976,522
22121219,693,916,586
22121220,693,18700,424
22121221,916,18700,284
22121222,916,18700,284
22121223,916,18700,284
22121300,916,18700,399
22121301,916,18700,416
22121302,916,18700,383
22121303,900,4976,440
22121304,4974,18700,296
22121305,4974,18700,369
22121306,4269,18700,381
22121307,974,1074,8101
22121308,1074,1074,8060
22121309,1074,1074,8060
22121310,1074,1074,8060
22121311,1074,1074,7980
22121312,1074,1074,7980
22121313,1074,1074,7866
22121314,1073,1074,7902
22121315,1073,1074,7882
22121316,1074,1074,7827
22121317,1074,1074,7849
22121318,1074,1074,7849
22121319,1074,1074,7825
22121320,1073,1074,7848
22121321,1074,1074,7712
22121322,500,1074,7744
22121323,999,1074,7630
22121400,999,1074,7755
22121401,999,1074,7773
22121402,999,1074,7766
22121403,999,1074,7689
22121404,1000,1074,7663
22121405,1000,1074,7745
22121406,1000,1074,7675
22121407,1000,1074,7686
22121408,1000,1074,7662
22121409,1000,1074,7665
22121410,1000,1074,7632
22121411,1000,1074,7682
22121412,1000,1074,7748
22121413,1000,1074,7737
22121414,1000,1074,7623
22121415,1000,1074,7696
22121416,1000,1074,7922
22121417,1015,1074,7595
22121418,1074,1074,7521
22121419,1074,1074,7410
22121420,1074,1074,7414
22121421,1074,1074,7237
22121422,973,1074,7354
22121423,973,1074,7448
22121500,973,1074,7526
22121501,973,1074,7825
22121502,973,1074,7823
22121503,973,1074,7941
22121504,973,1074,7954
22121505,973,1074,7828
22121506,973,1074,7877
22121507,973,4974,768
22121508,900,4563,846
22121509,973,4974,742
22121510,925,4563,844
22121511,924,973,1026
22121512,924,973,1086
22121513,924,973,1170
22121514,924,973,1050
22121515,925,973,1017
22121516,925,973,1107
22121517,925,973,1137
22121518,925,973,1157
22121519,925,973,1218
22121520,925,973,1155
22121521,925,973,1244
22121522,925,925,1800
22121523,861,925,1819
22121600,920,925,1693
22121601,925,925,1630
22121602,925,925,1628
22121603,925,925,1417
22121604,925,925,1417
22121605,925,925,1439
22121606,925,925,1435
22121607,925,925,1440
22121608,925,925,1440
22121609,925,925,1440
22121610,925,925,1440
22121611,700,925,1528
22121612,724,925,1408
22121613,925,973,1234
22121614,925,973,1252
22121615,925,973,1224
22121616,925,973,1284
22121617,925,925,1367
22121618,900,925,1404
22121619,900,925,1406
22121620,925,925,1350
22121621,920,925,1318
22121622,820,973,1398
22121623,519,925,1372
22121700,519,925,1333
22121701,519,925,1419
22121702,519,925,1137
22121703,519,925,1138
22121704,519,925,1268
22121705,519,925,1240
22121706,519,925,1244
22121707,519,925,1252
22121708,519,925,1208
22121709,519,925,1179
22121710,519,925,1192
22121711,820,925,1023
22121712,820,820,1250
22121713,820,820,1275
22121714,820,820,1600
22121715,820,820,1521
22121716,820,820,1691
22121717,820,820,1669
22121718,820,820,8665
22121719,819,820,8794
22121720,819,820,8848
22121721,779,820,8867
22121722,779,820,8866
22121723,820,820,8557
22121800,820,820,8596
22121801,820,820,8574
22121802,820,820,8593
22121803,820,820,8655
22121804,820,820,8680
22121805,820,820,8680
22121806,820,820,8659
22121807,820,820,8778
22121808,520,820,8834
22121809,520,820,8870
22121810,720,820,8859
22121811,720,820,8843
22121812,666,820,8928
22121813,684,820,8888
22121814,684,820,8664
22121815,684,820,8750
22121816,684,820,8674
22121817,684,820,8541
22121818,684,820,8492
22121819,616,820,8518
22121820,616,820,8605
22121821,500,820,8546
22121822,616,820,8356
22121823,570,820,8373
22121900,570,820,8395
22121901,569,820,8435
22121902,569,820,8525
22121903,569,820,8497
22121904,569,820,8366
22121905,570,820,8252
22121906,616,820,8208
22121907,616,820,8265
22121908,616,820,8432
22121909,500,820,8504
22121910,500,820,8571
22121911,500,820,8217
22121912,500,820,8089
22121913,600,820,7889
22121914,600,820,7875
22121915,500,820,7979
22121916,500,820,7789
22121917,500,820,7859
22121918,400,684,827
22121919,570,684,851
22121920,570,616,7816
22121921,570,616,7905
22121922,570,616,7907
22121923,600,616,7749
22122000,616,616,7759
22122001,616,616,7754
22122002,616,616,7900
22122003,616,616,7833
22122004,616,616,7730
22122005,616,616,7771
22122006,616,616,7733
22122007,616,616,7691
22122008,616,616,7702
22122009,616,616,7729
22122010,616,616,7729
22122011,616,616,7726
22122012,616,616,7687
22122013,344,616,7656
22122014,616,616,7601
22122015,600,616,7705
22122016,570,616,7699
22122017,600,616,7672
22122018,600,616,7705
22122019,599,616,8407
22122020,599,616,8427
22122021,599,616,8406
22122022,599,616,8447
22122023,599,616,8432
22122100,594,616,8491
22122101,594,616,8506
22122102,594,616,8533
22122103,594,616,8578
22122104,500,616,8634
22122105,500,616,8688
22122106,500,616,8699
22122107,500,616,8761
22122108,500,616,8659
22122109,500,616,8696
22122110,475,616,8732
22122111,475,616,8744
22122112,495,616,8664
22122113,500,616,8627
22122114,500,616,8573
22122115,490,616,8580
22122116,390,616,8712
22122117,390,616,8743
22122118,500,616,8474
22122119,500,616,8172
22122120,440,500,1863
22122121,440,500,1951
22122122,435,500,2026
22122123,235,500,2090
22122200,439,500,1970
22122201,439,500,2073
22122202,439,500,2035
22122203,439,500,1930
22122204,439,500,1886
22122205,439,500,1847
22122206,440,500,1457
22122207,440,500,1463
22122208,440,500,1441
22122209,440,500,1288
22122210,440,500,1152
22122211,440,500,1109
22122212,435,500,1208
22122213,440,500,988
22122214,440,500,1112
22122215,440,500,1037
22122216,430,500,1176
22122217,330,500,1169
22122218,330,500,1161
22122219,440,500,1020
22122220,440,500,987
22122221,500,594,513
22122222,18700,1976502,177
22122223,10077,16877,624
22122300,10077,16877,718
22122301,9500,16877,765
22122302,10077,16877,753
22122303,10077,16877,786
22122304,10077,16877,802
22122305,5077,16877,877
22122306,5077,16877,894
22122307,802,10077,1086
22122308,802,10077,1130
22122309,1001,10077,1119
22122310,1001,10077,1143
22122311,1001,10077,1282
22122312,1001,10077,1102
22122313,1002,5077,1513
22122314,1002,5077,1440
22122315,902,5077,1448
22122316,1002,5077,1408
22122317,802,5077,1447
22122318,800,5077,1460
22122319,1002,5077,1418
22122320,1002,5077,1337
22122321,1002,5077,1557
22122322,1002,1002,1828
22122323,1002,1002,1902
22122400,952,1002,1975
22122401,952,1002,1918
22122402,1002,1002,1669
22122403,1002,1002,1600
22122404,1002,1002,1553
22122405,1002,1002,1437
22122406,1002,1002,1440
22122407,727,1002,1277
22122408,727,1002,1438
22122409,727,1002,1664
22122410,700,1002,1547
22122411,727,1002,1710
22122412,727,1002,1671
22122413,727,1002,1725
22122414,718,1002,1782
22122415,718,1002,1848
22122416,718,1002,1857
22122417,518,1002,1952
22122418,718,1002,1796
22122419,727,1002,1644
22122420,727,1002,1613
22122421,727,1969,1271
22122422,680,2502,1160
22122423,727,2502,1027
22122500,727,2502,1006
22122501,726,1002,1288
22122502,1969,5077,527
22122503,1969,5077,534
22122504,1969,5077,674
22122505,1969,5077,476
22122506,1969,2502,468
22122507,1969,2502,472
22122508,1969,2502,473
22122509,1969,18139,451
22122510,1969,2502,507
22122511,1969,1969,757
22122512,1969,1969,737
22122513,1969,2502,511
22122514,1969,1969,714
22122515,1269,1969,944
22122516,1231,1969,950
22122517,1269,1969,1000
22122518,900,1969,1078
22122519,499,1969,1144
22122520,1269,1969,1058
22122521,1269,1969,1024
22122522,1225,1969,1045
22122523,1069,1969,953
22122600,800,1269,1327
22122601,800,1969,1103
22122602,800,1969,1163
22122603,800,1969,1160
22122604,800,1969,1118
22122605,800,1969,1123
22122606,700,1769,1160
22122607,700,1769,1187
22122608,690,1769,1239
22122609,690,1269,1281
22122610,690,1269,1290
22122611,697,1269,1172
22122612,699,1269,1001
22122613,699,1269,1100
22122614,699,1269,855
22122615,1269,1769,547
22122616,1269,1269,671
22122617,1169,1269,684
22122618,1169,1269,815
22122619,1069,1269,792
22122620,1169,1269,781
22122621,1169,1269,743
22122622,1269,1269,662
22122623,1269,1769,546
22122700,1269,1269,623
22122701,1269,1269,620
22122702,1000,1769,938
22122703,1000,1269,994
22122704,1000,1269,840
22122705,999,1269,834
22122706,999,1269,891
22122707,999,1269,889
22122708,999,1269,856
22122709,1257,1769,698
22122710,1257,1769,698
22122711,1197,1269,745
22122712,1197,1269,729
22122713,800,1269,769
22122714,800,1269,930
22122715,750,1269,585
22122716,1257,5500,399
22122717,1257,5500,374
22122718,1269,5500,269
22122719,1040,5500,313
22122720,1040,5500,294
22122721,4900,5500,217
22122722,2200,4900,566
22122723,2200,5500,735
22122800,2200,5264,800
22122801,2090,4948,831
22122802,2200,4900,867
22122803,2100,4900,1143
22122804,2100,4900,1145
22122805,2100,4900,1152
22122806,2100,4900,1180
22122807,1932,4600,1256
22122808,1913,2200,1293
22122809,1913,2200,1497
22122810,1000,2200,1803
22122811,1000,2200,1787
22122812,1000,2200,1765
22122813,1000,2200,1797
22122814,999,2100,1930
22122815,995,2100,1914
22122816,986,2100,1911
22122817,990,2100,1960
22122818,990,2100,1926
22122819,999,2200,1806
22122820,999,2200,1824
22122821,1000,2200,1834
22122822,950,2100,1818
22122823,800,2100,1805
22122900,800,2100,1807
22122901,1900,2100,1468
22122902,1913,2100,1118
22122903,1913,2100,940
22122904,1913,2200,655
22122905,1600,2200,841
22122906,1600,2200,749
22122907,1600,2200,729
22122908,1800,2200,811
22122909,1800,2200,790
22122910,1800,2200,874
22122911,1800,2200,847
22122912,1300,2100,913
22122913,1800,2200,897
22122914,1699,1932,1031
22122915,1700,2100,928
22122916,1800,2200,752
22122917,1932,2200,517
22122918,1932,2200,577
22122919,1932,2100,1006
22122920,1732,1932,1136
22122921,1700,1932,1189
22122922,1732,1932,999
22122923,1532,1932,805
22123000,1532,1932,782
22123001,1532,1932,763
22123002,1532,1932,874
22123003,1532,1932,882
22123004,1532,1932,886
22123005,1532,1932,905
22123006,1532,1932,916
22123007,1532,1932,837
22123008,432,1932,895
22123009,1532,1932,767
22123010,1532,1932,874
22123011,1532,1932,916
22123012,1502,1932,939
22123013,1502,1932,1009
22123014,1502,1932,1055
22123015,702,1932,1130
22123016,702,1932,1095
22123017,702,1932,1173
22123018,1502,1932,975
22123019,1502,1932,981
22123020,1532,1932,890
22123021,1911,1932,834
22123022,1675,1932,878
22123023,1500,1932,1029
22123100,1499,1932,1079
22123101,1500,1932,994
22123102,1913,1932,794
22123103,1913,1932,1145
22123104,1912,1932,1394
22123105,1912,1932,1408
22123106,1912,1932,1454
22123107,1912,1932,1340
22123108,1910,1932,1400
22123109,680,1932,1423
22123110,680,1932,1481
22123111,680,1932,1527
22123112,1899,1932,1444
22123113,1000,1932,1507
22123114,1898,1932,1455
22123115,1898,1932,1460
22123116,1898,1932,1527
22123117,1898,1932,1551
22123118,1898,1932,1586
22123119,1198,1932,1643
22123120,1198,1913,1141
22123121,1198,1913,1084
22123122,1898,4998,1033
22123123,1898,1912,1260
23010100,1898,1913,1105
23010101,1898,4998,1043
23010102,1898,1912,852
23010103,1898,1912,990
23010104,1898,1913,762
23010105,1898,1913,677
23010106,1898,1913,677
23010107,1898,4998,645
23010108,1898,4998,654
23010109,1898,4998,656
23010110,1898,4998,664
23010111,1898,1913,702
23010112,1880,1913,702
23010113,1898,1898,1155
23010114,1898,1898,1184
23010115,1898,1898,1192
23010116,1898,1898,1247
23010117,999,1898,1358
23010118,999,1898,1375
23010119,999,1898,1491
23010120,850,1898,1650
23010121,799,1898,1794
23010122,499,1898,1985
23010123,700,1898,2231
23010200,799,1898,2053
23010201,700,1898,2110
23010202,700,1898,2060
23010203,799,1898,1683
23010204,798,1898,1635
23010205,799,1898,1538
23010206,799,1898,1546
23010207,799,1898,1557
23010208,775,1804,1630
23010209,775,1804,1629
23010210,775,1898,1509
23010211,799,1898,1372
23010212,700,1898,1482
23010213,780,1804,1554
23010214,798,1804,1543
23010215,750,1804,1532
23010216,750,999,1398
23010217,750,999,1438
23010218,750,999,1607
23010219,750,850,1883
23010220,750,800,1895
23010221,750,850,1829
23010222,713,900,1982
23010223,678,800,2250
23010300,545,900,2058
23010301,500,900,2063
23010302,678,999,2527
23010303,750,1804,2405
23010304,750,1804,2414
23010305,713,1804,2396
23010306,713,1000,2457
23010307,713,1000,2448
23010308,713,1000,2440
23010309,712,1000,2444
23010310,712,1000,2444
23010311,713,999,2467
23010312,713,999,2487
23010313,713,800,2226
23010314,712,799,2302
23010315,712,799,2330
23010316,713,850,2117
23010317,413,799,2080
23010318,678,870,1845
23010319,713,800,1714
23010320,678,799,1623
23010321,700,799,1441
23010322,713,799,1376
23010323,713,798,1481
23010400,713,5578,1180
23010401,713,5578,1226
23010402,713,5578,1280
23010403,750,5578,953
23010404,700,5578,1163
23010405,700,5578,1183
23010406,650,5578,1205
23010407,650,5578,1205
23010408,700,5578,1150
23010409,700,5578,1008
23010410,700,5578,1039
23010411,697,5578,1097
23010412,700,999,1329
23010413,600,750,1387
23010414,600,750,1449
23010415,600,999,1335
23010416,700,5578,1209
23010417,700,5578,900
23010418,700,5578,1010
23010419,700,5578,741
23010420,750,5578,730
23010421,450,5578,880
23010422,999,5578,699
23010423,999,5578,778
23010500,999,5578,1049
23010501,900,5578,1168
23010502,695,999,751
23010503,695,999,810
23010504,695,999,827
23010505,695,999,800
23010506,661,999,799
23010507,695,999,853
23010508,600,999,878
23010509,700,5433,768
23010510,700,999,839
23010511,697,2826,827
23010512,487,2826,907
23010513,999,5433,750
23010514,999,5433,728
23010515,999,5433,774
23010516,998,2826,881
23010517,999,2826,847
23010518,900,2826,748
23010519,900,2826,743
23010520,999,18700,642
23010521,999,18700,638
23010522,599,18700,676
23010523,999,18700,515
23010600,1026,18700,456
23010601,1025,5433,725
23010602,1022,1026,990
23010603,1022,1026,1107
23010604,1022,1026,1173
23010605,1021,1026,1088
23010606,1019,1026,1124
23010607,1021,1026,1082
23010608,1020,1026,1102
23010609,1020,1026,1091
23010610,1022,1026,1094
23010611,1022,1026,971
23010612,1022,1026,1039
23010613,1024,1026,768
23010614,1023,1026,867
23010615,1023,1026,779
23010616,1024,1026,808
23010617,1024,1026,783
23010618,1024,1026,1163
23010619,1024,1026,1014
23010620,1024,1026,1018
23010621,696,1026,1023
23010622,1000,1026,836
23010623,1026,18700,524
23010700,924,1026,462
23010701,924,1026,463
23010702,924,1026,575
23010703,924,1026,673
23010704,915,1026,690
23010705,906,1026,708
23010706,806,1026,711
23010707,806,1026,776
23010708,924,1026,763
23010709,924,1026,741
23010710,924,1026,836
23010711,924,1026,667
23010712,924,924,973
23010713,924,924,921
23010714,924,924,877
23010715,924,924,948
23010716,924,924,1127
23010717,924,924,1228
23010718,924,924,1385
23010719,924,924,1246
23010720,924,924,931
23010721,923,924,1039
23010722,900,924,1111
23010723,885,924,1145
23010800,600,924,1217
23010801,900,924,978
23010802,900,924,938
23010803,900,924,1073
23010804,900,924,1107
23010805,900,924,968
23010806,900,924,1001
23010807,792,924,945
23010808,900,924,856
23010809,400,924,835
23010810,900,924,808
23010811,620,924,752
23010812,620,924,646
23010813,920,924,520
23010814,924,18700,300
23010815,924,18700,381
23010816,924,5358,436
23010817,5358,18700,261
23010818,3800,4555,565
23010819,735,4555,591
23010820,725,5358,981
23010821,2500,6625,911
23010822,2575,6625,796
23010823,2575,6625,860
23010900,3900,6625,683
23010901,6625,6625,481
23010902,3525,6625,573
23010903,3525,6625,677
23010904,6625,6625,513
23010905,6625,6625,528
23010906,6625,6625,497
23010907,6625,6625,545
23010908,6625,6625,566
23010909,6625,6625,492
23010910,6625,6625,507
23010911,5500,6625,526
23010912,5499,6625,559
23010913,5445,6625,587
23010914,5300,6625,609
23010915,5200,6625,645
23010916,5200,6625,687
23010917,5200,6625,811
23010918,5200,5500,1017
23010919,5200,5500,1030
23010920,4999,5499,1080
23010921,4999,5499,1080
23010922,4999,5499,1080
23010923,4999,5499,1080
23011000,4999,5499,1080
23011001,4999,5499,1080
23011002,4999,5499,1080
23011003,4999,5499,1080
23011004,4999,5499,1080
23011005,4999,5499,1080
23011006,4999,5499,1080
23011007,4999,5499,1080
23011008,4999,5499,1080
23011009,4999,5499,1080
23011010,4999,5499,1080
23011011,4950,5200,1439
23011012,4500,5200,1452
23011013,4500,5200,1452
23011014,4950,5200,1395
23011015,4950,5200,1508
23011016,4950,5200,1461
23011017,4950,5200,1531
23011018,4950,4999,1568
23011019,4850,4999,1585
23011020,4950,5200,1771
23011021,4950,5200,1809
23011022,3099,4999,1918
23011023,3099,4999,2077
23011100,3099,4999,1949
23011101,3099,4999,2130
23011102,3099,4999,2162
23011103,2899,4999,2257
23011104,2899,4950,2285
23011105,2899,4950,2265
23011106,2398,4950,2326
23011107,2398,4950,2344
23011108,2398,4950,2293
23011109,2398,4950,2319
23011110,2398,4950,2359
23011111,2159,4950,2335
23011112,2159,4950,2394
23011113,2398,4950,2281
23011114,2398,4950,2275
23011115,2398,4950,2280
23011116,2398,4950,2227
23011117,2398,4950,2150
23011118,1597,4950,2101
23011119,1597,4950,2252
23011120,1000,3099,2332
23011121,1575,3099,2280
23011122,1575,3099,2181
23011123,1575,3700,1995
23011200,2397,4950,1709
23011201,1397,4950,1736
23011202,2397,4950,1785
23011203,2397,4950,1727
23011204,2397,4950,1670
23011205,2200,4950,1719
23011206,2200,4950,1673
23011207,2200,4950,1669
23011208,2200,4950,1654
23011209,2200,4950,1668
23011210,2200,4950,1666
23011211,2200,4950,1698
23011212,2200,4950,1679
23011213,2200,4950,1706
23011214,2200,4950,1671
23011215,2000,4950,1620
23011216,2000,4950,1615
23011217,2000,3700,1431
23011218,1999,3099,1552
23011219,2200,3099,1109
23011220,2200,3099,1277
23011221,1500,3099,1302
23011222,500,3099,1358
23011223,500,3099,1362
23011300,2178,3099,1432
23011301,2157,2398,1417
23011302,2178,2398,1393
23011303,2178,2398,1398
23011304,2178,2398,1328
23011305,2178,2398,1233
23011306,2178,5500,1158
23011307,2178,2500,1179
23011308,2178,2397,1273
23011309,2178,2397,1309
23011310,2176,2200,1429
23011311,1576,2200,1458
23011312,1575,2200,1485
23011313,2178,2200,1497
23011314,2178,2200,1536
23011315,1690,2200,1590
23011316,1778,2200,1607
23011317,1778,2200,1581
23011318,1775,2200,1758
23011319,1750,2200,1726
23011320,1775,2178,1637
23011321,1775,2200,1560
23011322,1775,2178,1654
23011323,1769,2178,1549
23011400,1775,2178,1488
23011401,387,2178,1612
23011402,387,2178,1897
23011403,387,2178,1988
23011404,387,2178,1837
23011405,1671,2178,2065
23011406,1671,2178,2134
23011407,1671,2178,2190
23011408,1671,2178,2005
23011409,1670,2178,1951
23011410,1671,2178,1945
23011411,1671,2178,1893
23011412,1671,2178,1871
23011413,1671,2178,1892
23011414,1588,2178,1986
23011415,1430,1778,2103
23011416,1430,1775,2219
23011417,1420,1775,2215
23011418,1266,1778,2156
23011419,1400,1671,1886
23011420,1430,1778,2012
23011421,1417,1778,2045
23011422,1430,1671,1973
23011423,1430,1778,1915
23011500,1000,1778,1809
23011501,1000,1671,1701
23011502,975,1671,1705
23011503,975,1671,1876
23011504,975,1671,1899
23011505,975,1778,1538
23011506,975,1775,1578
23011507,973,1687,1583
23011508,1671,2178,1255
23011509,1671,1687,1507
23011510,1650,1671,1505
23011511,1671,1778,1335
23011512,1671,1778,1333
23011513,1671,1671,1182
23011514,1650,1671,1238
23011515,1271,1671,1217
23011516,1671,1671,1094
23011517,1671,1671,1130
23011518,1271,1671,1502
23011519,1000,1671,1144
23011520,1671,1671,1302
23011521,1600,1671,1369
23011522,1655,1671,1175
23011523,1671,1671,1086
23011600,1671,1671,1023
23011601,1500,1671,1053
23011602,1671,1671,949
23011603,1671,1671,967
23011604,1671,5530,769
23011605,5530,5530,478
23011606,5530,5530,497
23011607,1130,5530,538
23011608,1130,5530,544
23011609,1125,5530,769
23011610,1100,5530,852
23011611,1025,5530,814
23011612,1125,5530,723
23011613,1050,5530,903
23011614,950,5530,893
23011615,1050,5530,886
23011616,1000,5530,941
23011617,1000,1050,1337
23011618,1000,1050,1384
23011619,800,1050,1418
23011620,1000,1050,1174
23011621,1000,1050,1214
23011622,1000,1050,1214
23011623,999,1000,1433
23011700,999,1000,1505
23011701,997,1000,1623
23011702,997,1000,1761
23011703,997,1000,1765
23011704,997,1000,1707
23011705,997,1000,1594
23011706,997,1000,1671
23011707,999,1000,1582
23011708,999,1000,1599
23011709,999,1000,1765
23011710,999,1000,1765
23011711,500,1000,1864
23011712,200,1000,1912
23011713,599,1000,1811
23011714,599,1000,1873
23011715,599,1000,1951
23011716,599,1000,1786
23011717,599,1000,1558
23011718,999,1000,1613
23011719,999,1000,1695
23011720,999,1000,1751
23011721,999,1000,1816
23011722,950,1000,1817
23011723,950,1000,1849
23011800,900,1000,1814
23011801,900,1000,1838
23011802,882,1000,1882
23011803,900,1000,1900
23011804,900,1000,1872
23011805,900,1000,1888
23011806,900,1000,1930
23011807,900,1000,1925
23011808,900,1000,1604
23011809,800,1000,1845
23011810,800,1000,1837
23011811,900,1000,1892
23011812,900,1000,1865
23011813,900,1000,1984
23011814,700,1000,1846
23011815,900,1000,1681
23011816,700,1000,1727
23011817,686,900,1698
23011818,686,900,1802
23011819,686,900,2000
23011820,652,900,2069
23011821,652,900,2094
23011822,652,900,2138
23011823,600,700,1796
23011900,600,686,2209
23011901,500,686,2267
23011902,600,900,2590
23011903,599,900,2616
23011904,599,900,2621
23011905,599,900,2602
23011906,599,900,2537
23011907,599,900,2402
23011908,599,900,2420
23011909,599,900,2399
23011910,599,900,2511
23011911,599,900,2485
23011912,599,900,2500
23011913,600,900,2198
23011914,150,900,2348
23011915,555,900,2297
23011916,600,900,2183
23011917,598,900,2216
23011918,600,900,2273
23011919,600,900,2213
23011920,500,900,2305
23011921,350,900,2496
23011922,399,900,2478
23011923,600,900,2482
23012000,500,900,2560
23012001,500,686,2559
23012002,600,686,2484
23012003,600,686,2536
23012004,599,686,2540
23012005,599,686,2564
23012006,600,686,2483
23012007,600,686,2443
23012008,600,700,2525
23012009,600,686,2526
23012010,600,686,2535
23012011,600,686,2483
23012012,600,686,2126
23012013,600,686,2022
23012014,600,686,2054
23012015,600,686,2041
23012016,600,5500,1615
23012017,620,5500,1407
23012018,615,5500,1167
23012019,620,5500,1204
23012020,120,5500,1444
23012021,620,5500,1311
23012022,620,5500,1235
23012023,623,5500,1249
23012100,500,5500,1123
23012101,561,5500,1170
23012102,561,5500,1003
23012103,561,623,1268
23012104,561,623,1210
23012105,561,623,1161
23012106,561,623,1161
23012107,561,623,1240
23012108,561,623,1148
23012109,561,1450,1124
23012110,623,1450,1093
23012111,623,5500,990
23012112,608,5500,1028
23012113,596,1450,1056
23012114,590,1450,1115
23012115,590,623,1215
23012116,590,623,1240
23012117,590,623,1268
23012118,590,623,1323
23012119,596,1114,1217
23012120,596,1114,1156
23012121,596,623,907
23012122,623,623,762
23012123,500,623,839
23012200,623,623,931
23012201,523,623,966
23012202,523,623,1130
23012203,523,623,1184
23012204,522,623,1135
23012205,500,623,1203
23012206,522,623,1208
23012207,523,623,1006
23012208,523,623,1051
23012209,523,623,1120
23012210,423,623,1171
23012211,523,623,1124
23012212,523,623,1041
23012213,523,623,908
23012214,623,623,804
23012215,623,623,916
23012216,623,623,886
23012217,623,623,912
23012218,619,623,842
23012219,623,623,990
23012220,623,2796,845
23012221,623,5523,498
23012222,2796,5523,446
23012223,5523,5523,416
23012300,5247,5523,439
23012301,1861,5523,459
23012302,5172,5523,253
23012303,4572,5523,461
23012304,3735,5523,594
23012305,3735,5523,723
23012306,2235,3735,929
23012307,2234,3735,979
23012308,2229,3735,999
23012309,2229,3735,1089
23012310,2229,3735,1071
23012311,2229,3735,1150
23012312,2229,3735,1038
23012313,1754,3735,1039
23012314,2229,3735,1114
23012315,2229,3735,1098
23012316,2229,3735,1289
23012317,2227,3735,1353
23012318,2227,3735,1344
23012319,2227,3735,1302
23012320,2227,3735,1353
23012321,2227,3735,1242
23012322,2227,3735,1310
23012323,2227,3735,1410
23012400,2227,3735,1485
23012401,2227,3735,1521
23012402,2227,3735,1528
23012403,2227,3735,1530
23012404,1426,3735,1621
23012405,1426,3735,1626
23012406,2229,3735,973
23012407,2229,3735,958
23012408,2229,2234,1474
23012409,2229,2234,1465
23012410,2229,3735,1405
23012411,2229,3735,1405
23012412,2229,3735,1405
23012413,2229,3735,1405
23012414,2229,3735,1398
23012415,2229,3735,1398
23012416,2229,3735,1398
23012417,2229,3735,1398
23012418,2229,3735,1398
23012419,2229,2229,1239
23012420,2229,2229,1281
23012421,2207,2229,1528
23012422,2107,2229,1637
23012423,2107,2229,1658
23012500,1407,2229,1650
23012501,2107,2229,1638
23012502,2107,2229,1460
23012503,1207,2229,1366
23012504,1207,2229,1247
23012505,1207,2229,1218
23012506,1207,2229,1300
23012507,1206,2229,1390
23012508,1206,2229,1604
23012509,1206,2229,1604
23012510,1206,2229,1365
23012511,1206,2229,1228
23012512,1206,2229,1223
23012513,1207,2229,998
23012514,1207,2229,1084
23012515,1200,2229,1126
23012516,1207,2229,999
23012517,1207,2229,961
23012518,1207,2229,1106
23012519,1207,2229,1215
23012520,1000,2229,1247
23012521,1000,2229,1211
23012522,1207,2229,1330
23012523,1207,2229,1364
23012600,1200,2229,1470
23012601,1075,2229,2160
23012602,1075,2229,2024
23012603,922,2229,2039
23012604,900,2229,2036
23012605,900,2229,2067
23012606,900,2229,2066
23012607,900,2229,1520
23012608,900,2229,1520
23012609,900,2229,1520
23012610,900,1207,1840
23012611,855,1207,1891
23012612,900,2107,1756
23012613,900,1207,2032
23012614,900,1207,1971
23012615,900,1207,1820
23012616,900,1207,1841
23012617,900,2107,1771
23012618,900,1207,1811
23012619,400,1207,1887
23012620,396,2107,2134
23012621,600,5500,1895
23012622,300,5500,1911
23012623,900,5500,1848
23012700,799,2107,1972
23012701,799,5500,1912
23012702,799,1207,1974
23012703,699,1207,2012
23012704,699,1207,1983
23012705,699,1207,1964
23012706,699,5500,1943
23012707,799,5500,1818
23012708,899,5500,1630
23012709,699,5500,1651
23012710,699,5500,1641
23012711,500,1207,2000
23012712,500,1207,2027
23012713,500,1207,2082
23012714,491,1207,2244
23012715,418,1200,2360
23012716,418,704,3219
23012717,418,704,3168
23012718,418,704,3110
23012719,418,900,2708
23012720,418,900,2586
23012721,418,1075,2467
23012722,418,900,2494
23012723,418,1075,1991
23012800,218,1075,1807
23012801,218,704,1321
23012802,418,704,1227
23012803,418,704,1200
23012804,418,704,1153
23012805,500,997,1222
23012806,495,997,1267
23012807,495,900,1416
23012808,495,900,1400
23012809,400,997,1340
23012810,495,997,1314
23012811,5335,5500,407
23012812,5054,5500,607
23012813,5054,5500,567
23012814,1400,5335,837
23012815,1400,5335,854
23012816,4660,5335,851
23012817,2560,5054,909
23012818,4660,5335,840
23012819,4194,5335,799
23012820,3985,5054,688
23012821,3243,3985,1225
23012822,3243,3985,979
23012823,3243,3985,1047
23012900,3090,3483,1624
23012901,3065,3483,1636
23012902,3065,3483,1817
23012903,2865,3483,1871
23012904,2865,3483,1838
23012905,2865,3483,1853
23012906,2865,3483,1838
23012907,2565,3483,1855
23012908,1500,3483,1894
23012909,1500,3483,1932
23012910,1450,3243,1996
23012911,1450,3483,1872
23012912,1050,3243,2041
23012913,1050,3243,2009
23012914,1050,3243,1884
23012915,1050,3243,1943
23012916,1050,3140,2074
23012917,1050,3243,1937
23012918,3065,3483,1712
23012919,3065,3483,1728
23012920,3065,3483,1753
23012921,2000,3140,1664
23012922,1979,3140,1640
23012923,1079,3140,1722
23013000,1079,3140,1653
23013001,1000,3065,2339
23013002,1000,3065,2447
23013003,1000,3065,2423
23013004,1000,3065,2408
23013005,1000,3090,2122
23013006,1000,3090,2200
23013007,1000,3140,2060
23013008,1000,3140,2078
23013009,1000,3140,1982
23013010,950,3140,2056
23013011,1000,3140,2100
23013012,1000,3140,1848
23013013,1000,3065,2143
23013014,1000,3065,1943
23013015,1000,3065,1943
23013016,1079,3140,1671
23013017,1050,3065,1908
23013018,998,3140,1690
23013019,598,3140,1716
23013020,998,3140,1630
23013021,1000,3140,1706
23013022,700,3140,1737
23013023,1000,3140,1468
23013100,990,3065,1097
23013101,1000,3065,895
23013102,999,1979,1047
23013103,998,1979,1130
23013104,979,1979,1131
23013105,979,1979,1115
23013106,979,1979,1116
23013107,999,1979,1016
23013108,999,2000,986
23013109,999,2000,986
23013110,999,2000,986
23013111,999,2000,986
23013112,999,2000,986
23013113,1000,1979,1353
23013114,999,1079,1413
23013115,999,1079,1406
23013116,1000,1979,1330
23013117,1000,1050,1492
23013118,1000,1050,1485
23013119,1000,1050,1398
23013120,800,1979,1458
23013121,792,1979,1620
23013122,792,1050,2200
23013123,792,1000,2133
23020100,792,1050,1659
23020101,792,1050,1714
23020102,792,1050,1531
23020103,792,1050,1531
23020104,792,1050,1566
23020105,792,1050,1566
23020106,792,1050,1600
23020107,792,1050,1533
23020108,792,1050,1533
23020109,790,1050,1725
23020110,790,1050,1725
23020111,790,1050,1725
23020112,790,1050,1725
23020113,790,1050,1725
23020114,790,1050,1725
23020115,790,1050,1725
23020116,790,1050,1963
23020117,790,1050,1758
23020118,785,5580,1372
23020119,778,3315,1484
23020120,778,5578,1737
23020121,750,5578,1563
23020122,679,5578,1464
23020123,673,5578,1491
23020200,664,5578,1547
23020201,673,5578,1490
23020202,600,5578,1484
23020203,600,1000,1380
23020204,778,5578,888
23020205,778,5578,957
23020206,777,5578,883
23020207,785,5578,873
23020208,785,5578,877
23020209,785,5578,922
23020210,792,5578,842
23020211,792,5578,848
23020212,700,5578,940
23020213,700,5578,898
23020214,1000,5578,744
23020215,935,5578,799
23020216,935,5578,739
23020217,2613,5580,622
23020218,2610,5578,744
23020219,2610,5580,657
23020220,2597,5578,742
23020221,2097,2613,738
23020222,2097,2610,641
23020223,2097,2610,600
23020300,2597,2610,627
23020301,2597,5578,767
23020302,2097,5578,836
23020303,2097,5578,855
23020304,2097,5578,870
23020305,2097,2613,898
23020306,2097,2613,899
23020307,2097,2610,1054
23020308,2097,2597,1075
23020309,2097,2597,1198
23020310,2097,2597,1074
23020311,2097,2597,1140
23020312,2097,2597,1136
23020313,2097,2597,1202
23020314,2097,2597,1125
23020315,2097,2597,1127
23020316,2096,2610,1014
23020317,1900,2610,921
23020318,1900,2610,923
23020319,1800,2597,1068
23020320,1797,2597,829
23020321,1701,1897,1049
23020322,1790,2597,725
23020323,1797,2597,825
23020400,1795,2597,755
23020401,1755,2597,803
23020402,1755,2597,901
23020403,1755,2597,860
23020404,1755,2597,810
23020405,1555,2597,839
23020406,1555,2597,842
23020407,1555,2597,818
23020408,1755,2597,822
23020409,1797,2613,720
23020410,1797,2613,696
23020411,1797,18700,689
23020412,1797,2597,823
23020413,1200,2597,882
23020414,1200,2597,947
23020415,1000,2597,1027
23020416,600,1897,1259
23020417,900,2597,1118
23020418,1080,2597,1035
23020419,1079,2597,1120
23020420,1079,1797,1040
23020421,1000,1500,1173
23020422,1000,1797,1108
23020423,1000,1797,1034
23020500,1079,1797,1114
23020501,1079,1200,899
23020502,1079,1797,937
23020503,1079,1797,884
23020504,1079,1797,943
23020505,1079,1797,979
23020506,1026,1797,988
23020507,1026,1797,1027
23020508,1026,1500,1051
23020509,1025,1200,1181
23020510,1025,1500,1079
23020511,1024,1200,1095
23020512,1025,1200,1020
23020513,1024,1200,1084
23020514,525,1200,979
23020515,525,1080,1099
23020516,525,1200,1015
23020517,1025,1200,920
23020518,999,1439,908
23020519,589,1200,1009
23020520,590,1200,915
23020521,590,1200,969
23020522,590,1200,934
23020523,590,1200,824
23020600,590,1200,769
23020601,1079,1080,768
23020602,1079,1080,828
23020603,1079,1200,675
23020604,578,1200,633
23020605,578,1200,633
23020606,578,1200,641
23020607,576,1200,706
23020608,1078,1797,781
23020609,1077,1200,896
23020610,1078,1797,885
23020611,1077,1200,894
23020612,1078,1200,789
23020613,1079,18700,641
23020614,1079,2448,696
23020615,1079,18700,618
23020616,1079,18700,560
23020617,979,18700,622
23020618,850,18700,572
23020619,550,18700,529
23020620,850,5550,648
23020621,1079,18700,621
23020622,1079,18700,567
23020623,1078,18700,621
23020700,4838,18700,619
23020701,4838,18700,621
23020702,4338,5538,593
23020703,4335,5538,598
23020704,4335,5538,639
23020705,4335,5538,639
23020706,4335,5538,628
23020707,4335,5538,636
23020708,4035,5538,606
23020709,4035,5538,606
23020710,4035,5538,606
23020711,4035,5538,767
23020712,4015,5538,861
23020713,3995,5538,900
23020714,3956,5500,913
23020715,3956,5500,938
23020716,3956,5500,1039
23020717,3956,4838,1203
23020718,3956,4838,1207
23020719,3954,4335,1355
23020720,3954,5500,1591
23020721,3254,5500,1371
23020722,3554,5500,1372
23020723,3550,5538,1613
23020800,3550,5538,1655
23020801,3550,5538,1618
23020802,3550,5538,1588
23020803,3550,5538,1603
23020804,3048,5538,1632
23020805,3048,5500,1760
23020806,3048,5500,1759
23020807,3048,5500,1832
23020808,3048,5500,1856
23020809,3048,5500,1856
23020810,3048,4015,2252
23020811,3048,4015,2203
23020812,3048,4015,2150
23020813,3000,3995,2245
23020814,3000,3956,2359
23020815,3000,3956,2398
23020816,2095,3956,2327
23020817,2095,3956,2325
23020818,2075,3956,2348
23020819,2075,3995,2243
23020820,1964,3956,2038
23020821,1964,3995,2069
23020822,1964,3995,2182
23020823,1964,3995,2155
23020900,1964,3954,1984
23020901,1964,3954,2070
23020902,2095,3954,1636
23020903,2095,3954,1683
23020904,2095,3554,1765
23020905,2095,3954,1712
23020906,2095,3954,1674
23020907,2985,3954,1541
23020908,2995,3954,1575
23020909,2995,3954,1551
23020910,2995,3954,1488
23020911,2995,3954,1445
23020912,2999,3954,1407
23020913,2999,3954,1272
23020914,2999,3956,1215
23020915,1969,3050,1635
23020916,1569,3048,1750
23020917,1565,3550,1526
23020918,1565,3554,1479
23020919,1969,5554,1115
23020920,2900,3048,858
23020921,2900,3050,834
23020922,2900,3048,921
23020923,2900,3048,912
23021000,2900,3048,825
23021001,2999,3050,772
23021002,2500,3048,793
23021003,2500,3048,832
23021004,2500,3048,804
23021005,1300,3048,696
23021006,1300,18700,553
23021007,1300,18700,600
23021008,1200,18700,638
23021009,1200,18700,638
23021010,899,18700,671
23021011,1300,2999,770
23021012,1300,18700,680
23021013,2500,18700,578
23021014,2498,18700,628
23021015,2500,2500,749
23021016,2475,2500,783
23021017,2500,18700,504
23021018,1900,18700,545
23021019,1900,18700,594
23021020,1900,5500,814
23021021,2450,5500,718
23021022,2435,5500,693
23021023,2450,5500,671
23021100,2450,5500,654
23021101,2450,5500,818
23021102,2450,5500,716
23021103,2450,5500,638
23021104,2500,5500,598
23021105,2500,5500,596
23021106,2500,5500,596
23021107,2500,5500,617
23021108,2500,5500,617
23021109,1500,5500,577
23021110,2499,5500,679
23021111,2500,5500,580
23021112,2500,5500,575
23021113,2499,5500,795
23021114,2373,5500,828
23021115,1200,5500,857
23021116,2500,5500,823
23021117,2500,5500,823
23021118,2499,5500,809
23021119,2000,5500,1200
23021120,2000,5500,1169
23021121,2400,5500,1105
23021122,2500,5500,1120
23021123,2080,5500,950
23021200,2380,5500,826
23021201,2380,5500,834
23021202,2380,5500,858
23021203,2380,5500,991
23021204,2357,5500,996
23021205,2356,5500,1032
23021206,2357,5500,977
23021207,2357,5500,1095
23021208,2357,5500,1054
23021209,2357,5500,1123
23021210,2357,5500,1156
23021211,2357,5500,1359
23021212,2357,5500,1334
23021213,2300,5500,1363
23021214,2200,5500,1454
23021215,2090,5500,1576
23021216,2090,5500,1553
23021217,2090,5500,1572
23021218,2090,5500,1588
23021219,1800,5500,1563
23021220,2090,2357,1436
23021221,2090,2357,1393
23021222,2070,2357,1409
23021223,2090,2357,1389
23021300,2090,2357,1582
23021301,2070,2357,1723
23021302,2070,2357,2015
23021303,2070,2357,1952
23021304,2070,2357,1939
23021305,2070,2357,2023
23021306,2070,2357,1991
23021307,2070,2357,1938
23021308,2070,2357,1878
23021309,2070,2357,1852
23021310,2070,5500,1693
23021311,2050,5500,1656
23021312,1499,5500,1634
23021313,1499,5500,1617
23021314,2090,5500,1629
23021315,2090,5500,1588
23021316,1986,5500,1572
23021317,1786,5500,1608
23021318,1180,2357,1915
23021319,1180,2380,1837
23021320,1155,2357,1888
23021321,1155,2357,1985
23021322,1155,2357,1982
23021323,1155,2357,1899
23021400,1125,2357,1966
23021401,1124,2357,2020
23021402,1155,2357,1864
23021403,954,2300,1611
23021404,954,2300,1660
23021405,950,2300,1569
23021406,950,2357,1631
23021407,950,2300,1674
23021408,713,2300,1693
23021409,713,2300,1693
23021410,713,2300,1693
23021411,713,2090,1928
23021412,713,2090,1898
23021413,413,2090,1908
23021414,413,2090,1939
23021415,400,2090,1798
23021416,500,2090,1753
23021417,950,2090,1525
23021418,848,2090,1684
23021419,806,2090,1687
23021420,900,2090,1413
23021421,800,5570,1280
23021422,799,5570,1313
23021423,799,5570,1182
23021500,798,5570,1223
23021501,797,5570,1342
23021502,797,5570,1615
23021503,800,2590,1182
23021504,800,2090,1236
23021505,780,1986,1351
23021506,780,1986,1332
23021507,780,1986,1342
23021508,780,1986,1410
23021509,780,1180,1489
23021510,780,1180,1454
23021511,780,1180,1519
23021512,780,1180,1551
23021513,780,1180,1530
23021514,780,1986,1462
23021515,780,1780,1426
23021516,780,1986,1339
23021517,741,1986,1313
23021518,741,1541,1274
23021519,741,5580,1154
23021520,741,1155,880
23021521,741,5541,1071
23021522,780,5541,915
23021523,795,5541,930
23021600,792,5541,986
23021601,701,2343,1198
23021602,701,5541,1130
23021603,631,5541,1104
23021604,701,5541,993
23021605,701,5541,986
23021606,701,5541,986
23021607,701,5541,1007
23021608,701,5541,1032
23021609,701,5541,1052
23021610,701,5541,1042
23021611,701,5541,1098
23021612,699,5541,1058
23021613,701,5541,972
23021614,701,5541,913
23021615,792,5541,866
23021616,665,5541,985
23021617,799,5541,799
23021618,841,5541,909
23021619,841,5541,935
23021620,841,5543,865
23021621,700,5541,1045
23021622,892,5543,750
23021623,733,5541,1029
23021700,732,5541,1107
23021701,733,5541,779
23021702,733,5541,842
23021703,733,5541,789
23021704,660,5541,834
23021705,660,5541,831
23021706,733,5541,774
23021707,733,5541,780
23021708,733,5541,780
23021709,697,5541,821
23021713,726,5543,1056
23021714,726,5543,1085
23021715,700,5543,1037
23021716,700,5541,1208
23021717,686,5541,1227
23021718,712,5543,1042
23021719,695,5541,1312
23021720,678,5541,1344
23021721,678,5543,1082
23021722,600,5543,1095
23021723,599,2359,1186
23021800,544,833,1285
23021801,544,833,1293
23021802,544,2359,1210
23021803,544,885,1262
23021804,599,885,1256
23021805,599,712,1611
23021806,599,712,1630
23021807,599,712,1490
23021808,599,722,1485
23021809,599,2359,1222
23021810,400,1210,1275
23021811,100,885,1305
23021812,599,5543,1163
23021813,695,5543,1098
23021814,695,5543,921
23021815,600,712,1597
23021816,695,722,1472
23021817,695,726,1390
23021818,695,18700,588
23021819,695,18700,512
23021820,695,18700,526
23021821,550,18700,590
23021822,550,18700,622
23021823,525,722,755
23021900,525,885,744
23021901,525,18700,691
23021902,550,18700,491
23021903,550,1210,512
23021904,550,1210,515
23021905,695,18700,384
23021906,695,18700,472
23021907,695,18700,540
23021908,695,18700,547
23021909,695,18700,517
23021910,695,1851259,283
23021911,689,926827,292
23021912,689,18400,519
23021913,607,18400,572
23021914,722,18400,419
23021915,18400,18400,343
23021916,15000,18400,374
23021917,4206,1851259,222
23021918,4205,18400,314
23021919,3800,18400,321
23021920,4206,18400,326
23021921,4000,5506,515
23021922,3200,4206,762
23021923,3000,4000,925
23022000,3000,4000,924
23022001,3000,4000,940
23022002,2836,4000,1375
23022003,2836,4000,1272
23022004,2836,4000,1295
23022005,2836,4000,1284
23022006,2836,4000,1301
23022007,3000,4000,1236
23022008,3000,4206,1167
23022009,3000,4206,1195
23022010,2760,4000,1277
23022011,2760,4000,1265
23022012,2760,4000,1546
23022013,2700,3200,1722
23022014,2700,3200,1626
23022015,2460,3200,1639
23022016,2337,3200,1714
23022017,2337,3200,1718
23022018,2337,3200,1720
23022019,2337,3200,1752
23022020,1499,3000,1783
23022021,2337,3200,1702
23022022,2337,3000,1861
23022023,2237,3000,1868
23022100,2237,3000,1875
23022101,2337,3000,1752
23022102,1536,3000,1808
23022103,1535,3200,2046
23022104,1535,3200,2071
23022105,1535,3200,2070
23022106,1535,3000,2031
23022107,2037,3200,1969
23022108,2337,3200,1891
23022109,2337,3200,1890
23022110,2337,3200,1890
23022111,2337,3200,2239
23022112,2337,3200,1906
23022113,2267,3200,1723
23022114,2337,4000,1700
23022115,2337,4000,1557
23022116,2337,4000,1573
23022117,2336,3200,1611
23022118,2337,3200,1550
23022119,2000,3200,1568
23022120,1995,3200,1684
23022121,1995,3000,1576
23022122,1950,3000,1526
23022123,1950,2760,1465
23022200,1235,2760,1489
23022201,1950,2760,1479
23022202,1995,2337,1230
23022203,1995,2760,1358
23022204,1995,2760,1572
23022205,1995,2760,1513
23022206,1700,2760,1555
23022207,1700,2760,1586
23022208,1700,2760,1564
23022209,1986,2760,1467
23022210,1986,2760,1360
23022211,1986,2760,1397
23022212,1986,2337,1401
23022213,1986,5536,1326
23022214,1986,5536,1297
23022215,1986,5536,1289
23022216,1986,5536,1328
23022217,1950,5536,1340
23022218,1555,2337,1457
23022219,1555,2337,1365
23022220,1543,5536,1689
23022221,1400,5536,1707
23022222,1400,2337,1773
23022223,1400,5536,1733
23022300,1400,2050,2131
23022301,1400,2050,2205
23022302,1400,2050,2086
23022303,1400,1997,1942
23022304,1395,2000,1884
23022305,1395,2000,1856
23022306,1395,2050,1820
23022307,1400,2050,1811
23022308,1400,1986,2050
23022309,1400,1950,2111
23022310,1400,1986,1995
23022311,1000,2000,1928
23022312,1000,1986,1949
23022313,970,1986,1972
23022314,970,1986,2051
23022315,900,1950,2028
23022316,900,1794,2049
23022317,900,1544,2165
23022318,900,1543,2154
23022319,900,1544,1915
23022320,900,1543,1892
23022321,900,1543,1926
23022322,900,1544,1836
23022323,900,1543,1652
23022400,900,1400,1686
23022401,888,1400,1712
23022402,900,1543,1527
23022403,900,1400,1422
23022404,970,1543,1322
23022405,970,1543,1324
23022406,970,1543,1252
23022407,1000,1544,1155
23022408,995,1543,1251
23022409,994,1400,1306
23022410,965,1400,1330
23022411,965,1400,1327
23022412,1400,1544,1041
23022413,1400,1544,1065
23022414,1330,1543,1159
23022415,1330,1543,1162
23022416,1330,1543,1191
23022417,1330,1544,1187
23022418,1030,1543,1093
23022419,1330,1543,1035
23022420,1330,1400,1016
23022421,1300,1400,1108
23022422,1320,1400,989
23022423,1300,1400,945
23022500,1330,1330,573
23022501,1330,12000,317
23022502,1330,12000,365
23022503,1330,5530,630
23022504,1330,5530,582
23022505,1330,5530,582
23022506,1300,5530,634
23022507,1330,5530,598
23022508,1329,5530,627
23022509,1329,5530,764
23022510,1325,5530,823
23022511,1316,5530,787
23022512,1316,5530,907
23022513,1316,5530,847
23022514,1315,5530,831
23022515,1316,5530,779
23022516,1329,5530,708
23022517,1329,5530,687
23022518,1300,5530,604
23022519,1250,5530,629
23022520,1199,5530,627
23022521,1199,5530,692
23022522,1199,5530,624
23022523,1300,5530,667
23022600,1300,5530,623
23022601,1000,5530,577
23022602,1393,5530,633
23022603,1393,5530,621
23022604,1393,5530,439
23022605,4791,5530,408
23022606,4791,5530,629
23022607,5530,5530,606
23022608,5530,7265,592
23022609,5530,9000,497
23022610,5530,5530,727
23022611,5530,5530,832
23022612,5530,5530,852
23022613,5420,5530,801
23022614,5365,5530,884
23022615,5365,5530,891
23022616,5365,5530,924
23022617,5365,5530,838
23022618,5365,5530,864
23022619,5365,5530,966
23022620,5097,5530,983
23022621,5097,5530,1109
23022622,2677,5597,1533
23022623,2277,5597,1575
23022700,4900,5597,1295
23022701,4900,5597,1402
23022702,4900,5597,1344
23022703,4700,5597,1277
23022704,4700,5597,1277
23022705,4700,5597,1284
23022706,4800,5597,1264
23022707,4800,5597,1266
23022708,4800,5597,1286
23022709,4800,5597,1691
23022710,4750,4800,778
23022711,4750,4800,672
23022712,4000,4750,840
23022713,4750,4900,577
23022714,4750,4800,629
23022715,4750,4750,677
23022716,4749,4750,1399
23022717,4749,4750,1442
23022718,4749,4750,1407
23022719,4749,4750,1458
23022720,4749,4750,1427
23022721,4749,4750,1435
23022722,4749,4750,1322
23022723,4749,4750,2259
23022800,4749,4750,2246
23022801,4749,4750,2205
23022802,4749,4750,2164
23022803,4449,4750,2207
23022804,4449,4750,2250
23022805,4449,4750,2242
23022806,4449,4750,2016
23022807,4449,4749,2035
23022808,4445,4749,2033
23022809,4449,4750,1993
23022810,4449,4750,1993
23022811,4449,4750,2306
23022812,4449,4750,2413
23022813,3849,4750,2580
23022814,3849,4750,2532
23022815,4449,4750,2440
23022816,3849,4750,2527
23022817,3549,4750,2622
23022818,3549,4750,2616
23022819,3500,4750,3500
23022820,3465,4750,3677
23022821,3465,4750,3434
23022822,3465,4750,3322
23022823,3465,4750,3372
23030100,3465,4750,3350
23030101,3465,4750,3513
23030102,3465,4750,3532
23030103,3465,4750,3502
23030104,3464,4750,3501
23030105,3465,4750,3420
23030106,3465,4750,3423
23030107,3465,4750,2524
23030108,3065,4750,2527
23030109,3465,4750,2126
23030110,3450,4750,2107
23030111,3450,4750,1890
23030112,3450,4750,1786
23030113,3450,4750,1897
23030114,2849,4749,2147
23030115,2849,4449,2192
23030116,2849,3549,1401
23030117,2000,3500,1444
23030118,1955,3449,2129
23030119,1955,3449,2215
23030120,1800,3449,2055
23030121,1500,2849,2195
23030122,1499,3450,1746
23030123,1500,3450,1610
23030200,1598,3465,1487
23030201,1598,3460,1520
23030202,1598,3465,1491
23030203,1598,3465,1434
23030204,1500,3460,1468
23030205,1500,3450,1449
23030206,1500,3450,1444
23030207,1500,3450,1495
23030208,1500,3450,1515
23030209,1500,3450,1527
23030210,1500,3450,1527
23030211,1500,2849,2220
23030212,1499,2849,2245
23030213,1477,2000,2346
23030214,599,2000,2208
23030215,399,2000,2385
23030216,599,2000,2160
23030217,1499,2000,2092
23030218,1499,2286,2046
23030219,1499,2000,2171
23030220,1499,2000,2322
23030221,1099,2000,2450
23030222,1099,2000,2507
23030223,1099,2000,2592
23030300,1089,2000,2625
23030301,1099,2000,2258
23030302,1099,2000,2602
23030303,1099,2000,2812
23030304,1099,2000,2713
23030305,1099,2000,2649
23030306,1099,2000,3206
23030307,1099,2000,3289
23030308,1099,2000,3158
23030309,1000,2000,3164
23030310,1099,2000,3042
23030311,1099,2000,3012
23030312,1099,2000,2925
23030313,1099,2000,2809
23030314,1397,2000,1901
23030315,1328,2000,1956
23030316,1328,2000,1987
23030317,1300,2000,1914
23030318,1328,2849,1206
23030319,1196,2849,1220
23030320,1190,1799,1334
23030321,1328,2849,1178
23030322,1328,2849,1160
23030323,1398,5599,1105
23030400,1398,2849,1218
23030401,1498,5599,1140
23030402,1398,5599,1141
23030403,1398,5599,1185
23030404,1398,5599,1165
23030405,1398,5599,1165
23030406,1398,5599,1251
23030407,1498,5599,1000
23030408,1398,5599,1059
23030409,1315,5599,1078
23030410,1200,5599,1103
23030411,1200,5599,1166
23030412,1200,5599,1129
23030413,500,5599,1146
23030414,1096,5599,1235
23030415,1095,2849,1292
23030416,1095,2849,1330
23030417,796,5599,1233
23030418,1163,2849,1308
23030419,1163,2849,1289
23030420,1163,2849,988
23030421,1163,2849,936
23030422,1396,5599,681
23030423,1396,5599,668
23030500,1396,2628,788
23030501,1396,5599,707
23030502,1396,5599,645
23030503,1396,5596,683
23030504,1396,5596,757
23030505,1396,5596,567
23030506,1396,5596,578
23030507,1396,5596,563
23030508,1396,5596,631
23030509,1396,5596,661
23030510,1298,1298,1119
23030511,1298,1396,993
23030512,1298,1396,940
23030513,1298,18600,508
23030514,1298,18600,514
23030515,1092,5596,591
23030516,1200,5596,638
23030517,1200,5596,772
23030518,1200,5596,744
23030519,1200,5596,807
23030520,1200,5596,778
23030521,1200,5596,994
23030522,1128,5596,978
23030523,1292,5596,676
23030600,1292,5596,747
23030601,1292,5596,583
23030602,1200,1298,1106
23030603,1200,1298,1114
23030604,1200,5596,634
23030605,1200,5596,605
23030606,1298,18600,540
23030607,1273,5596,601
23030608,1298,12500,551
23030609,1298,5596,571
23030610,1298,5596,599
23030611,1298,5596,587
23030612,1298,18600,532
23030613,1298,5596,621
23030614,1298,5596,569
23030615,1297,5596,580
23030616,1298,18600,507
23030617,1298,18600,508
23030618,1250,18600,511
23030619,1298,18600,586
23030620,1298,18600,603
23030621,1553,18600,580
23030622,1369,5598,658
23030623,1369,5598,688
23030700,1369,5598,690
23030701,1369,5598,672
23030702,1369,5596,521
23030703,1369,5569,379
23030704,1369,5569,433
23030705,1369,5569,478
23030706,1369,5569,465
23030707,1369,5569,465
23030708,1369,5569,444
23030709,1369,1553,506
23030710,1369,1553,506
23030711,1369,1396,538
23030712,1369,1396,576
23030713,1286,1369,638
23030714,1285,1369,628
23030715,1286,1369,602
23030716,1000,1553,553
23030717,1369,1553,540
23030718,1366,5569,521
23030719,1369,5569,328
23030720,1369,5569,413
23030721,1369,5598,270
23030722,1369,5569,292
23030723,1327,9800,473
23030800,5543,9800,362
23030801,5542,9800,380
23030802,5542,5598,617
23030803,5487,5598,630
23030804,3387,5543,679
23030805,3387,5542,663
23030806,3387,5542,728
23030807,3387,5542,733
23030808,3387,5542,781
23030818,3200,5542,1153
23030819,3320,5542,868
23030820,3319,5542,946
23030821,3319,5542,878
23030822,3319,5542,908
23030823,3319,5542,857
23030900,1296,5542,877
23030901,1296,4487,1049
23030902,1296,4487,966
23030903,1296,4487,965
23030904,1295,4487,959
23030905,595,4487,974
23030906,1296,5542,891
23030907,1296,5542,893
23030908,1296,5542,883
23030909,995,4487,961
23030910,995,5542,923
23030911,995,5542,856
23030912,995,4487,964
23030913,995,3387,1017
23030914,995,3387,1040
23030915,980,3387,1005
23030916,976,5542,912
23030917,1296,4487,964
23030918,1296,4487,939
23030919,1296,3387,1013
23030920,1290,4487,1045
23030921,1290,5542,968
23030922,1296,5542,872
23030923,1296,5487,625
23031000,1295,5487,629
23031001,2516,5542,731
23031002,2516,4487,561
23031003,2516,4487,587
23031004,2016,5487,523
23031005,2516,5596,490
23031006,2000,5596,553
23031007,2000,5596,557
23031008,2000,5487,618
23031009,1999,5487,602
23031010,2000,5596,596
23031011,2000,3387,687
23031012,2000,3387,688
23031013,1500,3320,775
23031014,1025,3320,817
23031015,1025,2516,947
23031016,925,2000,1012
23031017,1025,2516,875
23031018,1000,2516,858
23031019,1024,2000,893
23031020,1025,2551,774
23031021,1425,2516,790
23031022,1400,2000,1033
23031023,1425,2000,922
23031100,1325,2000,896
23031101,1300,2000,1106
23031102,450,2000,1066
23031103,441,2000,946
23031104,1287,2000,922
23031105,1188,2000,999
23031106,1188,2000,1101
23031107,1188,2000,1080
23031108,1188,2000,1113
23031109,1149,2000,1014
23031110,1287,2000,1046
23031111,1287,2000,1065
23031112,1287,2000,1081
23031113,786,1425,1167
23031114,787,1425,1119
23031115,1277,1425,1040
23031116,1274,1425,1114
23031117,1275,1425,1068
23031118,1287,1500,993
23031119,1222,1425,1036
23031120,1210,1425,1024
23031121,1211,1425,934
23031122,1211,1425,889
23031123,1286,1425,938
23031200,1287,1425,992
23031201,1250,1287,739
23031203,1286,1325,534
23031204,1275,1425,864
23031205,1275,1425,902
23031206,1275,1425,841
23031207,1275,1425,718
23031208,1275,1425,709
23031209,1275,1425,720
23031210,1275,1425,727
23031211,1287,1425,739
23031212,687,1425,778
23031213,1286,1425,733
23031214,1274,1300,803
23031215,1200,1425,594
23031216,1287,1425,621
23031217,1287,1425,452
23031218,1286,1425,501
23031219,1187,1425,493
23031220,1187,1425,534
23031221,1223,1425,460
23031222,1425,15300,225
23031223,1400,15300,274
23031300,1425,15300,334
23031301,1425,15300,280
23031302,1425,5525,478
23031303,1350,5525,496
23031304,800,5525,641
23031305,800,5525,691
23031306,800,5525,710
23031307,800,5525,632
23031308,722,5525,678
23031309,622,5525,702
23031310,622,5525,750
23031311,622,5525,752
23031312,800,5525,632
23031313,1050,5525,643
23031314,1040,5525,729
23031315,1040,5525,746
23031316,1039,5525,803
23031317,1039,5525,787
23031318,1040,5525,672
23031319,1350,5550,546
23031320,1283,5525,605
23031321,1283,5525,709
23031322,1282,5525,845
23031323,1282,5525,871
23031400,1282,5525,820
23031401,1270,5525,778
23031402,1282,5525,701
23031403,1282,5525,661
23031404,1282,5525,477
23031405,1282,5525,509
23031406,1282,5525,512
23031407,1282,5525,502
23031408,1283,5525,364
23031409,1350,5525,276
23031410,1350,5525,276
23031411,1350,5525,389
23031412,1350,5525,370
23031413,1349,5525,397
23031414,1349,5525,413
23031415,1350,5525,327
23031416,5469,5525,284
23031417,2467,5525,442
23031418,2467,2490,259
23031419,2467,2467,355
23031420,2467,5442,190
23031421,5415,5550,111
23031422,2070,5550,60
23031423,5524,5550,76
23031500,5024,5024,146
23031501,2524,5024,132
23031502,2524,9300,323
23031503,5024,9300,321
23031504,5024,9300,267
23031505,5024,9300,270
23031506,5024,9300,271
23031507,5024,9300,272
23031508,4824,5024,467
23031509,5024,5024,501
23031510,2524,5024,506
23031511,2524,9300,389
23031512,2424,5024,408
23031513,2424,5024,436
23031514,2424,5024,514
23031515,1701,5024,556
23031516,2424,5024,440
23031517,1700,5024,472
23031518,1700,5024,497
23031519,1700,5024,554
23031520,1700,5024,612
23031521,1700,5024,800
23031522,1655,5024,805
23031523,1700,5024,691
23031600,1500,5024,764
23031601,1499,5024,805
23031602,1499,5024,692
23031603,1498,5024,709
23031604,1500,5024,663
23031605,1500,5024,664
23031606,1700,5500,607
23031607,1700,5500,590
23031608,1700,5500,581
23031609,1700,5500,576
23031610,1700,5500,627
23031611,1700,5500,569
23031612,1700,5500,526
23031613,1700,5500,539
23031614,5024,9300,376
23031615,5024,9300,398
23031616,5024,5500,460
23031617,5024,5500,511
23031618,4024,5500,517
23031619,5024,5500,496
23031620,5024,5500,499
23031621,4524,5500,567
23031622,5017,5500,519
23031623,5017,5500,564
23031700,5000,5500,623
23031701,5000,5024,682
23031702,5000,5017,955
23031703,1000,5017,966
23031704,5000,5017,949
23031705,5000,5017,1026
23031706,5000,5017,945
23031707,5000,5017,1006
23031708,5000,5017,855
23031709,5000,5017,860
23031710,5000,5017,903
23031711,900,5017,1050
23031712,800,5017,1099
23031713,900,5017,1101
23031714,2799,5017,1012
23031715,5000,5017,932
23031716,5000,5017,992
23031717,5000,5017,970
23031718,4500,5017,1066
23031719,1973,5000,1189
23031720,1973,5000,1525
23031721,1973,5000,1405
23031722,4500,5000,874
23031723,4500,5000,1313
23031800,4499,5000,1336
23031801,4499,5000,1285
23031802,4499,5000,1382
23031803,3999,5000,1484
23031804,3999,5000,1314
23031805,3999,5000,1312
23031806,3999,5000,1263
23031807,4499,5000,1299
23031808,4499,5000,1337
23031809,4499,5000,1360
23031810,4499,5000,1323
23031811,2058,5000,1302
23031812,2058,5000,1232
23031813,2058,5000,1257
23031814,2058,5000,1329
23031815,2058,5000,1206
23031816,2058,5000,1234
23031817,1558,5000,1291
23031818,1558,4500,1318
23031819,1558,5000,1291
23031820,1480,4500,1427
23031821,1480,4500,1461
23031822,1400,4500,1371
23031823,700,4500,1504
23031900,1200,4500,1362
23031901,1300,4500,1403
23031902,1300,4500,1257
23031903,1300,4500,1338
23031904,1300,4500,1335
23031905,1300,4500,1299
23031906,1300,4500,1275
23031907,1100,4500,1254
23031908,1100,4500,1426
23031909,1295,4500,1402
23031910,1295,4500,1377
23031911,1295,4500,1330
23031912,1295,4500,1466
23031913,1295,4499,1550
23031914,1295,4500,1493
23031915,1295,4500,1330
23031916,1293,4499,1462
23031917,1094,4499,1428
23031918,1073,4499,1459
23031919,1073,4499,1438
23031920,1073,2058,1565
23031921,1195,4500,1270
23031922,1295,4500,1341
23031923,1295,1400,1263
23032000,1295,1400,1208
23032001,1295,1400,1177
23032002,1295,1300,1247
23032003,1244,1400,922
23032004,1244,1400,975
23032005,1244,1400,975
23032006,1244,1400,975
23032007,1232,1400,1025
23032008,1232,1400,1050
23032009,1232,1400,1053
23032010,1232,1295,1687
23032011,1232,1295,1670
23032012,1232,1295,1623
23032013,1244,1295,1536
23032014,1244,1295,1556
23032015,1200,1295,1552
23032016,1058,1295,1577
23032017,1244,1295,1442
23032018,1244,1295,1504
23032019,1244,1295,1494
23032020,1244,1295,1493
23032021,1244,1295,1529
23032022,1244,1295,1522
23032023,1243,1295,1617
23032100,1244,1295,1500
23032101,944,1295,1551
23032102,944,1295,1476
23032103,944,1295,1540
23032104,500,1295,1295
23032105,500,1295,1327
23032106,500,1295,1214
23032107,1031,1295,1228
23032108,1031,1295,1050
23032109,1031,1295,1050
23032110,1031,1295,1050
23032111,1031,1295,1081
23032112,1031,1295,1076
23032113,1031,1295,1067
23032114,1031,1295,1067
23032115,1031,1295,1057
23032116,1031,1295,1078
23032117,1000,1295,1075
23032118,1031,1295,1065
23032119,1031,1295,1086
23032120,1031,1295,1055
23032121,1031,1295,1207
23032122,1031,1244,1123
23032123,1000,1031,735
23032200,1000,1031,749
23032201,900,1031,764
23032202,899,1031,778
23032203,898,1031,1268
23032204,899,1031,1204
23032205,899,1244,1087
23032206,899,1244,1054
23032207,835,1244,1014
23032208,835,1244,999
23032209,835,1244,1052
23032210,835,1244,1014
23032211,835,1244,1020
23032212,835,1244,1025
23032213,899,1244,963
23032214,899,1244,968
23032215,875,1244,1010
23032216,875,1244,1010
23032217,737,1031,1067
23032218,875,1031,1001
23032219,600,1031,1010
23032220,899,1244,903
23032221,899,1031,977
23032222,899,1031,993
23032223,899,1031,918
23032300,899,1031,935
23032301,899,1031,1005
23032302,899,1031,935
23032303,898,1031,815
23032304,899,1000,1157
23032305,898,899,1204
23032306,898,899,1206
23032307,809,899,1256
23032308,809,899,1309
23032309,809,899,1258
23032310,800,899,1369
23032311,800,899,1371
23032312,800,899,1384
23032313,801,899,1320
23032314,809,899,1657
23032315,809,899,1732
23032316,809,899,1711
23032317,808,899,1693
23032318,805,899,1787
23032319,805,899,1838
23032320,800,899,1823
23032321,800,899,1880
23032322,800,899,1694
23032323,800,899,1717
23032400,808,899,1592
23032401,808,899,1567
23032402,808,899,1227
23032403,808,899,1417
23032404,808,899,1413
23032405,808,899,1496
23032406,808,899,1505
23032407,808,899,1525
23032408,808,899,1515
23032409,808,899,1515
23032410,808,899,1567
23032411,808,899,1492
23032412,809,899,1433
23032413,809,899,1524
23032414,809,899,993
23032415,808,899,1073
23032416,808,899,1073
23032417,899,899,993
23032418,898,899,1106
23032419,895,899,1149
23032420,895,899,1187
23032421,895,899,1105
23032422,895,899,1087
23032423,895,899,928
23032500,893,899,974
23032501,893,899,935
23032502,893,899,934
23032503,893,1022,551
23032504,893,1022,546
23032505,593,1022,563
23032506,593,1022,552
23032507,893,5500,481
23032508,893,1022,546
23032509,893,1022,562
23032510,293,1021,754
23032511,293,1022,608
23032512,1022,5500,403
23032513,1022,5500,422
23032514,1022,5500,492
23032515,1022,5500,504
23032516,1022,5500,446
23032517,1022,5500,531
23032518,971,1022,914
23032519,1022,1022,871
23032520,1020,1022,1281
23032521,1000,1021,1039
23032522,1020,1021,1065
23032523,1020,1021,1019
23032600,1020,1021,1021
23032601,1020,1021,1108
23032602,1020,1021,1050
23032603,1020,1021,1132
23032604,1021,1022,844
23032605,1021,1022,820
23032606,1022,9000,491
23032607,1021,9000,492
23032608,1021,9000,505
23032609,1022,9000,475
23032610,1010,9000,499
23032611,1010,5500,534
23032612,1010,9000,497
23032613,1022,9000,427
23032614,1022,9000,446
23032615,1022,9000,434
23032616,1022,9000,427
23032617,1000,5500,595
23032618,1022,9000,376
23032619,1022,9000,341
23032620,8820,9000,254
23032621,7500,9000,239
23032622,9000,9000,113
23032623,7500,9000,211
23032700,7286,7286,405
23032701,5300,7286,383
23032702,5300,7286,361
23032703,5293,5293,926
23032704,5290,5293,924
23032705,5290,5293,924
23032706,5290,5293,925
23032707,5289,5293,988
23032708,5263,5293,1124
23032709,5263,5293,1236
23032710,4263,5293,1268
23032711,4263,5293,1303
23032712,4263,5293,1304
23032713,4263,5293,1301
23032714,4263,5293,1323
23032715,4200,5293,1282
23032716,1688,5293,1256
23032717,3750,5293,1324
23032718,3750,5290,1433
23032719,3750,5293,1399
23032720,3742,5263,1552
23032721,3742,5293,1328
23032722,3000,5293,1422
23032723,3000,5263,1684
23032800,3742,5263,1578
23032801,3499,5263,1510
23032802,3742,5290,1243
23032803,3742,5263,1498
23032804,3742,3750,1590
23032805,3742,5263,1312
23032806,2242,5263,1368
23032807,3742,3750,1628
23032808,3742,3750,1609
23032809,3742,3750,1609
23032810,3742,3750,1609
23032811,3742,3750,1812
23032812,3740,3750,1916
23032813,3740,3750,1912
23032814,3740,3750,1994
23032815,3740,3750,2038
23032816,3740,3750,2067
23032817,3740,3750,2067
23032818,3740,3750,2093
23032819,3702,3742,2233
23032820,3702,3744,1990
23032821,3702,3750,1919
23032822,3702,3742,2268
23032823,3701,3742,2306
23032900,3702,3742,2160
23032901,3702,3742,1973
23032902,3702,3742,1871
23032903,2999,3740,2280
23032904,3155,3740,1877
23032905,2990,3740,1859
23032906,2989,3740,1747
23032907,1189,3740,1762
23032908,1189,3740,1863
23032909,1189,3740,1736
23032910,2989,3702,1988
23032911,2989,3702,2021
23032912,2989,3740,1552
23032913,2975,3740,1775
23032914,2975,3702,1729
23032915,2975,3702,1740
23032916,2975,3702,1725
23032917,2975,3702,1648
23032918,2975,3702,1770
23032919,1575,3702,1613
23032920,1560,2989,1949
23032921,1000,2989,2002
23032922,1500,2989,1977
23032923,1424,2989,1857
23033000,1023,2975,2209
23033001,1023,2975,2098
23033002,1024,2975,2148
23033003,1500,2975,1622
23033004,1500,2975,1527
23033005,1500,2975,1481
23033006,1500,2975,1962
23033007,1500,2975,1960
23033008,1500,2975,2002
23033009,1500,2975,1979
23033010,1500,2975,1540
23033011,1500,2975,2057
23033012,1485,2975,1908
23033013,1485,2975,1948
23033014,1485,2975,2076
23033015,460,2975,1932
23033016,1500,2975,1711
23033019,999,2975,1675
23033020,1500,2975,1586
23033021,1500,2975,1619
23033022,1499,2975,1573
23033023,1499,1575,1371
23033100,1499,1575,1323
23033101,1000,1575,1347
23033102,995,1575,1135
23033103,995,1575,1116
23033104,1499,1575,1436
23033105,1499,1575,1467
23033106,1499,1575,959
23033107,1499,1575,967
23033108,1499,1575,970
23033109,1499,1575,1000
23033110,999,1575,1003
23033111,1499,1575,1260
23033112,1499,1575,1233
23033113,1499,1575,825
23033114,1499,1575,775
23033115,1499,1575,797
23033116,1499,1575,784
23033117,1499,1575,983
23033118,1499,1575,960
23033119,1499,1500,1004
23033120,1498,1499,671
23033121,1469,1499,1155
23033122,1498,1498,1302
23033123,1000,1498,1295
23040100,990,1498,1358
23040101,890,1498,1392
23040102,890,1498,1417
23040103,890,1498,1374
23040104,990,1498,1391
23040105,990,1498,1380
23040106,990,1498,1483
23040107,990,1498,1517
23040108,990,1498,1539
23040109,990,1498,1579
23040110,990,1498,1408
23040111,990,1498,1487
23040112,990,1498,1576
23040113,990,1498,1546
23040114,990,1498,1532
23040115,990,1498,1912
23040116,900,1498,1963
23040117,990,1498,1724
23040118,841,1498,1646
23040119,939,1498,1579
23040120,941,1498,1532
23040121,934,1498,1489
23040122,900,1498,1547
23040123,900,1498,1492
23040200,781,990,1456
23040201,700,990,1489
23040202,699,990,1927
23040203,699,990,1774
23040204,698,990,1781
23040205,699,1066,1650
23040206,669,1066,1641
23040207,782,1498,1524
23040208,589,1498,1497
23040209,889,1498,1400
23040210,889,1498,1359
23040211,789,1066,1568
23040212,889,1069,1519
23040213,889,1066,1548
23040214,880,1498,1461
23040215,700,1498,1465
23040216,700,1066,1533
23040217,600,1066,1559
23040218,700,1066,1477
23040219,700,1065,1444
23040220,100,990,1563
23040221,700,941,1131
23040222,700,934,1101
23040223,881,941,977
23040300,881,934,1001
23040301,792,941,870
23040302,792,889,1386
23040303,792,900,1320
23040304,791,990,1265
23040305,791,990,1132
23040306,791,990,1129
23040307,791,990,1090
23040308,792,990,1036
23040309,792,990,1059
23040310,792,1065,991
23040311,792,1065,928
23040312,881,1066,873
23040313,881,1065,896
23040314,889,1066,776
23040315,889,1066,818
23040316,889,1066,803
23040317,889,1065,904
23040318,667,941,1052
23040319,667,1066,819
23040320,500,1066,913
23040321,500,1066,943
23040322,500,1066,932
23040323,889,1065,1029
23040400,889,1065,976
23040401,875,889,1012
23040402,375,889,808
23040403,375,889,821
23040404,375,889,897
23040405,875,889,749
23040406,875,889,948
23040407,874,1065,897
23040408,875,1065,890
23040409,875,889,984
23040410,875,889,984
23040411,800,889,1049
23040412,875,889,992
23040413,875,889,977
23040414,874,889,1065
23040415,800,889,1022
23040416,874,1065,928
23040417,875,1065,848
23040418,889,5500,615
23040419,889,5500,584
23040420,875,5500,648
23040421,889,5500,596
23040422,889,1065,444
23040423,889,889,710
23040500,889,889,750
23040501,889,1065,450
23040502,889,1065,372
23040503,888,1065,394
23040504,888,1065,404
23040505,888,1065,402
23040506,888,1065,489
23040507,888,1065,675
23040508,888,1065,667
23040509,888,1065,671
23040510,588,1065,757
23040511,888,1191,673
23040512,888,1065,707
23040513,862,2524,667
23040514,862,1065,713
23040515,862,2524,673
23040516,860,1065,744
23040517,889,2524,509
23040518,1065,2525,366
23040519,1065,9000,214
23040520,5225,5500,264
23040521,4442,5225,337
23040522,2542,5500,427
23040523,2542,5225,484
23040600,2542,5225,511
23040601,1361,5225,583
23040602,1361,4442,668
23040603,1359,4442,652
23040604,1358,4442,669
23040605,1358,5225,634
23040606,1358,2542,786
23040607,1358,2542,795
23040608,1358,2542,767
23040609,1358,2542,771
23040610,1359,2542,838
23040611,1359,2542,867
23040612,1361,4442,729
23040613,1361,4442,729
23040614,2542,5225,622
23040615,2542,5225,602
23040616,2365,5225,642
23040617,2542,5225,555
23040618,2542,5225,616
23040619,2542,4833,644
23040620,2500,2542,904
23040621,2500,2542,913
23040622,2500,5225,623
23040623,2499,2542,706
23040700,2499,2542,762
23040701,2499,5225,616
23040702,2499,2542,663
23040703,2498,2542,868
23040704,2498,2542,836
23040705,2498,2542,838
23040706,2498,2542,810
23040707,2498,2542,793
23040708,1898,2542,831
23040709,1898,2542,843
23040710,2498,2542,731
23040711,2498,2542,635
23040712,2498,4833,576
23040713,1297,4442,599
23040714,2542,5225,534
23040715,2542,5225,422
23040716,2542,5500,355
23040717,2540,4442,594
23040718,2540,5225,546
23040719,2540,5225,313
23040720,1320,2540,312
23040721,1300,1300,1050
23040722,1198,1300,1078
23040723,1198,1200,545
23040800,1198,1198,576
23040801,1198,1200,512
23040802,1198,1340,418
23040803,1198,1340,378
23040804,1198,2540,348
23040805,1198,2540,348
23040806,1198,2540,335
23040807,1198,2540,361
23040808,1198,1340,392
23040809,1198,1340,459
23040810,898,1340,499
23040811,898,1200,602
23040812,898,1200,618
23040813,854,1200,624
23040814,1198,2540,330
23040815,1197,1340,468
23040816,1197,1340,532
23040817,1197,1200,634
23040818,1197,1200,612
23040819,1198,1340,483
23040820,1198,1340,388
23040821,1195,5598,333
23040822,1195,1195,759
23040823,1195,1195,750
23040900,1195,1195,772
23040901,1195,1195,923
23040902,1195,1195,832
23040903,1195,1195,849
23040904,956,1195,837
23040905,955,1195,885
23040906,955,1195,890
23040907,955,1195,820
23040908,951,1195,882
23040909,951,1195,848
23040910,947,1195,931
23040911,1100,1195,640
23040921,998,5500,568
23040922,995,5500,573
23040923,400,1000,719
23041000,899,1000,714
23041001,899,1000,748
23041002,899,998,1003
23041003,898,998,968
23041004,898,998,958
23041005,898,1000,689
23041006,898,1000,709
23041007,898,1000,687
23041008,899,1000,685
23041009,90,1000,709
23041010,899,998,815
23041011,598,998,877
23041012,597,998,790
23041013,597,998,823
23041014,500,899,1434
23041015,500,899,1372
23041016,500,597,1554
23041017,500,900,1049
23041018,500,900,1110
23041019,425,900,1070
23041020,425,900,1153
23041021,500,998,1027
23041022,597,998,861
23041023,500,998,883
23041100,500,998,848
23041101,500,998,836
23041102,499,998,859
23041103,500,998,848
23041104,500,998,820
23041105,500,998,837
23041106,500,998,837
23041107,500,998,876
23041108,500,998,850
23041109,500,998,850
23041110,500,998,850
23041111,500,996,870
23041112,597,998,835
23041113,597,899,1196
23041114,597,899,1147
23041115,556,899,1122
23041116,597,998,720
23041117,599,998,746
23041118,597,998,801
23041119,899,998,614
23041120,900,1000,575
23041121,995,1000,319
23041122,1044,3387,135
23041123,1044,3387,157
23041200,1044,3387,135
23041201,1063,5525,91
23041202,3387,5525,61
23041203,3387,9400,160
23041204,3387,9400,155
23041205,5525,9400,182
23041206,5525,5525,271
23041207,5525,9400,175
23041208,5525,5525,226
23041209,5525,5525,242
23041210,5525,5525,262
23041211,5524,5525,282
23041212,5123,9400,183
23041213,5100,5525,222
23041214,4000,5100,478
23041215,4000,5100,589
23041216,4000,5100,618
23041217,4000,5100,636
23041218,3999,5100,634
23041219,3959,4000,1001
23041220,3959,3999,1102
23041221,3960,5100,904
23041222,3960,5100,945
23041223,3960,5100,1082
23041300,3960,5100,1140
23041301,3959,4000,1202
23041302,2327,3960,1055
23041303,2327,3960,1036
23041304,3959,3960,1085
23041305,3950,3960,1106
23041306,3950,3960,1126
23041307,3950,3960,1126
23041308,3950,3960,1112
23041309,3750,3960,1166
23041310,3950,3960,1185
23041311,3950,3960,1102
23041312,3950,3960,1111
23041313,3950,3959,1601
23041314,3950,3950,1527
23041315,3950,3950,1727
23041316,3950,3950,1772
23041317,3950,3950,1973
23041318,3950,3950,1543
23041319,3875,3950,1980
23041320,3875,3950,2081
23041321,3875,3950,2226
23041322,3874,3950,2172
23041323,500,3950,2319
23041400,3874,3950,2207
23041401,3874,3950,2241
23041402,3874,3950,2338
23041403,3874,3950,2196
23041404,3874,3875,2393
23041405,3874,3875,2345
23041406,3874,3875,2340
23041407,3874,3875,2361
23041408,2644,3950,1821
23041409,2644,3874,2310
23041410,2644,3874,2239
23041411,2640,3874,2435
23041412,2640,3874,2455
23041413,1500,3874,2613
23041414,1500,3874,2145
23041415,1500,3874,2056
23041416,1500,3874,1853
23041417,1500,3874,1787
23041418,1500,3874,1785
23041419,1500,3874,1829
23041420,1300,3874,1872
23041421,2640,3874,1175
23041422,2500,2644,1510
23041423,2500,2644,1435
23041500,2501,2644,1239
23041501,1999,3874,1047
23041502,2644,3874,948
23041503,2644,3874,805
23041504,2000,3874,776
23041505,2000,3874,798
23041506,2000,3874,819
23041507,1997,3874,819
23041508,1997,3874,846
23041509,1997,3874,757
23041510,1997,3950,1239
23041511,1901,3950,1227
23041512,1900,3950,1252
23041513,1862,3874,1451
23041514,1862,2644,1714
23041515,1862,2644,1590
23041516,1800,2644,1641
23041517,1862,3874,1373
23041518,1845,2644,1563
23041519,1845,2644,1544
23041520,1845,2644,1579
23041521,1862,2644,1559
23041522,1856,2000,1400
23041523,1862,2000,1377
23041600,1862,2000,1353
23041601,1862,2344,1254
23041602,1862,2644,1075
23041603,1862,1997,893
23041604,1862,1900,836
23041605,1862,1997,796
23041606,1862,1900,793
23041610,1862,1862,975
23041612,1800,2000,1429
23041613,1800,2644,1259
23041614,1862,2644,1197
23041615,1500,1900,1537
23041616,1500,1900,1668
23041617,1500,1900,1634
23041618,1500,1900,1166
23041619,1500,1862,1393
23041620,1500,1862,1468
23041621,1500,1900,1672
23041622,1500,1900,1618
23041623,1456,1862,1271
23041700,1055,1862,1397
23041701,1055,1862,1472
23041702,1054,1862,1476
23041703,1055,1862,1485
23041704,1055,1862,1502
23041705,1055,1862,1297
23041706,1055,1862,1289
23041707,1055,1862,1279
23041708,1455,1862,1137
23041709,1400,1900,1055
23041710,1862,2373,1524
23041711,1862,2373,1533
23041712,1600,2373,1460
23041713,500,2373,1497
23041714,500,2373,1517
23041715,500,1862,1348
23041716,500,1862,1432
23041717,500,1862,1322
23041718,1500,1862,1351
23041719,1500,1862,1424
23041720,1500,1862,1545
23041721,1500,1862,1455
23041722,1500,1862,955
23041723,1488,1862,995
23041800,1488,1862,955
23041801,1488,1862,972
23041802,1488,1862,984
23041803,1488,1862,966
23041804,1488,1862,966
23041805,1500,1862,1100
23041806,1500,1862,1122
23041807,1500,1862,1122
23041808,1500,1862,1046
23041809,1600,1862,971
23041810,1600,1862,971
23041811,1500,1862,1001
23041812,1000,1862,1022
23041813,1485,1862,1063
23041814,1485,2391,1531
23041815,1485,2391,1550
23041816,1485,2391,1554
23041817,1485,1862,1448
23041818,1485,1862,1422
23041819,1485,1862,1410
23041820,1411,1862,1342
23041821,1411,1862,1147
23041822,1456,1862,1119
23041823,1456,1862,1171
23041900,1456,1862,1143
23041901,1485,1862,1039
23041902,1485,1862,739
23041903,1031,1862,808
23041904,900,1862,815
23041905,900,1862,819
23041906,900,1862,826
23041907,900,1862,879
23041908,700,1862,927
23041909,700,1862,940
23041910,700,1485,1340
23041911,700,1485,1285
23041912,700,1945,1084
23041913,500,4443,872
23041914,700,2439,1026
23041915,900,4443,868
23041916,900,4443,891
23041917,1500,4443,796
23041918,2390,4443,856
23041919,2390,4443,845
23041920,2299,2439,967
23041921,2196,2390,1333
23041922,1850,2390,1180
23041923,2195,2390,1149
23042000,2195,2390,1125
23042001,1198,2390,1136
23042002,1198,2299,980
23042003,1198,2199,1403
23042004,1198,2199,1403
23042005,1198,2299,1353
23042006,1198,2299,1155
23042007,1198,2299,1003
23042008,1198,2299,1001
23042009,1198,2299,964
23042010,1198,2390,1412
23042011,1198,2390,1435
23042012,1198,2390,1324
23042013,1198,2390,1318
23042014,1079,2390,1374
23042015,1198,2390,1490
23042016,1198,2390,1501
23042017,1198,2390,1495
23042018,1198,2390,1526
23042019,1198,2390,1526
23042020,1101,2390,1651
23042021,1100,4406,1310
23042022,1198,4406,1313
23042023,1197,2390,942
23042100,2195,2390,828
23042101,2195,2453,642
23042102,2195,2390,742
23042103,2195,2390,857
23042104,2195,2390,956
23042105,2195,2390,1175
23042106,2195,2390,1149
23042107,2195,2390,1053
23042108,2195,2390,1022
23042109,2195,4351,1306
23042110,2195,2390,1386
23042111,2195,2390,1396
23042112,2195,2390,1433
23042113,2086,2390,1520
23042114,2195,4351,1167
23042115,2195,4351,1180
23042116,2195,4351,1160
23042117,2195,4351,1203
23042118,2195,4351,1227
23042119,2195,4351,1158
23042120,2195,4351,989
23042121,2195,4351,1023
23042122,2195,4351,979
23042123,5598,9200,141
23042200,5598,5598,377
23042201,5597,5598,582
23042202,5597,5598,641
23042203,5597,5598,619
23042204,5597,5598,622
23042205,5597,5598,625
23042206,4597,5598,690
23042207,4597,5598,851
23042208,4097,5598,859
23042209,4097,5598,876
23042210,4097,4597,894
23042211,4097,4597,1238
23042212,4097,4597,1237
23042213,4000,4597,1139
23042214,4000,4097,1332
23042215,3777,4097,1292
23042216,3777,4097,1346
23042217,3500,4097,1487
23042218,3500,4097,1518
23042219,3500,4097,1553
23042220,3500,4097,1727
23042221,3500,4097,1896
23042222,3500,4000,1748
23042223,3400,4000,1768
23042300,3500,4000,1830
23042301,3500,4000,1790
23042302,3500,4097,1611
23042303,3465,3777,1521
23042304,3465,4097,1424
23042305,3500,4000,1435
23042306,3500,4097,1322
23042307,2850,4097,1325
23042308,2850,4097,1320
23042309,2850,4097,1422
23042310,2850,4097,1443
23042311,3500,4097,1390
23042312,3500,4097,1443
23042313,3200,4097,1498
23042314,2777,3500,1665
23042315,2777,3500,1776
23042316,2777,3500,1897
23042317,2777,3500,1851
23042318,2776,3500,1862
23042319,2000,3500,2087
23042320,2000,3500,2574
23042321,1000,3500,2679
23042322,1000,3500,2564
23042323,1000,3500,2536
23042400,2000,3500,2404
23042401,1500,3500,2385
23042402,1999,3500,2107
23042403,1999,3500,2147
23042404,1999,3500,2142
23042405,1999,3500,2110
23042406,1999,3500,2088
23042407,1999,3500,1934
23042408,1999,3500,1740
23042409,1999,3500,1904
23042410,1999,3500,1898
23042411,1998,3200,1566
23042412,1900,2777,1633
23042413,1900,2777,1619
23042414,1900,2777,1625
23042415,1799,2777,1932
23042416,1799,2777,1864
23042417,1799,2776,1772
23042418,1148,2476,1701
23042419,1148,2476,1631
23042420,1799,1999,1472
23042421,1099,1800,1223
23042422,1795,1800,1252
23042423,1799,1998,1011
23042500,1799,1800,1122
23042501,1600,1799,1302
23042502,1600,1800,1509
23042503,1600,1998,1319
23042504,1500,1900,1528
23042505,1500,1800,1549
23042506,1500,1998,1470
23042507,1500,1998,1475
23042508,1500,1998,1413
23042509,1500,1900,1343
23042510,1500,1900,1343
23042511,1500,1998,1761
23042512,1600,1998,1674
23042513,1350,1799,1962
23042514,1350,1799,1894
23042515,1550,1900,1638
23042516,1550,1900,1635
23042517,1500,1799,1790
23042518,1499,1799,1879
23042519,1500,1799,1865
23042520,1500,1600,1853
23042521,1100,1598,1919
23042522,1100,1600,1673
23042523,950,1600,1785
23042600,950,1600,1417
23042601,999,1599,1079
23042602,999,1600,1116
23042603,999,1599,1146
23042604,999,1600,1386
23042605,999,1600,1336
23042606,999,1600,1286
23042607,1100,1600,1207
23042608,1100,1600,1190
23042609,1500,1600,1169
23042610,1100,1600,1193
23042611,1500,1600,1146
23042612,1499,1599,1404
23042613,1499,1599,1363
23042614,1499,1599,1329
23042615,1499,1600,1236
23042616,1499,1550,996
23042617,1400,1500,1001
23042618,1300,1550,849
23042619,809,1500,1124
23042620,800,1500,1333
23042621,1299,1500,1360
23042622,1299,1500,1375
23042623,999,1499,1502
23042700,1299,1299,1311
23042701,1299,1500,628
23042702,1300,1500,540
23042703,1298,1300,1029
23042704,1298,1298,1021
23042705,1298,1500,535
23042706,1300,1500,480
23042707,1298,1500,482
23042708,800,1500,540
23042709,600,1500,621
23042710,600,1500,625
23042711,1000,1500,535
23042712,1000,1500,643
23042713,1000,1500,647
23042714,1000,1500,709
23042715,1000,1500,586
23042716,1000,1500,715
23042717,1000,1500,705
23042718,1000,1500,815
23042719,1000,1500,775
23042720,1000,1500,690
23042721,1000,1499,815
23042722,1000,1500,729
23042723,1000,1500,757
23042800,1000,1500,678
23042801,1000,1500,716
23042802,1000,2376,449
23042803,1000,2376,567
23042804,999,2376,572
23042805,998,2376,612
23042806,1298,2376,327
23042807,1298,1500,381
23042808,1299,1500,362
23042809,1299,1500,366
23042810,1299,1500,409
23042811,1299,1500,445
23042812,1300,9000,247
23042813,1299,1299,713
23042814,1298,1299,707
23042815,1194,1298,624
23042816,1194,1298,612
23042817,1194,1299,480
23042818,1194,1250,685
23042819,800,1298,657
23042820,800,1250,691
23042821,745,1298,712
23042822,1200,1300,572
23042823,1200,1298,757
23042900,1200,1298,753
23042901,1200,1299,648
23042902,1200,1298,725
23042903,1200,1300,1000
23042904,1000,1298,1032
23042905,1200,1300,914
23042906,1200,2347,843
23042907,1200,2347,769
23042908,900,2347,824
23042909,900,1200,1275
23042910,900,1298,1063
23042911,882,1298,1118
23042912,882,1300,962
23042913,882,1823,904
23042914,899,1300,1001
23042915,900,1300,722
23042916,799,1298,714
23042917,799,1298,782
23042918,800,1300,727
23042919,750,1298,816
23042920,900,1300,702
23042921,900,1300,707
23042922,800,1200,1037
23042923,900,1200,916
23043000,900,1298,747
23043001,900,1300,631
23043002,900,1298,813
23043003,900,1200,758
23043004,890,1300,1034
23043005,400,1298,1090
23043006,400,1298,1087
23043007,400,1298,1058
23043008,900,2382,893
23043009,900,1300,920
23043010,900,2382,877
23043011,900,2382,881
23043012,800,2382,802
23043013,900,2382,707
23043014,674,2382,786
23043015,19701,19701,920
23043016,19701,19701,860
23043017,6511,19701,959
23043018,6000,19701,201
23043019,6000,19701,247
23043020,6000,19700,279
23043021,6000,19700,287
23043022,1024,4472,643
23043023,4472,4472,615
23050100,4472,4472,730
23050101,4472,4472,757
23050102,4472,4472,791
23050103,4472,4472,793
23050104,4472,4472,726
23050105,4472,4472,761
23050106,4472,4472,747
23050107,4472,4472,733
23050108,4472,4472,769
23050109,4472,4472,733
23050110,4472,4472,753
23050111,4472,4472,1055
23050112,1500,4472,1077
23050113,3440,4472,1137
23050114,4294,4472,1109
23050115,3558,4472,1112
23050116,4472,4472,1009
23050117,2000,4472,1405
23050118,4000,4472,1252
23050119,3371,4472,1327
23050120,3371,4472,1396
23050121,3371,4472,1086
23050122,3371,4472,1144
23050123,3271,4472,1226
23050200,3271,4472,1345
23050201,3271,4472,1361
23050202,3271,4472,1229
23050203,3271,4472,1206
23050204,3271,4472,1203
23050205,3271,4472,1299
23050206,3271,4472,1276
23050207,3271,4472,1272
23050208,3271,4472,1216
23050209,3271,4472,1216
23050210,3271,4472,2294
23050211,3271,4472,2253
23050212,3271,4472,1882
23050213,3271,4472,1880
23050214,3271,4472,1880
23050215,3271,4472,1862
23050216,3271,4072,1112
23050217,3171,4072,1099
23050218,3160,4071,2276
23050219,3160,4071,2279
23050220,2060,3371,2308
23050221,2060,3371,2317
23050222,2060,3371,2386
23050223,1860,3371,2392
23050300,2060,3371,2343
23050301,2059,3271,2431
23050302,2059,3271,2383
23050303,2059,3371,2320
23050304,2059,3271,2344
23050305,1134,3171,2452
23050306,500,3171,2503
23050307,1134,3171,2488
23050308,1259,3371,2374
23050309,1259,3371,2319
23050310,1259,3371,2320
23050311,2059,3171,1968
23050312,2059,3171,2074
23050313,2058,3171,2139
23050314,2000,3171,2187
23050315,2000,3171,2240
23050316,2000,3171,2161
23050317,2000,3171,1745
23050318,2000,3171,543
23050319,2000,3171,593
23050320,1900,3171,478
23050321,1900,3171,500
23050322,1700,2060,483
23050323,1900,2060,504
23050400,1899,2610,412
23050401,1699,2059,482
23050402,1699,2059,449
23050403,1699,2060,447
23050404,1599,2610,394
23050405,1599,2610,389
23050406,1599,2610,396
23050407,1899,2800,380
23050408,1899,2800,380
23050409,1899,2610,393
23050410,1899,2059,482
23050411,1900,3171,282
23050412,2057,3171,258
23050413,3171,3171,134
23050414,2696,3171,263
23050415,500,3171,355
23050416,2550,4712,660
23050417,2550,4712,735
23050418,2500,3171,807
23050419,2550,3171,809
23050420,2550,3171,931
23050421,2499,2696,1043
23050422,2550,2696,1049
23050423,2450,2550,1148
23050500,2450,2696,1057
23050501,2450,2696,1052
23050502,2450,2696,1053
23050503,2450,2696,1095
23050504,2450,3171,1057
23050505,2450,3171,1023
23050506,2450,3171,1023
23050507,2450,3171,988
23050508,2550,3171,967
23050509,2550,3171,963
23050510,2500,3171,985
23050511,2550,3171,965
23050512,2550,3171,964
23050513,2500,2550,1289
23050514,2499,2550,1241
23050515,2497,2550,1309
23050516,2549,2550,873
23050517,2544,2550,910
23050518,2544,2550,958
23050519,2505,2550,1410
23050520,2505,2550,1485
23050521,2505,2550,1426
23050522,2505,2550,1388
23050523,1995,2550,1288
23050600,2505,2550,1282
23050601,2075,2550,1286
23050602,2075,2550,1290
23050603,2544,2550,1224
23050604,2544,2550,1348
23050605,2544,2550,1297
23050606,2544,2550,1307
23050607,2544,2550,1213
23050608,2544,2550,1213
23050609,2544,2550,1240
23050610,2544,2550,1205
23050611,2544,2550,1288
23050612,2544,2550,1201
23050613,2000,2550,1478
23050614,1999,2550,1418
23050615,1998,2550,1305
23050616,1999,2550,1236
23050617,1999,2550,1430
23050618,1199,2550,1388
23050619,1999,2544,869
23050620,1999,2549,696
23050621,1999,2549,717
23050622,1000,2544,811
23050623,1900,2341,868
23050700,1900,2341,916
23050701,1800,2544,835
23050702,1800,2341,874
23050703,1800,2341,908
23050704,1800,2341,818
23050705,1800,2341,854
23050706,1800,2341,820
23050707,1800,2341,805
23050708,1800,2341,792
23050709,1900,2550,1020
23050710,1900,2550,1005
23050711,1900,2550,1036
23050712,1900,2550,962
23050713,1900,2549,785
23050714,1900,2549,754
23050715,1900,2549,846
23050716,1900,5429,649
23050717,2341,5429,585
23050718,2341,2896,734
23050719,2341,2341,784
23050720,2341,2341,826
23050721,2341,2341,885
23050722,2341,2341,856
23050723,2341,5429,590
23050800,2341,5429,555
23050801,2341,5429,428
23050802,2341,5429,438
23050803,2341,5429,434
23050804,2341,5429,433
23050805,2341,5429,531
23050806,2141,5429,672
23050807,2141,5429,700
23050808,1927,2341,753
23050809,1927,2341,772
23050810,2141,2341,301
23050811,2100,2341,233
23050812,2100,5680,610
23050813,2100,5680,607
23050814,100,2341,744
23050815,100,2341,859
23050816,2100,5680,619
23050817,2100,5680,605
23050818,2000,5680,644
23050819,1980,5680,656
23050820,1580,5680,665
23050821,2140,5680,637
23050822,1800,2341,941
23050823,2033,2341,834
23050900,2033,2341,896
23050901,2140,2341,845
23050902,2140,2341,881
23050903,2140,2341,994
23050904,2140,2341,984
23050905,2140,2341,880
23050906,2140,2341,830
23050907,2119,2341,846
23050908,1400,2341,985
23050909,1330,2141,1021
23050910,1330,2141,1021
23050911,1330,2141,1054
23050912,1330,2140,697
23050913,1330,2140,721
23050914,1200,2140,1157
23050915,1104,2140,1219
23050916,1104,2140,1305
23050917,1103,2140,1418
23050918,1103,2140,1387
23050919,1103,2140,1320
23050920,1103,2140,1363
23050921,1103,2140,1480
23050922,1092,2140,1615
23050923,1092,2140,1613
23051000,1092,2140,1573
23051001,1001,2140,1612
23051002,920,2100,1700
23051003,951,2100,1731
23051004,951,2140,1701
23051005,941,2100,1454
23051006,941,2100,1434
23051007,651,2100,1456
23051008,651,1330,1444
23051009,651,1330,1445
23051010,651,1103,1698
23051011,651,1104,1629
23051012,651,1103,1650
23051013,651,1103,1643
23051014,651,1103,1291
23051015,651,1103,1212
23051016,651,1103,1188
23051017,951,1103,1149
23051018,1092,1200,841
23051019,1103,1400,690
23051020,1000,1200,746
23051021,1000,1103,564
23051022,1000,1103,537
23051023,1000,1103,656
23051100,1000,1103,888
23051101,1000,1103,739
23051102,1000,1103,869
23051103,1000,1103,823
23051104,1000,1103,838
23051105,1000,1103,824
23051106,1000,1103,846
23051107,1000,1103,820
23051108,970,1051,796
23051109,970,1000,805
23051110,1000,1000,791
23051111,1000,1000,756
23051112,1000,1000,793
23051114,999,1000,672
23051115,1000,1103,548
23051116,1000,1000,520
23051117,1000,1000,366
23051118,1000,1000,410
23051119,199,1000,459
23051120,197,950,606
23051121,950,1000,404
23051122,950,1000,419
23051123,950,1000,197
23051200,950,1000,198
23051201,1000,1000,162
23051202,1000,1000,107
23051203,1000,1103,75
23051204,1000,1000,137
23051205,19800,19800,59
23051206,19800,19800,100
23051207,1900,19800,126
23051208,7777,19800,121
23051209,4611,19800,137
23051210,4500,19800,189
23051211,4500,19800,190
23051212,4500,4500,519
23051213,4499,4500,436
23051214,4498,4498,450
23051215,4498,4498,404
23051216,4495,4498,416
23051217,4495,19800,209
23051218,4495,13788,200
23051219,4495,4498,458
23051220,4000,4498,620
23051221,995,4498,651
23051222,4000,4498,584
23051223,4000,4498,632
23051300,4000,4498,526
23051301,4000,4498,575
23051302,4000,4498,474
23051303,4000,4498,424
23051304,4000,4498,494
23051305,3799,4498,462
23051306,3799,4498,487
23051307,3799,4498,489
23051308,1995,4498,535
23051309,1994,4498,556
23051310,3000,4498,512
23051311,3000,4498,512
23051312,3000,4498,557
23051313,3000,4498,498
23051314,2500,4000,300
23051315,2500,4000,318
23051316,2500,3799,377
23051317,2500,3000,432
23051318,2500,3000,375
23051319,2000,3000,382
23051320,1425,4000,668
23051321,1425,4000,842
23051322,1425,4000,836
23051323,1425,4000,866
23051400,1425,4000,757
23051401,1425,4000,823
23051402,1425,4000,825
23051403,1425,4000,802
23051404,1425,3800,757
23051405,1415,3800,753
23051406,1015,3000,822
23051407,1015,3000,809
23051408,1015,3000,798
23051409,1000,2500,920
23051410,1015,2500,845
23051411,1015,3000,781
23051412,1014,1425,1177
23051413,1415,1415,1290
23051414,1415,1415,1281
23051415,1415,3000,742
23051416,1415,3000,753
23051417,1415,3000,741
23051418,1415,3799,661
23051419,1215,2500,766
23051420,1215,1425,496
23051421,1015,1415,538
23051422,1191,1425,414
23051423,1191,1415,1215
23051500,1191,1415,1188
23051501,1191,1415,1100
23051502,1100,1415,1111
23051503,600,1415,1145
23051504,1100,1415,1065
23051505,1100,1415,1075
23051506,1100,3024,610
23051507,1100,3049,591
23051508,1100,3000,612
23051509,1000,1191,1051
23051510,800,1191,1040
23051511,800,1191,1042
23051512,900,1191,1012
23051513,900,1100,1055
23051514,900,1191,1037
23051515,900,1100,1076
23051516,900,1100,1042
23051517,1100,1415,811
23051518,923,1191,891
23051519,1100,1415,801
23051520,1100,1100,1535
23051521,990,1100,1576
23051522,950,1100,1636
23051523,1100,1100,1312
23051600,1100,1100,1327
23051601,1100,1100,677
23051602,1100,1100,611
23051603,1100,1100,630
23051604,1100,1100,606
23051605,1100,1100,576
23051606,1089,1100,514
23051607,1100,1100,492
23051608,1100,1100,484
23051609,1100,1100,484
23051610,1100,1100,1312
23051611,1100,1100,1297
23051612,1100,1100,1283
23051613,1100,1100,1191
23051614,1100,1100,1250
23051615,1100,1100,548
23051616,1100,1100,546
23051617,1100,1100,695
23051618,1100,1100,551
23051619,1100,1100,496
23051620,800,1100,458
23051621,770,800,625
23051622,770,800,605
23051623,100,1100,829
23051700,700,1100,780
23051701,1100,1419,816
23051702,1090,1419,812
23051703,390,1419,839
23051704,1100,1419,814
23051705,1100,1419,814
23051706,1100,1419,842
23051707,1100,1614,935
23051708,1100,1614,683
23051709,1000,1614,1220
23051710,1000,1614,1221
23051711,1100,1614,1208
23051712,1100,1614,1251
23051713,1100,1614,1172
23051714,1100,1614,1173
23051715,1100,1614,1179
23051716,1100,1614,1201
23051717,900,1614,1260
23051718,1090,3093,1261
23051719,1090,3093,1247
23051720,1100,3093,1155
23051721,1100,3093,1215
23051722,1100,3093,1346
23051723,1100,1100,1060
23051800,300,1100,1097
23051801,1100,1100,1046
23051802,1023,1100,1023
23051803,1045,1100,964
23051804,1100,1100,621
23051805,1100,1100,621
23051806,1100,1100,624
23051807,1100,1100,566
23051808,1100,1100,585
23051809,3000,3093,576
23051810,3000,3093,1404
23051811,2999,3000,947
23051812,2999,3000,923
23051813,2550,3000,951
23051814,2999,3000,914
23051815,2999,3000,908
23051816,2199,3000,1065
23051817,2199,3000,1074
23051818,2199,3000,1083
23051819,2199,3000,1059
23051820,2199,3000,1185
23051821,2199,3000,1607
23051822,2199,3000,1635
23051823,1078,3000,1725
23051900,1068,2599,2028
23051901,1068,2999,1998
23051902,1068,2999,2125
23051903,1068,2999,2131
23051904,1068,2999,2115
23051905,1068,2999,2119
23051906,1068,2999,2166
23051907,1068,2199,2561
23051908,1068,2199,2528
23051909,1068,3000,2046
23051910,1068,2199,2316
23051911,1087,1213,2332
23051912,1100,2199,2118
23051913,1144,2199,1927
23051914,1144,3000,1303
23051915,1144,2999,1697
23051916,1144,2999,1759
23051917,1144,3000,1413
23051918,1144,2999,1728
23051919,1144,3000,1445
23051920,1144,3000,1526
23051921,1144,3000,1451
23051922,1144,3000,1351
23051923,1144,2999,1689
23052000,799,3000,1557
23052001,799,3000,1618
23052002,799,3000,1540
23052003,1144,3000,1589
23052004,1144,3000,1589
23052005,1144,3000,1573
23052006,1144,3000,1555
23052007,1155,2999,1709
23052008,1154,2199,1784
23052009,2199,3000,1524
23052010,1155,2199,1006
23052011,2199,2199,932
23052012,2199,2199,1047
23052013,2199,2199,1092
23052014,2199,2199,1135
23052015,2199,2199,1074
23052016,2199,2199,1492
23052017,2199,2199,1622
23052018,2199,2199,1132
23052019,2199,2199,1127
23052020,2199,2199,935
23052021,2199,2199,937
23052022,2000,11000,348
23052023,2199,11000,354
23052100,2197,2199,406
23052101,2197,11000,326
23052102,2199,2199,167
23052103,2199,2199,118
23052104,2199,2199,122
23052105,2199,2199,122
23052106,2199,2199,108
23052107,1500,2199,217
23052108,1500,1500,404
23052109,1500,1500,412
23052110,2199,2199,129
23052111,2199,2199,142
23052112,2199,2199,91
23052113,2199,2199,287
23052114,2000,2199,321
23052115,1500,2199,173
23052116,2000,2000,247
23052117,1800,2000,240
23052118,2000,2199,205
23052119,2000,2000,343
23052120,2100,2199,234
23052121,2100,2100,296
23052122,2100,2199,590
23052123,2100,2199,533
23052200,2100,4308,492
23052201,2100,4308,499
23052202,2100,2199,610
23052203,2100,2199,605
23052204,1890,2100,707
23052205,1890,2100,768
23052206,1890,2199,662
23052207,1890,2199,641
23052208,1790,2199,631
23052209,1890,2199,540
23052210,1890,2199,544
23052211,1890,2199,551
23052212,1890,5500,491
23052213,1890,3253,528
23052214,1889,2199,522
23052215,1890,3245,516
23052216,2098,5777,454
23052217,2100,5777,439
23052218,2100,5777,363
23052219,3543,4043,494
23052220,3543,3543,583
23052221,3543,5777,423
23052222,3508,5931,452
23052223,3508,5931,416
23052300,3508,3543,684
23052301,3508,3543,543
23052302,3333,3543,568
23052303,3033,3543,707
23052304,3033,3543,705
23052305,3033,3543,705
23052306,3033,3543,706
23052307,3033,3543,725
23052308,3033,3543,581
23052309,3033,3543,581
23052310,3033,3543,581
23052311,3000,3543,761
23052312,2800,3543,781
23052313,3000,3543,745
23052314,3000,3333,844
23052315,3000,3508,831
23052316,2000,3033,1146
23052317,2000,3033,1172
23052318,2000,3033,1166
23052319,2000,3000,1282
23052320,2000,3033,1093
23052321,1700,3000,1188
23052322,1800,3333,950
23052323,2000,3000,767
23052400,1998,3000,819
23052401,1998,3033,1029
23052402,2000,3333,832
23052403,2000,3333,848
23052404,1900,3333,867
23052405,1900,3333,867
23052406,1900,3333,886
23052407,1900,3333,868
23052408,1805,3333,923
23052409,1800,3333,889
23052410,1800,3333,913
23052411,1800,3333,899
23052412,1805,3333,832
23052413,2000,3333,723
23052414,2000,3333,723
23052415,2000,3333,723
23052416,2000,3333,723
23052417,2500,3333,821
23052418,2500,3000,1017
23052419,2500,3000,1017
23052420,2500,3000,983
23052421,2500,2500,1265
23052422,2500,2500,1132
23052423,2500,2500,1110
23052500,1999,2500,1163
23052501,1999,2500,962
23052502,1999,2500,1044
23052503,1799,2500,1000
23052504,1799,2500,921
23052505,799,2500,911
23052506,1999,2500,835
23052507,1999,2500,837
23052508,1999,2500,824
23052509,1999,2500,657
23052510,1499,2500,752
23052511,1099,2500,835
23052512,1999,2500,958
23052513,1999,2500,1026
23052514,1996,2500,1093
23052515,1999,2500,996
23052516,2500,2500,785
23052517,2200,2500,910
23052518,2200,2500,972
23052519,2500,2500,843
23052520,2500,2500,724
23052521,2500,2500,1003
23052522,2500,2500,951
23052523,2500,2500,961
23052600,1591,2500,1101
23052601,2200,2500,1027
23052602,1800,2500,1066
23052603,1800,2500,1070
23052604,1800,2500,1068
23052605,2200,2500,1034
23052606,2500,2500,969
23052607,2500,2500,987
23052608,2500,2500,988
23052609,2500,2500,842
23052610,2500,2500,891
23052611,2375,2500,932
23052612,2375,2500,677
23052613,2375,2500,912
23052614,1775,2500,993
23052615,1675,2500,1023
23052616,1675,2500,852
23052617,1675,2500,772
23052618,1675,2375,834
23052619,1675,2375,848
23052620,1675,2375,731
23052621,1592,2375,950
23052622,1675,2375,906
23052623,1675,2375,856
23052700,1675,2375,881
23052701,1675,2500,839
23052702,1674,2375,1083
23052703,1674,2375,972
23052704,1674,2375,849
23052705,1674,2375,849
23052706,1674,2375,1001
23052707,1674,2375,993
23052708,1574,2375,987
23052709,1574,2375,966
23052710,1000,2375,1191
23052711,1000,2375,1182
23052712,700,2375,1044
23052713,665,2375,1044
23052714,1000,2375,1067
23052715,1000,2375,1201
23052716,1574,2375,1230
23052717,1574,2375,1180
23052718,1574,2375,1165
23052719,1574,2375,1162
23052720,1543,2375,1111
23052721,1574,1674,819
23052722,1572,1674,846
23052723,1574,2375,740
23052800,1574,2375,1000
23052801,1574,2375,936
23052802,1574,2375,1024
23052803,1674,2375,770
23052804,1500,2375,783
23052805,1658,2375,776
23052806,1674,2375,728
23052807,674,2375,706
23052808,1674,2375,707
23052809,1674,2375,672
23052810,1674,2375,592
23052811,1674,2375,747
23052812,1674,2375,694
23052813,1500,6212,1005
23052814,1500,6212,877
23052815,1500,19800,711
23052816,6212,19800,672
23052817,6212,19800,679
23052818,3212,6212,978
23052819,3212,6212,897
23052820,3212,6212,741
23052821,6212,6212,761
23052822,6212,6212,837
23052823,6212,6212,858
23052900,6212,6212,935
23052901,5400,6212,1123
23052902,5399,6212,1343
23052903,5399,6212,1397
23052904,5399,6212,1418
23052905,5399,6212,1382
23052906,5399,6212,1429
23052907,5399,6212,1419
23052908,5398,6212,1439
23052909,5390,6212,1447
23052910,5390,6212,1481
23052911,4090,6212,1573
23052912,3890,5500,1821
23052913,3890,5400,2080
23052914,3890,5399,2422
23052915,3773,5400,2312
23052916,3773,5399,2209
23052917,3890,5400,2165
23052918,3890,5399,1967
23052919,3890,5399,1961
23052920,3890,5399,1898
23052921,3885,5399,1855
23052922,3547,5399,1778
23052923,3847,5399,1991
23053000,2027,5399,2033
23053001,2047,5399,1920
23053002,3847,5399,1755
23053003,3847,5399,1768
23053004,3847,5399,1701
23053005,3847,5399,1703
23053006,3847,5399,1707
23053007,3800,5399,1794
23053008,3847,5400,1557
23053009,3847,5400,1557
23053010,3847,5400,1557
23053011,3847,5400,1557
23053012,3847,4090,2007
23053013,3847,3890,1664
23053014,3847,3890,1271
23053015,3890,5399,1050
23053016,3890,5399,866
23053017,4090,5400,482
23053018,2299,5400,384
23053019,5500,6212,143
23053021,5116,5116,42
23053022,5116,5116,55
23053023,5116,5116,146
23053100,5000,5116,260
23053101,4328,5091,233
23053102,5091,5091,219
23053103,5091,19700,478
23053104,4991,19700,563
23053105,4991,19700,547
23053106,4991,19700,554
23053107,4991,19700,493
23053108,4900,19700,533
23053109,4900,19700,523
23053110,4900,19700,526
23053111,4900,19700,554
23053112,4900,19700,538
23053113,4900,19700,529
23053114,4900,5116,773
23053115,4900,5116,779
23053116,4900,4991,900
23053117,4900,4991,900
23053118,4900,4991,909
23053119,4900,5116,832
23053120,4900,19700,585
23053121,4900,19700,701
23053122,4991,19700,440
23053123,4950,19700,474
23060100,4950,19700,537
23060101,4949,19700,526
23060102,4949,19700,517
23060103,4950,19700,434
23060104,5115,19700,420
23060105,3016,19700,419
23060106,3016,19700,429
23060107,5116,19700,422
23060108,5116,19700,478
23060109,5116,19700,486
23060110,5000,19700,521
23060111,4999,19700,633
23060112,4999,19700,666
23060113,4999,5116,722
23060114,4999,5116,722
23060115,4999,5116,739
23060116,4999,5116,729
23060117,4999,19700,712
23060118,4999,5116,771
23060119,4999,5116,763
23060120,4985,5116,855
23060121,4985,5116,846
23060122,4985,5116,884
23060123,4985,5116,854
23060200,4975,5116,859
23060201,4985,5000,914
23060202,4985,5000,914
23060203,4985,5116,904
23060204,4985,5000,950
23060205,4985,5000,943
23060206,4985,5000,945
23060207,4985,5000,956
23060208,4875,5000,899
23060209,4875,4999,1100
23060210,3575,4999,1050
23060211,3500,4985,1217
23060212,3500,4999,1097
23060213,3500,4995,1089
23060214,3500,4995,1091
23060215,3500,4985,1153
23060216,3500,4985,1164
23060217,3500,4985,1157
23060218,3500,4985,1132
23060219,3500,4985,1261
23060220,2800,4875,1454
23060221,3500,4875,1379
23060222,2899,4875,1433
23060223,2899,3575,1497
23060300,1505,3575,1495
23060301,1505,3575,1528
23060302,1505,3575,1458
23060303,1500,3575,1494
23060304,1500,3575,1470
23060305,1500,3500,1588
23060306,1500,3575,1504
23060307,1500,3575,1508
23060308,1500,3500,1546
23060309,1500,3500,1568
23060310,1500,3500,1539
23060311,1500,3500,1516
23060312,1498,3500,1606
23060313,1498,3500,1510
23060314,1300,3500,1382
23060315,1300,3500,1564
23060316,1300,3500,1703
23060317,1300,3500,1513
23060318,1300,3500,1621
23060319,1299,3500,1349
23060323,1300,3575,1038
23060400,1300,3575,1076
23060401,1500,3575,805
23060402,2899,3500,974
23060403,2899,2899,647
23060404,2899,3500,714
23060405,2899,3500,709
23060406,2899,3500,1046
23060407,2899,3500,1035
23060408,2899,3500,1040
23060409,2898,3500,1078
23060410,2898,3500,1035
23060411,2898,19500,741
23060412,2898,19500,801
23060413,2898,3500,869
23060414,2609,3500,835
23060415,2598,3500,888
23060416,2609,3500,867
23060417,2409,3500,902
23060418,2409,2898,1125
23060419,2309,2898,1152
23060420,2309,2898,1253
23060421,2298,2898,1299
23060422,2309,2898,1191
23060423,2309,2898,1235
23060500,2309,2898,1253
23060501,2309,2898,1013
23060502,2309,2898,1013
23060503,2309,2898,1045
23060504,2300,2898,1034
23060505,2300,2898,996
23060506,2300,2898,1005
23060507,2300,2898,1005
23060508,2000,2898,1007
23060509,2000,2609,1055
23060510,2000,2609,1019
23060511,2000,2609,1038
23060512,2000,2609,1060
23060513,2000,2609,1071
23060514,2000,2609,1097
23060515,2000,2609,1082
23060516,2000,2509,1096
23060517,1750,2409,1210
23060518,2000,2609,1012
23060519,2000,2898,980
23060520,2000,3333,867
23060521,2000,3333,885
23060522,2000,2409,1228
23060523,1980,2609,1083
23060600,2000,2609,1012
23060601,2000,2898,962
23060602,2000,2609,983
23060603,1999,2898,967
23060604,1998,2609,909
23060605,1998,2609,911
23060606,1998,2409,558
23060607,1998,2409,558
23060608,1998,2409,553
23060609,1998,2409,553
23060610,1998,2409,553
23060611,2000,2409,557
23060612,1800,2409,571
23060613,2000,2409,483
23060614,2000,2409,640
23060615,2000,2309,484
23060616,2000,2000,491
23060617,2000,2309,536
23060618,2000,2000,344
23060619,2000,2000,219
23060620,2000,2000,201
23060621,1999,2000,295
23060622,1800,2000,434
23060623,1999,2000,376
23060700,1999,2000,325
23060701,1999,2000,327
23060702,1999,2000,334
23060703,1999,2000,346
23060704,1999,2000,335
23060705,1999,2000,350
23060706,1999,1999,362
23060707,1999,1999,383
23060708,1999,2000,268
23060709,1999,2000,297
23060710,1999,2000,317
23060711,1999,2000,293
23060712,1999,1999,416
23060713,1998,1999,428
23060714,1999,1999,398
23060715,1999,1999,428
23060716,1999,1999,456
23060717,1999,1999,428
23060718,1999,1999,377
23060719,1999,1999,348
23060720,1999,1999,408
23060721,1999,1999,385
23060722,1994,1999,437
23060723,1994,1999,435
23060800,1099,1999,446
23060801,1999,1999,421
23060802,1999,1999,403
23060803,1999,1999,350
23060804,1999,1999,373
23060805,1999,1999,373
23060806,1900,1999,427
23060807,1900,1999,449
23060808,1500,1999,454
23060809,1500,1999,464
23060810,1995,1999,287
23060811,1900,1999,290
23060812,1900,1999,282
23060813,2000,2543,108
23060814,2000,2000,124
23060815,1919,2000,189
23060816,5000,5000,167
23060817,5000,5000,199
23060818,3200,5000,286
23060819,3136,5000,351
23060820,3136,5000,368
23060821,3200,5000,397
23060822,3200,3200,414
23060823,3200,3200,531
23060900,3200,3200,455
23060901,1978,3200,537
23060902,1978,3200,440
23060903,1978,3200,381
23060904,1978,5000,755
23060905,1978,19500,693
23060906,1978,19500,592
23060907,1078,19500,600
23060908,1078,19500,582
23060909,1078,19500,592
23060910,3200,19500,570
23060911,3000,19500,583
23060912,3200,19500,576
23060913,3200,19500,579
23060914,3200,19500,645
23060915,3100,19500,595
23060916,3200,19500,579
23060917,3200,19500,712
23060918,3200,3200,737
23060919,3200,19500,706
23060920,3200,19500,669
23060921,3200,3200,723
23060922,3200,3200,769
23060923,3200,19500,701
23061000,3200,3200,825
23061001,2604,3200,942
23061002,2604,19500,776
23061003,2604,19500,760
23061004,2604,19500,744
23061005,2604,19500,755
23061006,2604,19500,745
23061007,2604,19500,763
23061008,3200,19500,732
23061009,3200,3200,835
23061010,3200,19500,709
23061011,3200,19500,726
23061012,3200,3200,861
23061013,3200,3200,870
23061014,3200,3200,920
23061015,3200,3200,938
23061016,3200,3200,919
23061017,3200,19500,805
23061018,3200,3200,824
23061019,3200,3200,855
23061020,3200,19500,712
23061021,3200,19500,569
23061022,3200,19500,502
23061023,2500,19500,738
23061100,3200,19500,693
23061101,3200,19500,718
23061102,2699,19500,648
23061103,2500,19500,712
23061104,2600,3200,314
23061105,2600,3200,360
23061106,2600,3200,384
23061107,2600,3200,331
23061108,2600,2699,492
23061109,2600,2699,498
23061110,2600,2699,523
23061111,2600,2700,377
23061112,2600,2700,396
23061113,2600,2700,337
23061114,2600,2700,344
23061115,2600,2699,405
23061116,1500,2699,421
23061117,2600,2699,367
23061118,2600,2699,387
23061119,2600,2699,377
23061120,2600,2600,418
23061121,2600,2699,327
23061122,2496,2600,362
23061123,2600,2699,329
23061200,2600,2699,329
23061201,2600,2699,214
23061202,2600,2699,160
23061203,2600,2699,175
23061204,2600,2699,173
23061205,2600,2600,399
23061206,2600,2600,397
23061207,2600,2600,410
23061208,2598,2600,200
23061209,2000,2699,135
23061210,1999,2600,173
23061211,2600,2600,163
23061212,2600,2699,96
23061213,2599,2600,106
23061214,2699,2699,89
23061215,2615,2699,300
23061216,2615,2699,371
23061217,2699,2699,277
23061218,2399,2699,326
23061219,2399,2399,576
23061220,2399,2399,496
23061319,1588,2699,914
23061320,1509,2399,1010
23061321,500,2399,1105
23061322,500,2399,1125
23061323,500,2399,1116
23061400,1509,2399,1086
23061401,1500,2399,1046
23061402,1509,2399,961
23061403,1404,2399,1009
23061404,1400,2399,1040
23061405,1400,2399,1057
23061406,1400,2399,1038
23061407,1400,2399,1044
23061408,1400,2399,1044
23061409,1404,2399,997
23061410,1404,2399,998
23061411,1509,2399,960
23061412,1509,2399,938
23061413,1509,2399,912
23061414,2699,19200,441
23061415,19200,19200,360
23061416,19198,19200,368
23061417,19198,19200,372
23061418,19198,19200,414
23061419,19198,19200,486
23061420,2500,19200,579
23061421,2500,19200,633
23061422,2500,19200,672
23061423,2400,19200,706
23061500,2399,19198,807
23061501,2399,19198,932
23061502,2399,2500,1020
23061503,2399,2500,1063
23061504,2399,2500,580
23061505,2399,2500,527
23061506,2399,2500,503
23061507,2399,2500,439
23061508,2399,2500,397
23061509,2399,2500,350
23061510,2399,2500,291
23061511,2399,2500,318
23061512,2200,2500,253
23061513,2200,2500,255
23061514,2200,2400,384
23061515,2200,2500,358
23061516,2200,2500,332
23061517,2500,19198,102
23061518,11069,19198,210
23061519,11069,19198,222
23061520,11069,11069,199
23061521,11069,11069,244
23061522,11067,11069,250
23061523,11069,11069,236
23061600,6000,11069,219
23061601,6000,11069,244
23061602,6000,6000,420
23061603,6000,6000,428
23061604,6000,11069,398
23061605,6000,19200,658
23061606,6000,19200,658
23061607,5500,19200,669
23061608,5400,19200,679
23061609,5400,19198,717
23061610,5400,19198,763
23061611,5300,19198,763
23061612,5300,19198,791
23061613,5300,19198,791
23061614,5200,11069,945
23061615,5200,11069,953
23061616,5200,11069,1115
23061617,5200,11069,1121
23061618,5200,6000,1107
23061619,5200,11069,1015
23061620,5200,6000,931
23061621,5200,6000,931
23061622,5044,6000,927
23061623,5041,6000,943
23061700,2852,5400,999
23061701,5041,6000,943
23061702,5041,5400,1007
23061703,5041,5400,1054
23061704,5041,5400,1025
23061705,5020,5300,1122
23061706,5020,5200,1216
23061707,5015,5200,1246
23061708,5015,5200,1203
23061709,5011,5200,1278
23061710,5011,5200,1234
23061711,3621,5200,1275
23061712,5011,5200,1242
23061713,5011,5200,1260
23061714,2011,5200,1327
23061715,3000,5200,1364
23061716,3000,5200,1397
23061717,3000,5044,1451
23061718,3000,5041,1260
23061719,3000,5200,1112
23061720,2999,5020,1442
23061721,2999,5041,1427
23061722,2999,5041,1342
23061723,2998,5041,1361
23061800,1499,5020,1385
23061801,1050,5020,1432
23061802,2550,5020,1305
23061803,2550,5041,1142
23061804,3000,5041,1088
23061805,3000,5011,861
23061806,3000,5011,879
23061807,3000,5020,1238
23061808,3000,5041,1166
23061809,3000,5041,1069
23061810,3000,5041,996
23061811,3000,5041,965
23061812,3000,5041,915
23061813,3000,5041,891
23061814,2900,5041,929
23061815,3000,5041,932
23061816,100,5020,1118
23061817,2999,5020,1054
23061818,2999,5041,1023
23061819,2999,5041,1022
23061820,2999,5041,899
23061821,2997,5020,993
23061822,2999,5030,914
23061823,2499,5020,883
23061900,2499,5020,923
23061901,2499,5020,925
23061902,2499,5011,1026
23061903,2499,5011,942
23061904,2075,5011,981
23061905,2375,5011,880
23061906,2350,5011,928
23061907,5011,18400,582
23061908,5011,18400,633
23061909,5011,18400,606
23061910,5011,5011,764
23061911,5011,5011,756
23061912,5011,5011,721
23061913,5011,18400,700
23061914,5011,18400,585
23061915,5011,18400,404
23061916,5011,18400,446
23061917,4800,18400,484
23061918,4799,18400,536
23061919,4572,18400,610
23061920,4572,18400,648
23061921,4527,5011,721
23061922,4527,4527,1409
23061923,4527,4527,1467
23062000,4527,4527,1473
23062001,4527,4527,1485
23062002,4527,4527,1479
23062003,4527,4527,1499
23062004,4527,4527,1497
23062005,4527,4527,1497
23062006,4527,4527,1515
23062007,4527,4527,1154
23062008,4527,4527,1132
23062009,4527,4527,1435
23062010,4527,4527,1435
23062011,4393,4527,1577
23062012,4393,4527,1566
23062013,4482,4527,1527
23062014,4526,4527,1398
23062015,4527,4527,1497
23062016,4527,4527,1306
23062017,4527,4527,1192
23062018,4527,4527,1216
23062019,1527,4527,1084
23062020,4435,4527,1180
23062021,4433,4527,1441
23062022,4432,4526,1080
23062023,4432,4435,1055
23062100,4432,4435,1123
23062101,4432,4434,1160
23062102,4432,4434,1131
23062103,4432,4434,1155
23062104,4432,4434,1158
23062105,4432,4434,1163
23062106,4432,4434,1165
23062107,4432,4434,1212
23062108,4432,4435,1023
23062109,4400,4432,1569
23062110,4400,4432,1574
23062111,4000,4434,1092
23062112,4000,4434,1172
23062113,4000,4434,1192
23062114,4000,4433,1226
23062115,4400,4435,1003
23062116,4400,4435,982
23062117,4400,4435,932
23062118,4000,4434,939
23062119,3975,4434,947
23062120,3999,4434,914
23062121,3997,4433,800
23062122,3990,4433,597
23062123,3997,4433,550
23062200,3900,4432,715
23062201,3900,4432,744
23062202,3900,4432,728
23062203,3900,4433,1084
23062204,3900,4433,1048
23062205,3822,4433,1099
23062206,3822,4433,1073
23062207,3822,4433,1035
23062208,3822,4433,1060
23062209,3822,4433,1044
23062210,3822,4433,1021
23062211,3822,4433,1059
23062212,3900,4435,948
23062213,3712,4434,986
23062214,3712,4434,982
23062215,3712,4434,973
23062216,3465,4433,1001
23062217,3465,4433,1046
23062218,3465,4433,1134
23062219,3465,4433,1199
23062220,1500,4433,1124
23062221,3465,5455,1329
23062222,3465,5455,1291
23062223,3465,5455,1152
23062300,3999,5455,1035
23062301,3999,5455,1034
23062302,3800,5455,1147
23062303,3500,5455,1168
23062304,3500,5455,1155
23062305,3200,5455,1169
23062306,3200,5455,1169
23062307,3200,5455,1169
23062308,3500,5455,1117
23062309,3999,5455,1006
23062310,3920,5455,1010
23062311,3999,5455,975
23062312,3999,5455,1069
23062313,3999,5455,1068
23062314,3999,5455,1086
23062315,3999,5455,1119
23062316,3999,5455,1169
23062317,3999,5455,1335
23062318,3999,5455,1197
23062319,3999,5455,1299
23062320,3999,5455,1260
23062321,3999,5455,1178
23062322,3999,5410,1216
23062323,3999,5410,1258
23062400,3764,5410,1376
23062401,3960,5410,1347
23062402,3960,5410,1349
23062403,3999,5410,884
23062404,3999,5410,898
23062405,3999,5410,1227
23062406,3399,5410,1318
23062407,3399,5410,1318
23062408,3399,5410,1257
23062409,3300,5410,1287
23062410,3399,5410,1356
23062411,3399,5410,1339
23062412,3399,5410,1384
23062413,3399,5410,1353
23062414,3399,5410,1326
23062415,3399,5410,1374
23062416,3399,5410,1443
23062417,3399,3999,1694
23062418,3399,3999,1679
23062419,3399,3999,1865
23062420,3399,5410,1657
23062421,3399,3999,1723
23062422,3399,3999,1083
23062423,3399,3999,1026
23062500,3399,3999,931
23062501,3399,3999,1033
23062502,3399,3999,997
23062503,3399,3999,1003
23062504,2746,3999,940
23062505,2746,3999,946
23062506,2246,3999,963
23062507,3230,3999,1022
23062508,3230,3999,1025
23062509,3230,3999,1006
23062510,3230,3999,940
23062511,3230,3999,899
23062512,3230,3999,833
23062513,1530,3999,833
23062514,1530,3999,837
23062515,3399,3999,747
23062516,3399,3999,998
23062517,2099,3399,1037
23062518,2000,3399,1022
23062519,2000,3399,1093
23062520,1998,3399,1063
23062521,1998,3399,1124
23062522,3399,3399,1058
23062523,3399,3399,1025
23062600,3399,3399,1069
23062601,3000,3399,935
23062602,3399,3399,911
23062603,599,3399,850
23062604,3399,3399,915
23062605,3399,3399,533
23062606,3399,3399,917
23062607,3399,3399,919
23062608,3399,3399,931
23062609,3399,3399,1025
23062610,3399,3399,995
23062615,3380,5082,1520
23062616,3380,5082,1511
23062617,3380,5082,1540
23062618,3380,5082,1487
23062619,3380,3399,1678
23062620,3380,3399,1818
23062623,3380,3399,1723
23062700,2080,3399,1812
23062701,3380,5082,1665
23062702,3380,5082,1618
23062703,3380,3399,1681
23062704,3211,5082,1592
23062705,3211,5082,1601
23062706,3211,5082,1603
23062707,3011,3399,1799
23062708,2511,3399,1825
23062709,2511,3399,1887
23062710,2511,3399,1887
23062711,2511,3380,1526
23062712,2511,3380,1527
23062713,2511,3380,1477
23062714,2511,3380,1544
23062715,2511,3380,1471
23062716,2511,3380,1267
23062717,2511,3380,1180
23062719,2511,3380,1317
23062720,2511,3380,1314
23062721,2510,3380,1276
23062722,3211,3380,1385
23062723,3104,3211,1568
23062800,3104,3211,1706
23062801,3100,3211,1885
23062802,3100,3211,1946
23062803,3100,3211,1785
23062804,3100,3211,1767
23062805,3100,3211,1382
23062806,3100,3211,1433
23062807,3100,3211,1409
23062808,3100,3211,1655
23062809,3100,3211,1617
23062810,3000,3211,1667
23062811,3000,3211,1667
23062812,2250,3211,1698
23062813,2250,3211,1649
23062814,2249,3211,1724
23062815,2200,3211,1786
23062816,2200,3211,1793
23062817,2000,3211,1807
23062818,2000,3211,1824
23062819,2200,3211,1637
23062820,2098,3104,1759
23062821,2100,3211,1711
23062822,2198,3100,1005
23062823,2100,2249,1484
23062900,2100,2249,1449
23062901,2198,2249,1347
23062902,2198,2249,1370
23062903,2197,3100,1144
23062904,2088,3100,1150
23062905,2088,3100,1152
23062906,2198,3100,1056
23062907,2190,3100,1070
23062908,2198,3104,1026
23062909,2103,3100,1046
23062910,2098,3100,1051
23062911,2000,3100,1071
23062912,2000,3100,1083
23062913,1888,3100,1087
23062914,2000,3104,1030
23062915,2098,3104,1031
23062916,2198,3104,981
23062917,2198,3100,1057
23062918,2198,3104,1027
23062919,2190,3104,1011
23062920,2089,3100,1049
23062921,2198,3100,1058
23062922,2198,3100,1009
23062923,2198,3100,944
23063000,1987,3100,943
23063001,1987,3100,908
23063002,1900,3100,933
23063003,1987,3100,877
23063004,2196,3100,833
23063005,1596,3100,849
23063006,1596,3100,838
23063007,1596,3100,841
23063008,1596,19000,634
23063009,2198,19000,607
23063010,2198,19000,558
23063011,2198,19000,643
23063012,2198,19000,673
23063013,2198,2249,774
23063014,2000,19000,672
23063015,1999,2972,719
23063016,1999,2198,1054
23063017,1999,2198,1111
23063018,1999,2198,1060
23063019,1998,2198,1255
23063020,1998,2198,1271
23063021,1998,2198,1237
23063022,1998,1999,1311
23063023,1998,2198,1195
23070100,1997,1999,1237
23070101,1997,2198,1117
23070102,1997,2198,1109
23070103,1997,1999,676
23070104,1997,2198,1024
23070105,1997,2198,1095
23070106,1997,2198,1048
23070107,1000,2198,1040
23070108,1997,2198,1014
23070109,1996,2198,1065
23070110,1500,2198,1119
23070111,1480,2198,1179
23070112,1995,2198,1119
23070113,1955,2198,1131
23070114,1710,2198,1183
23070115,1954,2198,1157
23070116,1000,2198,1082
23070117,1998,2198,976
23070118,1998,2198,920
23070119,1979,2198,934
23070120,1998,2198,892
23070121,1979,2198,969
23070122,1979,2198,1071
23070123,1998,2198,933
23070200,1800,2198,1104
23070201,1998,2198,871
23070202,1999,2198,833
23070203,1890,2198,844
23070204,1899,19000,635
23070205,1999,19000,629
23070206,1999,19000,655
23070207,1999,19000,655
23070208,1999,19000,639
23070209,3500,19000,446
23070210,3500,19000,614
23070211,3000,3500,749
23070212,1500,3500,768
23070213,2999,19000,636
23070214,3000,19000,598
23070215,3000,19000,598
23070216,2910,3500,877
23070217,2813,3000,1144
23070218,2813,3000,1043
23070219,2813,3000,1086
23070220,2813,3000,1010
23070221,2813,3000,1042
23070222,2812,2900,1417
23070223,2813,2900,1329
23070300,2813,2900,1286
23070301,2813,2910,1007
23070302,2813,2910,1007
23070303,2813,2910,940
23070304,2812,2910,936
23070305,2812,3000,789
23070306,2812,3475,730
23070307,2812,3000,776
23070308,2000,3475,740
23070309,1900,3000,791
23070310,1900,3000,791
23070311,1899,3000,857
23070312,1900,3000,851
23070313,1900,3000,830
23070314,1900,3000,816
23070315,1900,3000,833
23070316,1900,2910,917
23070317,1900,3275,730
23070318,1900,5117,1198
23070319,1900,5117,1140
23070320,1900,5117,1079
23070321,1800,5117,1512
23070322,1800,5117,1498
23070323,1800,5117,1528
23070400,1799,5117,1575
23070401,1799,5117,1595
23070402,1800,5117,1583
23070403,1800,5117,1631
23070404,1800,3000,1719
23070405,1800,3000,1716
23070406,1800,5117,1607
23070407,1800,5117,1659
23070408,1679,3000,1701
23070409,1500,5117,1586
23070410,1500,5117,1586
23070411,5117,5117,776
23070412,5117,5117,1714
23070413,5116,5117,1366
23070414,3656,19000,456
23070415,3316,19000,561
23070416,3316,19000,705
23070417,3016,5117,752
23070418,3315,5117,842
23070419,1900,3316,901
23070420,3315,19000,612
23070421,3314,5117,843
23070422,3314,5117,834
23070423,3314,19000,664
23070500,3315,19000,630
23070501,3315,19000,637
23070502,3315,19000,656
23070503,3315,19000,640
23070504,3315,19000,713
23070505,3099,3316,228
23070506,3099,3316,230
23070507,3316,3316,208
23070508,3250,3316,245
23070509,3250,3316,266
23070510,3149,3316,294
23070511,2997,3316,303
23070512,2997,3316,298
23070513,2968,3316,331
23070514,2997,3316,286
23070515,2996,3316,249
23070516,2996,5084,814
23070517,2542,5084,854
23070518,2996,5084,786
23070519,2990,5084,895
23070520,2996,5084,698
23070521,2996,5084,764
23070522,2995,5084,742
23070523,2995,5084,736
23070600,2995,5084,852
23070601,2995,5084,805
23070602,2995,5084,762
23070603,2995,5084,798
23070604,3151,5084,719
23070605,3151,5084,690
23070606,3151,5084,704
23070607,2994,5084,525
23070608,2994,5084,607
23070609,2994,5084,624
23070610,2993,5084,646
23070611,2500,5084,642
23070612,2500,5084,644
23070613,2500,5084,608
23070614,2993,5084,599
23070615,2993,5084,575
23070616,2993,2994,128
23070617,2994,2994,105
23070618,2994,2994,56
23070619,2994,3151,45
23070620,3151,3151,24
23070621,3151,3151,26
23070622,3151,3151,6
23070623,3151,3151,18
23070700,2100,2198,50
23070701,2100,2198,72
23070702,3212,3212,57
23070703,3212,3212,46
23070704,3212,3212,46
23070705,3212,3212,127
23070706,3212,16700,490
23070707,3212,16700,493
23070708,3212,16700,505
23070709,3111,16700,510
23070710,3111,16700,514
23070711,3111,16700,532
23070712,3111,5108,932
23070713,3011,5108,952
23070714,2995,5108,1016
23070715,3100,5108,973
23070716,3100,5108,978
23070717,3100,5108,987
23070718,2000,5108,1039
23070719,3100,5108,998
23070720,2600,5108,1058
23070721,3100,5108,1009
23070722,3100,5108,1041
23070723,3100,5108,939
23070800,3212,5108,912
23070801,2599,5108,1033
23070802,2599,5108,954
23070803,2599,5108,928
23070804,2599,5108,957
23070805,2599,5108,1056
23070806,2599,5108,1058
23070807,2599,5108,953
23070808,2741,5108,888
23070809,2595,5108,914
23070810,2595,5108,932
23070811,2494,5108,1011
23070812,2400,16700,646
23070813,2400,16700,611
23070814,2400,16700,599
23070815,2741,16700,455
23070816,2741,16700,515
23070817,2741,16700,572
23070818,2740,16700,516
23070819,2741,16700,481
23070820,2741,16700,538
23070821,2741,16700,548
23070822,2741,16700,592
23070823,2741,16700,545
23070900,2741,16700,536
23070901,2741,16700,602
23070902,2741,3212,720
23070903,2741,16700,606
23070904,1841,16700,627
23070905,2741,16700,527
23070906,2741,16500,457
23070907,2741,16500,438
23070908,2600,16500,681
23070909,2400,2741,813
23070910,2300,2741,856
23070911,2300,2700,933
23070912,2300,2700,911
23070913,2300,2741,850
23070914,2185,2700,926
23070915,2275,2700,904
23070916,2275,2700,880
23070917,999,2741,824
23070918,999,2741,832
23070919,925,2700,938
23070920,999,2741,824
23070921,2000,2700,1026
23070922,2000,2400,1356
23070923,1900,2700,1006
23071000,2300,2741,758
23071001,2400,16500,584
23071002,2600,16500,612
23071003,2600,16500,672
23071004,2600,16500,650
23071005,2600,16500,664
23071006,2600,16500,598
23071007,2600,16500,690
23071008,2600,16500,470
23071009,2600,16500,422
23071010,2600,16500,469
23071011,2600,16500,611
23071012,2600,16500,611
23071013,2600,16500,636
23071014,2600,16500,608
23071015,2600,16500,642
23071016,2600,16500,513
23071017,2600,16500,432
23071018,2600,16500,512
23071019,2599,16500,545
23071020,2500,2600,728
23071021,2400,2600,839
23071022,2400,16500,700
23071023,2500,16500,568
23071100,2599,16500,550
23071101,2470,16500,588
23071102,2470,16500,652
23071103,2470,16500,697
23071104,2446,16500,682
23071105,2446,16500,682
23071106,2446,2600,313
23071107,2446,2600,317
23071108,2446,2600,505
23071109,2446,2535,502
23071110,2446,2470,545
23071111,2446,2470,545
23071112,2446,2470,545
23071113,2446,2470,545
23071114,2446,2470,545
23071115,2446,2470,557
23071116,2446,2600,526
23071117,2422,2470,501
23071118,2446,2600,428
23071119,2446,2600,426
23071120,2400,2600,347
23071121,2400,2600,343
23071122,2400,2600,359
23071123,2388,2600,342
23071200,2388,2600,392
23071201,2388,2600,332
23071202,2446,2600,228
23071203,2446,2600,179
23071204,2446,2600,179
23071205,2446,2600,179
23071206,2446,2600,232
23071207,2446,2600,201
23071208,2446,2600,213
23071209,2446,2470,228
23071210,2446,2600,181
23071211,2446,2600,200
23071212,2445,2446,260
23071213,2446,5146,577
23071214,2600,5146,506
23071215,2600,5146,562
23071216,2600,5146,511
23071217,2600,5146,578
23071218,2600,5146,575
23071219,2470,5146,606
23071220,2470,5146,641
23071221,2600,5146,442
23071222,2446,5146,688
23071223,2300,5146,785
23071300,2300,2446,1272
23071301,200,2446,1061
23071302,2300,2446,1122
23071303,2300,2446,1049
23071304,2300,2446,979
23071305,2300,2446,944
23071306,2300,2446,945
23071307,2300,2446,946
23071308,2100,2446,959
23071309,2100,2446,955
23071310,2300,2446,939
23071311,2184,2446,951
23071312,2182,2446,1022
23071313,2182,2300,604
23071314,2184,2300,519
23071315,2300,2300,480
23071316,2100,2300,559
23071317,2300,2446,198
23071318,2300,5578,750
23071319,90,5578,757
23071320,2300,5578,797
23071321,2300,5578,616
23071322,2300,5578,637
23071323,2300,5578,634
23071400,2300,5578,667
23071401,2298,5578,1064
23071402,2298,5578,1080
23071403,2300,5578,967
23071404,2300,5578,1043
23071405,2300,5578,1018
23071406,2300,5578,1231
23071407,2300,5578,1204
23071408,2298,5578,1203
23071409,2298,5578,1066
23071410,2298,5578,1025
23071411,2298,5578,1050
23071412,2200,5578,1104
23071413,2178,5578,1106
23071414,2300,5578,1215
23071415,1800,5578,1135
23071416,2300,5578,1015
23071417,2300,5578,1022
23071418,2300,19900,639
23071419,2300,19900,642
23071420,2300,19900,642
23071421,2300,19900,568
23071422,2300,19900,494
23071423,2300,19900,434
23071500,2300,19900,418
23071501,2300,19900,460
23071502,2300,19900,423
23071503,2300,19900,492
23071504,2300,19900,507
23071505,19900,19900,346
23071506,19900,19900,346
23071507,18900,18905,95
23071508,18900,18905,95
23071509,18900,18900,231
23071510,18900,18900,300
23071511,6115,18900,381
23071512,6115,18900,414
23071513,6115,18900,429
23071514,6054,18900,456
23071515,6115,18900,440
23071516,6000,18900,607
23071517,5999,17388,644
23071518,5975,15088,665
23071519,5975,15088,680
23071520,5974,6115,801
23071521,5973,6100,883
23071522,5973,6100,960
23071523,5973,6115,842
23071600,5972,6100,913
23071601,5972,6100,947
23071602,5674,17388,1339
23071603,5674,17388,1330
23071604,5674,15088,1391
23071605,5674,15088,1365
23071606,5674,15088,1371
23071607,5391,15088,1364
23071608,4591,15088,1367
23071609,4591,6100,1551
23071610,4591,6000,1561
23071611,4591,5975,1573
23071612,4091,5975,1473
23071613,4091,5975,1471
23071614,4591,6000,1318
23071615,4591,6100,1275
23071616,4091,5974,1671
23071617,4591,5975,1609
23071618,4591,5975,1619
23071619,4591,5999,1302
23071620,4591,6100,1218
23071621,4591,6100,1234
23071622,4591,5999,1341
23071623,4591,6100,1263
23071700,4591,6000,1279
23071701,4550,5974,1455
23071702,4550,5974,1458
23071703,4550,5974,1438
23071704,4590,5974,1422
23071705,3999,5974,1457
23071706,3999,5999,1342
23071707,3999,5974,1246
23071708,2999,5674,1543
23071709,3985,5674,1487
23071710,3985,5674,1443
23071711,3800,5674,1455
23071712,3518,5674,1362
23071713,3999,5974,1104
23071714,3999,5974,1111
23071715,3999,5674,1390
23071716,3999,4591,1297
23071717,3999,5674,981
23071718,2999,5674,1041
23071719,3999,5973,854
23071720,3999,5674,936
23071721,3999,5674,864
23071722,3099,4591,965
23071723,3099,4591,1047
23071800,3099,4591,1013
23071801,3099,4591,1089
23071802,3099,3999,782
23071803,3099,3999,816
23071804,3099,3999,723
23071812,2500,3099,1116
23071813,2500,3099,1121
23071814,2400,3099,1213
23071815,2400,3099,1251
23071816,2400,3099,1213
23071817,2400,3099,1221
23071818,2280,3099,1171
23071819,2400,3099,1071
23071820,2040,3099,1054
23071821,2400,3099,954
23071822,2500,3099,975
23071823,2500,3099,904
23071900,2500,3099,956
23071901,2500,3099,946
23071902,2500,3099,778
23071903,2500,3099,1089
23071904,2500,3099,1108
23071905,2500,3099,1123
23071906,2500,3099,1060
23071907,2500,3999,911
23071908,2500,3999,891
23071909,2500,3999,905
23071910,2500,3999,904
23071911,2500,3999,896
23071912,2300,3099,1160
23071913,2298,3099,1245
23071914,2298,3099,1114
23071915,2298,3099,1146
23071916,2298,3099,1193
23071917,2297,3099,1152
23071918,2297,3099,1265
23071919,2297,3099,1226
23071920,2222,3099,1121
23071921,2297,3099,1071
23071922,2200,3099,1066
23071923,2200,3065,1043
23072000,2200,3000,1110
23072001,2200,3000,1000
23072002,2200,2500,959
23072003,2200,2500,970
23072004,2200,2500,897
23072005,2200,2500,909
23072006,2200,3000,872
23072007,2090,2500,996
23072008,2090,2500,1018
23072009,2090,2500,964
23072010,2200,2500,964
23072011,2298,3065,800
23072012,2298,2624,834
23072013,2298,2500,875
23072014,2298,3686,779
23072015,2298,2500,1036
23072016,2297,2300,1152
23072017,2298,2300,1158
23072018,2298,2300,1223
23072019,2298,2300,1206
23072020,2298,2500,1044
23072021,2200,2500,1088
23072022,2200,2300,1126
23072023,2298,2500,1027
23072100,2298,2500,1021
23072101,2298,2500,1021
23072102,2298,2300,438
23072103,2298,2300,407
23072104,2298,2300,444
23072105,2298,2300,428
23072106,2298,2300,425
23072107,2298,2300,400
23072108,2298,2300,400
23072109,1999,2300,421
23072110,2298,2300,400
23072111,2298,2298,192
23072112,2298,2298,155
23072113,2298,3547,225
23072114,2298,3547,232
23072116,2098,3547,245
23072117,2098,3547,231
23072118,2098,2298,355
23072119,2098,2298,313
23072120,2298,3547,178
23072121,2298,3547,258
23072122,2298,3547,278
23072123,3547,3547,73
23072200,3547,3547,298
23072201,3547,3547,95
23072202,3547,3547,130
23072203,3547,3547,67
23072204,3547,3547,11
23072205,3547,3547,11
23072206,3547,3547,2
23072208,6930,6930,4
23072209,6930,6930,4
23072210,6930,6930,62
23072211,6929,6930,167
23072212,6929,6930,128
23072213,6929,6929,318
23072214,6929,6930,152
23072215,6929,6930,192
23072216,6929,6930,220
23072217,6929,6929,269
23072218,6929,6929,293
23072219,6928,6929,267
23072220,6928,6929,330
23072221,6928,6929,350
23072222,6928,6928,418
23072223,6928,6929,324
23072300,6720,6928,377
23072301,6720,6928,388
23072302,6520,6928,406
23072303,6520,6928,453
23072304,6455,6928,471
23072305,6455,6928,483
23072306,6455,6928,528
23072307,6455,6928,533
23072308,6455,6928,586
23072309,6400,6720,650
23072310,6400,6720,666
23072311,3600,6520,827
23072312,3600,6520,859
23072313,3500,6455,895
23072314,3500,6520,804
23072315,3499,6455,964
23072316,3499,6455,926
23072317,3400,6455,968
23072318,3400,6400,1039
23072319,3400,3600,1235
23072320,3399,3699,1152
23072321,3399,3699,1117
23072322,3399,3699,1134
23072323,3399,3699,1053
23072400,3399,3992,1036
23072401,3399,3699,1083
23072402,3399,3699,1076
23072403,3399,3983,1041
23072404,3399,3699,1018
23072405,3399,3699,1001
23072406,3399,3699,1016
23072407,3399,3699,1013
23072408,3399,3699,1001
23072409,3399,3699,990
23072410,3399,3699,962
23072411,3099,3600,906
23072412,3399,3699,865
23072413,3398,3600,962
23072414,3399,3600,931
23072415,3400,3610,817
23072416,3400,3600,912
23072417,3400,3600,897
23072418,3400,3600,944
23072419,3400,3600,971
23072420,3400,3600,824
23072421,3399,3500,902
23072422,3398,3500,865
23072423,3399,3500,1020
23072500,3400,3500,949
23072501,3400,3500,880
23072502,3400,3500,850
23072503,3400,3499,817
23072504,3000,3400,876
23072505,3000,3400,877
23072506,2599,3400,851
23072507,2599,3400,871
23072508,2595,3400,843
23072509,2595,3400,843
23072510,2595,3400,843
23072511,2595,3400,716
23072512,2495,3400,735
23072513,2495,3400,714
23072514,2495,3400,724
23072515,2495,3400,577
23072516,2495,3400,602
23072517,1795,3000,527
23072518,1730,2495,694
23072519,1722,1795,791
23072520,1722,1795,799
23072521,1704,1795,824
23072522,1704,1795,861
23072523,2495,2871,982
23072600,2495,2871,979
23072601,2495,2871,975
23072602,2400,2871,979
23072603,2458,2871,954
23072604,2456,2871,1048
23072605,2456,2871,1060
23072606,2456,2871,1064
23072607,2455,2871,1109
23072608,2456,2871,1033
23072609,2456,2871,1033
23072610,2456,2871,1208
23072611,2456,2871,1188
23072612,2456,2871,1158
23072613,2456,2871,1158
23072614,2456,2871,1175
23072615,2390,2871,1272
23072616,2388,2871,1234
23072617,2390,2871,1151
23072618,2390,2871,1247
23072619,2390,2871,1209
23072620,2390,2821,1294
23072621,2390,2821,1249
23072622,2350,2458,777
23072623,2349,2595,1372
23072700,2350,2599,1305
23072701,2350,2495,1528
23072702,2350,2495,1519
23072703,2350,2595,1331
23072704,2350,2603,1234
23072705,2349,2603,1219
23072706,2120,2603,1196
23072707,2120,2603,1198
23072708,2119,2603,1074
23072709,1696,2603,1093
23072710,2111,2603,1114
23072711,2111,2603,1063
23072712,2011,2603,1122
23072713,2011,2603,1046
23072714,2011,2603,1121
23072715,2011,2603,1222
23072716,2011,2603,1240
23072717,2000,2495,1274
23072718,2011,2603,1073
23072719,2010,2603,1082
23072720,1809,2603,1128
23072721,1809,2603,1177
23072722,2000,2603,1161
23072723,2000,2355,1247
23072800,2000,2355,1181
23072801,1999,2355,1236
23072802,2000,2355,1456
23072803,2000,2355,1485
23072805,2010,2355,1301
23072806,2010,2355,1322
23072807,2011,2355,1183
23072808,1911,2355,1205
23072809,500,2355,1214
23072810,2010,2355,1193
23072811,2010,2355,1239
23072812,2010,2355,1269
23072813,2010,2355,1246
23072814,2010,2355,1233
23072815,2010,2355,1273
23072816,2010,2355,1309
23072817,2010,2355,1257
23072818,1908,2355,1289
23072819,1908,2355,1264
23072820,1908,2355,1341
23072821,1908,2355,1306
23072822,1908,2355,1516
23072823,1908,2115,852
23072900,1908,2176,1203
23072901,2010,2176,1118
23072902,2010,2176,1148
23072903,2010,2176,1105
23072904,1998,2176,1125
23072905,1998,2176,1150
23072906,1998,2176,1173
23072907,1998,2176,1161
23072908,2010,2176,1095
23072909,2010,2176,1061
23072910,2010,7490,1327
23072911,2010,7490,1317
23072912,1950,7490,1291
23072913,1950,7490,1314
23072914,2011,2176,1462
23072915,2011,2176,1390
23072916,707,7490,1249
23072917,2176,2176,1411
23072918,2176,7490,793
23072919,999,7490,1056
23072920,999,7490,1137
23072921,999,7490,914
23072922,2176,7490,788
23072923,2176,7490,799
23073000,2076,2176,1392
23073001,2076,2176,1369
23073002,2176,7490,484
23073003,2176,7490,811
23073004,2176,7490,868
23073005,6990,7490,973
23073006,6990,7490,1018
23073007,6990,7490,1018
23073008,5109,7490,1072
23073009,5109,7490,1127
23073010,5109,7581,1132
23073011,5109,7581,1124
23073012,5108,7581,1241
23073013,5108,7581,1282
23073014,5108,7581,1256
23073015,5108,7581,1233
23073016,5108,7581,1178
23073017,5057,7581,1220
23073018,4857,7581,1293
23073019,4615,7581,1285
23073020,4857,7581,1215
23073021,4857,7581,1208
23073022,4857,7581,1217
23073023,4500,7581,1286
23073100,4557,7581,1296
23073101,4556,6990,1366
23073102,4546,6990,1418
23073103,4545,6990,1447
23073104,4445,6990,1586
23073105,4445,5109,1404
23073106,4443,5109,1421
23073107,4443,5108,1499
23073108,4443,5108,1474
23073109,4443,7581,1327
23073110,4443,4857,1059
23073111,4443,4857,1137
23073112,4443,4857,1083
23073113,4443,4857,1005
23073114,2259,4857,1166
23073115,1059,4857,1188
23073116,1059,4857,1104
23073117,2249,5057,956
23073118,2543,5057,916
23073119,4440,5057,853
23073120,4440,4857,994
23073121,4440,4857,1162
23073122,4440,4556,1210
23073123,4364,4445,1257
23080100,4364,4445,1253
23080101,2964,4445,1273
23080102,2964,4445,1312
23080103,2964,4440,906
23080104,2964,4440,853
23080105,4300,4440,778
23080106,4364,4440,713
23080107,4364,4440,720
23080108,4364,4440,683
23080109,4364,4440,683
23080110,4364,4440,683
23080111,3964,4440,1145
23080112,3764,4440,1230
23080113,3764,4440,1243
23080114,3500,4440,1265
23080115,2450,4440,1322
23080116,2449,4440,1348
23080117,3400,4440,1290
23080118,3400,4364,1315
23080119,1700,4364,1312
23080120,2500,3964,1265
23080121,2500,3964,1331
23080122,2500,3964,1145
23080123,2475,3764,1481
23080209,1998,2475,1525
23080210,1999,2475,1408
23080211,1999,2475,1410
23080212,1999,3764,1741
23080213,1999,3764,1755
23080214,1200,3023,1862
23080215,1200,3023,1862
23080216,1999,3023,1815
23080217,1999,3500,1785
23080218,1997,3500,1792
23080219,1997,3764,1763
23080220,1997,3764,1717
23080221,1997,3023,1592
23080222,1897,2475,1670
23080223,1897,2475,1641
23080300,1897,2475,1682
23080301,1896,3023,1575
23080302,1896,2500,1582
23080303,1897,3023,1520
23080304,1897,3023,1535
23080305,1708,3023,1528
23080306,1708,3023,1513
23080307,1708,3023,1528
23080308,1708,3023,1547
23080309,1008,2475,1591
23080310,1708,2475,1562
23080311,1708,2475,1571
23080312,1708,2475,1502
23080313,1897,2475,1410
23080314,1897,2475,1440
23080315,1897,2475,1424
23080316,1986,2475,1455
23080317,1985,2475,1551
23080318,1978,2475,1553
23080319,1850,2475,1592
23080320,1850,2475,1608
23080321,1850,2475,1610
23080322,1850,2438,1629
23080323,1795,2231,1294
23080400,1795,2231,1327
23080401,1794,2231,1350
23080402,1500,2231,1536
23080403,1400,1996,1632
23080404,1400,1996,1695
23080405,1400,1986,1730
23080406,1400,1985,1699
23080407,1260,1985,1736
23080408,1260,1985,1753
23080409,1400,1985,1794
23080410,1400,1996,1626
23080411,1500,1984,1755
23080412,1794,1984,1288
23080413,1705,1984,1305
23080414,1700,1984,1184
23080415,1700,1984,1196
23080416,1794,1984,994
23080417,1794,1984,1183
23080418,1792,1984,1319
23080419,1794,1984,1186
23080420,1794,1984,1072
23080421,1794,1984,1054
23080422,1794,1984,924
23080423,1794,1984,1065
23080500,1000,1984,1142
23080501,1794,1984,981
23080502,1700,1984,1106
23080503,1700,1984,1075
23080504,1700,1984,984
23080505,1700,1984,1001
23080506,1700,1984,990
23080507,1700,1984,1027
23080508,1700,1984,1051
23080509,1700,1984,1082
23080510,1700,1984,1277
23080511,1700,1794,582
23080512,1700,1817,1058
23080513,1700,1817,994
23080514,1700,1817,1014
23080515,1700,1817,1067
23080516,1500,1817,1045
23080517,1700,1817,897
23080518,1700,1817,992
23080519,1699,1817,1038
23080520,1700,1817,970
23080521,1699,1817,1025
23080522,1699,1817,1004
23080523,1500,1817,1006
23080600,1700,1817,998
23080601,1675,1817,941
23080602,1675,1817,944
23080603,1675,1817,958
23080604,1000,1817,1321
23080605,1675,1817,1343
23080606,1675,1817,1326
23080607,1675,1817,1270
23080608,1675,1817,1383
23080609,1675,1817,1413
23080610,1550,1817,1781
23080611,1549,1817,1813
23080612,1549,1817,1859
23080613,1549,1700,1079
23080614,1549,1700,1001
23080615,1549,1700,972
23080616,1549,1700,979
23080617,1240,1700,1034
23080618,1035,1675,1179
23080619,1235,1627,1789
23080620,535,1627,1803
23080621,1139,1627,1758
23080622,1549,1627,1720
23080623,1549,1627,1679
23080700,1549,1627,1739
23080701,1549,1627,1724
23080702,1499,1627,1820
23080703,1499,1627,1911
23080704,1499,1627,1935
23080705,1499,1627,1935
23080706,1499,1627,1943
23080707,1499,1627,1903
23080708,1499,1627,2108
23080709,1469,1627,2139
23080710,1499,1627,2109
23080711,1499,1499,2059
23080712,1188,1499,2112
23080713,1187,1499,2104
23080714,1187,1499,1972
23080715,1498,1499,1862
23080716,1498,1499,1994
23080717,1496,1499,2115
23080718,1495,1499,2091
23080719,1491,1499,2197
23080720,1491,1499,2345
23080722,1399,1499,2161
23080723,1250,1499,2328
23080800,1250,1499,2285
23080801,1250,1499,2171
23080802,1250,1499,2077
23080803,1250,1499,1959
23080804,1250,1499,1616
23080805,1200,1499,1529
23080806,1493,1499,1513
23080807,1493,1499,1532
23080808,1496,1499,1499
23080809,1496,1499,1499
23080810,1496,1499,1499
23080811,1496,1499,1499
23080812,1495,1498,604
23080813,1200,1498,841
23080814,1200,1450,1640
23080815,1200,1450,1700
23080816,1450,1450,1398
23080817,1396,1450,1683
23080818,1394,1494,935
23080819,1394,1400,1041
23080820,1389,1400,1330
23080821,1390,1400,1328
23080822,1390,1400,1355
23080823,1388,1400,1379
23080900,1388,1400,1407
23080901,1390,1400,1303
23080902,1390,1400,1319
23080903,1340,1400,1439
23080904,1340,1400,1429
23080905,1390,1400,1219
23080906,1390,1400,1239
23080907,1390,1400,1208
23080908,1394,1400,956
23080909,1394,1400,893
23080910,1394,1400,1036
23080911,1280,1396,1084
23080912,1280,1460,1966
23080913,1280,1460,1955
23080914,1280,1460,1951
23080915,1280,1400,2016
23080916,1279,1400,2057
23080917,1279,1400,1922
23080918,1279,1400,1937
23080919,1279,1400,1883
23080920,3050,3050,127
23080921,2550,3050,108
23080922,3050,3050,1199
23080923,3050,3050,1157
23081000,1050,3050,1175
23081001,1040,3050,1162
23081002,3050,3050,1108
23081003,3050,3050,1138
23081004,1983,3050,1143
23081005,3050,3050,1138
23081006,3050,3050,1145
23081007,3050,3050,1131
23081008,3050,3050,1175
23081009,3050,3050,1115
23081010,509,3050,1110
23081011,3039,3050,1116
23081012,3039,3050,1125
23081013,3039,3050,1097
23081014,2838,3050,1137
23081015,3050,3050,976
23081016,3050,3050,1993
23081017,3050,3050,1039
23081018,3046,3050,1165
23081019,3040,3046,1184
23081020,2515,3046,1344
23081021,2515,3046,1344
23081022,2540,3046,1310
23081023,2500,3046,1444
23081100,2500,3040,2351
23081101,2475,3040,2338
23081102,2475,3046,1437
23081103,2500,3046,1447
23081104,2500,3046,1463
23081105,2500,3046,1412
23081106,2500,3046,1411
23081107,2500,3046,1374
23081108,2500,3046,1395
23081109,2500,3046,1439
23081110,2500,3046,1530
23081111,2500,3046,1567
23081112,2500,3040,2049
23081113,2500,3040,2056
23081114,2500,3046,2035
23081115,2000,3040,2067
23081116,2000,3040,2089
23081117,2000,3040,2032
23081118,2000,3040,2015
23081119,1899,2500,1060
23081120,1898,2500,1045
23081121,800,2500,1154
23081122,1898,2500,1028
23081123,1790,1798,2224
23081200,1798,1798,2886
23081201,1798,1798,2749
23081202,1709,2500,1030
23081203,1700,2500,1032
23081204,1453,2500,1070
23081205,1709,2500,1026
23081206,1798,2500,1047
23081207,1798,2500,1016
23081208,1798,2500,934
23081209,1798,2500,909
23081210,1798,2500,909
23081211,1798,2500,904
23081212,1798,2500,876
23081213,1796,2500,958
23081214,1797,2500,879
23081215,1798,2500,882
23081216,1798,2500,984
23081217,1797,2500,1075
23081218,1898,2500,825
23081219,1850,2500,661
23081220,1850,2500,687
23081221,1850,2500,654
23081222,1900,2500,607
23081223,2500,2500,529
23081300,2498,2500,622
23081301,2498,2499,197
23081302,2497,2498,458
23081303,2496,2498,415
23081304,2497,2498,192
23081305,2498,2498,171
23081306,2498,2498,344
23081307,2498,2498,264
23081308,2498,2498,251
23081309,2498,2498,278
23081310,2498,2498,115
23081311,2498,2498,60
23081312,2400,2475,141
23081313,2498,2498,147
23081314,2498,2498,605
23081315,2400,2498,684
23081316,2400,2498,1017
23081317,2400,2498,1024
23081318,2400,2498,714
23081319,2400,2498,689
23081320,2400,2400,1195
23081321,2400,2400,1251
23081322,1800,2400,1262
23081323,2400,2400,1257
23081400,2400,2400,1289
23081401,2400,2400,1296
23081402,2400,2400,1377
23081403,2400,2400,1354
23081404,2400,2400,1373
23081405,2400,2400,1335
23081406,2400,2400,1350
23081407,1800,2400,1370
23081408,2400,2400,1348
23081409,2000,2400,1394
23081410,2000,2400,1371
23081411,2400,2400,1301
23081412,2300,2400,1728
23081413,2300,2400,1620
23081414,2300,2400,1514
23081415,2254,2400,1514
23081416,2254,2400,1608
23081417,2254,2400,1548
23081418,2254,2400,1554
23081419,2200,2400,1580
23081420,2350,2498,513
23081421,2350,2498,785
23081422,2200,2498,772
23081423,2350,2498,751
23081500,2350,2498,552
23081501,2349,2498,579
23081502,2300,2498,507
23081503,2300,2498,507
23081504,2300,2498,537
23081505,2299,2498,653
23081506,2299,2498,656
23081507,2299,2498,675
23081508,2299,2498,658
23081509,2299,2498,667
23081510,2299,2498,667
23081511,2299,2498,667
23081512,2299,2498,820
23081513,1671,2299,384
23081514,1671,2299,520
23081515,2271,2271,1504
23081516,2271,2271,1373
23081517,2271,2271,1323
23081518,2270,2271,1486
23081519,2271,2271,1279
23081520,2226,2271,1284
23081521,2226,2271,1395
23081522,2226,2271,1458
23081523,2226,2271,1449
23081600,2226,2271,1433
23081601,1126,2271,1448
23081602,1126,2271,1466
23081603,1126,2271,1422
23081604,2226,2271,1429
23081605,2222,2271,1446
23081606,2222,2271,1454
23081607,2271,2271,1190
23081608,2271,2271,1208
23081609,2271,2300,231
23081610,2271,2299,254
23081611,2271,2271,283
23081612,2271,2271,292
23081613,2271,2271,361
23081614,2200,2271,462
23081615,2271,2271,385
23081616,2070,2271,375
23081617,2271,2271,1865
23081618,2271,2271,1826
23081619,2271,2271,1801
23081620,2264,2271,235
23081621,2271,2271,189
23081622,2271,2271,166
23081623,2141,2271,216
23081700,2141,2271,178
23081701,2158,2271,229
23081702,2158,2271,216
23081703,2158,2271,196
23081704,2158,2271,216
23081705,2158,2271,220
23081706,2157,2271,167
23081707,2157,2271,140
23081708,2158,2271,105
23081709,2000,2158,125
23081710,2158,2214,116
23081711,2158,2271,70
23081712,2158,2158,141
23081713,2271,2271,38
23081714,2271,2271,38
23081715,2270,2271,74
23081716,2200,2271,61
23081717,2271,2271,49
23081718,1888,1888,103
23081719,1888,1888,107
23081720,1788,1788,1448
23081721,1500,1788,1474
23081722,1787,1788,1121
23081800,1787,1788,435
23081801,1788,1788,415
23081802,1788,1788,504
23081803,1788,1788,504
23081804,1788,1788,440
23081805,1788,1788,461
23081806,1788,1788,449
23081807,1788,1788,415
23081808,1788,1788,415
23081809,1788,1788,417
23081810,1788,1788,428
23081811,1788,1788,476
23081812,1788,1788,490
23081813,1788,1788,533
23081814,1788,1788,462
23081815,1771,1788,485
23081816,1771,1788,467
23081817,1771,1788,459
23081818,1788,1788,423
23081819,1787,1788,527
23081919,2609,2610,1163
23081920,2610,2610,1193
23081921,2610,2610,1241
23081922,2610,2610,344
23081923,2610,2610,359
23082000,2480,2610,669
23082001,2480,2610,564
23082002,2479,2610,584
23082003,2479,2610,431
23082004,2480,2610,381
23082005,2480,2610,353
23082006,2480,2610,366
23082007,2480,2610,366
23082008,2000,2610,435
23082009,2480,2610,444
23082010,2610,2611,184
23082011,2610,2611,217
23082012,2600,2611,189
23082013,2600,2600,376
23082014,2609,2611,171
23082015,2611,2611,93
23082016,2610,2611,111
23082017,2611,2611,93
23082018,2600,2610,177
23082019,2600,2600,865
23082020,2600,2600,786
23082021,2500,2600,839
23082022,2500,2610,258
23082023,2500,2500,465
23082100,2500,2610,311
23082101,2500,2610,312
23082102,2500,2610,304
23082103,2500,2610,316
23082104,2500,2610,316
23082105,2500,2610,309
23082106,2500,2600,307
23082107,2000,2610,276
23082108,2500,2610,247
23082109,2500,2610,172
23082110,2500,2610,191
23082111,2500,2610,231
23082112,2125,2610,175
23082113,2600,2610,123
23082114,2600,2610,131
23082115,2600,2610,147
23082116,2500,2600,564
23082117,2600,2600,544
23082118,2600,2600,460
23082119,2600,2600,165
23082120,2600,2600,162
23082121,2400,2600,201
23082122,2600,2610,115
23082123,2609,2610,80
23082200,2609,2610,96
23082201,2609,2609,145
23082202,2609,2609,146
23082203,2583,2583,100
23082204,2583,2583,118
23082205,2583,2583,135
23082206,2610,2610,128
23082207,2610,2610,106
23082208,2610,2610,91
23082209,2610,2610,91
23082210,2610,2610,91
23082211,2610,2610,64
23082212,2610,2610,262
23082213,2610,2610,228
23082214,2610,2610,187
23082215,2610,2610,152
23082216,2610,2610,227
23082217,2368,2610,273
23082218,2610,2610,234
23082219,2610,2610,135
23082220,2610,2610,278
23082221,2610,2610,502
23082222,2610,2610,447
23082223,2610,2610,469
23082300,2610,2610,581
23082301,2609,2610,631
23082302,2610,2610,566
23082303,2610,2610,426
23082304,2610,2610,645
23082305,2610,2610,665
23082306,2610,2610,687
23082307,2610,2610,661
23082308,2510,2610,658
23082309,2610,2610,599
23082310,2610,2610,664
23082311,1888,2610,674
23082312,2610,2610,376
23082313,2610,2610,426
23082314,2610,2610,686
23082315,2609,2610,795
23082316,2609,2610,513
23082317,2609,2610,539
23082318,2500,2609,835
23082319,2200,2609,783
23082320,2200,2610,652
23082321,2200,2609,975
23082322,2200,2609,700
23082323,2200,2609,764
23082400,2200,2610,592
23082401,2200,2609,631
23082402,2013,2609,650
23082403,2013,2609,650
23082404,2013,2609,648
23082405,2199,2610,577
23082406,2199,2610,622
23082407,2199,2610,525
23082408,2200,2610,511
23082409,2000,2610,602
23082410,2000,2610,602
23082411,2000,2610,551
23082412,2000,2610,582
23082413,1999,2610,560
23082414,1900,2610,587
23082415,1999,2609,615
23082416,1999,2609,610
23082417,1999,2610,522
23082418,1998,2609,636
23082419,1998,2609,643
23082420,1798,2200,320
23082421,1798,2200,320
23082422,1798,2200,296
23082423,1998,2609,232
23082500,1998,2609,226
23082501,1999,2609,200
23082502,1999,2609,206
23082503,2200,2609,161
23082504,2200,2609,161
23082505,2200,2609,179
23082506,2200,2609,197
23082507,2200,2609,200
23082508,2200,2609,200
23082509,2200,2609,200
23082510,2200,2609,222
23082511,2200,2609,222
23082512,2200,2609,220
23082513,2200,2200,423
23082514,2200,2200,408
23082515,2200,2235,286
23082516,2200,2200,340
23082517,2200,2200,280
23082518,2200,2200,160
23082519,2200,2200,137
23082520,2200,2200,127
23082521,2200,2200,469
23082522,2200,2200,396
23082523,2199,2200,294
23082600,2190,2200,361
23082601,2190,2200,428
23082602,2199,2200,336
23082603,2180,2200,346
23082604,2180,2200,267
23082605,2200,2200,256
23082606,2180,2200,262
23082607,2080,2200,283
23082608,2180,2200,262
23082609,2200,2200,262
23082610,2200,2200,262
23082611,2200,2200,210
23082612,1700,2200,162
23082613,1700,2200,165
23082614,2200,2200,168
23082615,2134,2200,232
23082616,2090,2200,263
23082617,2199,2200,234
23082618,1400,1400,553
23082619,1400,1400,600
23082620,1300,2200,360
23082621,1299,1400,465
23082622,1299,1400,462
23082623,1299,1400,465
23082700,1299,1400,458
23082701,1200,1400,466
23082702,1200,1400,485
23082703,700,1400,596
23082704,1200,1400,604
23082705,1199,1386,663
23082706,1199,1300,628
23082707,1000,1400,475
23082708,1000,1400,431
23082709,1200,1400,385
23082710,1400,1400,427
23082711,1400,1400,530
23082712,1400,1400,607
23082713,1400,1400,540
23082714,1400,1400,558
23082715,1400,1400,519
23082716,1400,1400,447
23082717,2200,2200,118
23082718,2200,2200,114
23082719,2200,2200,66
23082720,2500,2500,70
23082721,12,12,15
23082722,3999,3999,151
23082723,3000,3999,208
23082800,3995,3999,164
23082801,3995,3999,199
23082802,3995,3995,255
23082803,3995,3999,195
23082804,3995,3999,214
23082805,3995,3995,253
23082806,3995,3995,242
23082807,2001,3995,252
23082808,3995,3995,250
23082809,3995,3999,209
23082810,3995,3999,207
23082811,3995,3995,254
23082812,3995,3995,246
23082813,3995,3999,152
23082814,3994,3995,243
23082815,3994,3995,236
23082816,3994,3999,166
23082817,3999,3999,113
23082818,3999,3999,166
23082819,3999,3999,238
23082820,3999,3999,295
23082821,3999,3999,352
23082822,3999,3999,256
23082823,3999,3999,272
23082900,3960,3999,324
23082901,3960,3999,334
23082902,3960,3999,380
23082903,3960,3999,341
23082904,3960,3999,339
23082905,3960,3999,305
23082906,3999,3999,182
23082907,3999,3999,182
23082908,3999,3999,150
23082909,3999,3999,113
23082910,3999,3999,101
23082911,1611,3999,143
23082912,1611,3999,143
23082913,1611,1611,119
23082914,1500,1611,124
23082915,1500,1611,124
23082916,3998,3999,45
23082917,12,12,13
23082920,5555,5555,22
23082921,5555,5555,22
23082922,5555,5555,28
23082923,5555,5555,89
23083000,2500,2500,165
23083001,2475,2500,221
23083002,2475,2500,80
23083003,2475,2500,91
23083004,2475,2500,89
23083005,2475,2475,167
23083006,2475,2475,229
23083007,2475,2475,198
23083008,2475,2475,201
23083009,2475,2475,202
23083010,2475,2475,186
23083011,2475,2475,186
23083012,2474,2475,317
23083013,2475,2475,267
23083014,2475,2475,224
23083015,2475,2475,206
23083016,2450,2475,240
23083017,5535,5535,17
23083018,5012,5012,99
23083019,4512,4512,418
23083020,4512,4512,317
23083021,4467,4512,279
23083023,4512,4512,293
23083100,4512,4512,249
23083101,3000,4512,189
23083102,3000,4512,214
23083103,2999,4512,163
23083104,2999,4512,156
23083105,2999,4512,194
23083106,2999,4512,240
23083107,2999,4512,180
23083108,2999,4512,180
23083109,3000,4512,151
23083110,3000,4512,181
23083111,3000,4512,180
23083112,3000,4512,192
23083113,3000,4512,187
23083114,3000,4512,187
23083115,2500,3000,261
23083116,2500,3000,312
23083117,2500,3000,312
23083118,2499,3000,234
23083119,1499,3000,286
23083120,1499,3000,302
23083121,2500,3000,314
23083122,2500,3000,244
23083123,3012,5012,110
23090100,3012,3012,232
23090101,3012,3012,296
23090102,3012,3012,252
23090103,3012,3012,270
23090104,3012,3012,255
23090105,3012,3012,420
23090106,3012,3012,420
23090107,3012,3012,349
23090108,3012,3012,403
23090109,3012,3012,324
23090110,3012,3012,308
23090111,3012,3012,342
23090112,3012,3012,197
23090113,3012,3012,275
23090114,3012,3012,320
23090115,3012,3012,324
23090116,3012,3012,413
23090117,3012,3012,413
23090118,3012,3012,409
23090119,2500,3012,428
23090120,3012,3012,348
23090121,3012,3012,297
23090122,3000,3012,316
23090123,2500,3012,333
23090200,3012,3012,220
23090201,2712,3012,229
23090202,2712,3012,170
23090203,2712,3012,164
23090204,2712,3012,294
23090205,2712,3012,298
23090206,2712,3012,298
23090207,2712,3012,381
23090208,2500,3012,394
23090209,2709,2712,481
23090210,2709,2712,481
23090211,2711,3012,422
23090212,2200,2712,455
23090213,2200,2712,468
23090214,2200,2712,545
23090215,2090,2455,588
23090216,1872,2200,605
23090217,1728,2200,716
23090218,1872,2200,534
23090219,2090,2200,512
23090220,1264,2200,561
23090221,1264,2200,760
23090222,1264,2200,567
23090223,2090,2200,536
23090300,2090,2200,767
23090301,2090,2200,767
23090302,2090,2200,589
23090303,2090,2200,530
23090304,2090,2200,590
23090305,2090,2200,578
23090306,2090,2200,511
23090307,2090,2200,496
23090308,2090,2200,496
23090309,2090,2200,462
23090310,2000,2200,437
23090311,1990,2200,494
23090312,1750,2200,497
23090313,1750,2200,497
23090314,2000,2200,338
23090315,1898,2200,453
23090316,1709,2200,496
23090317,1798,2200,314
23090318,1899,2200,314
23090319,1899,2200,357
23090320,2000,2200,285
23090321,2200,2712,172
23090322,2000,2712,238
23090323,2000,2200,344
23090400,2000,2712,239
23090401,2711,2711,277
23090402,2711,2711,284
23090403,2511,2711,1131
23090404,1011,2711,1128
23090405,1011,2711,1095
23090406,2511,2511,1246
23090407,2511,2511,1246
23090408,2511,2711,1094
23090409,2511,2711,1097
23090410,2511,2511,1122
23090411,2511,2511,1124
23090412,2511,18000,525
23090413,2511,18000,492
23090414,2511,18000,519
23090415,2500,18000,589
23090416,2500,18000,627
23090417,2500,18000,671
23090418,2500,2711,870
23090419,2500,2711,721
23090420,2500,18000,688
23090421,2475,2711,729
23090422,2475,2711,732
23090423,2474,2711,842
23090500,2475,2711,735
23090501,2475,2711,753
23090502,2475,2711,772
23090503,2475,2711,798
23090504,2475,2711,767
23090505,2075,2711,821
23090506,2075,2711,821
23090507,2475,2711,771
23090508,1967,2711,801
23090509,1967,2711,801
23090510,2475,2511,1382
23090511,2475,2511,1382
23090512,2475,2511,1382
23090513,2475,2511,1377
23090514,2475,2511,1351
23090515,2475,2511,1311
23090516,2426,2511,1347
23090517,2426,2511,1537
23090518,2426,2511,1560
23090519,2426,2511,1552
23090520,2400,2511,1399
23090521,2376,2511,1355
23090522,2299,2511,1536
23090523,2399,2511,1461
23090600,2399,2511,1365
23090601,2099,2511,1284
23090602,2099,2500,863
23090603,2099,2500,426
23090604,2099,2500,433
23090605,2099,2500,398
23090606,2000,2500,440
23090607,2399,2500,358
23090608,2395,2500,359
23090609,2395,2500,361
23090610,2399,2500,338
23090611,2400,2500,358
23090612,2400,2500,359
23090613,2400,2500,394
23090614,2400,2426,505
23090615,2399,2426,465
23090616,2351,2400,455
23090617,2352,2400,395
23090618,2400,2426,172
23090619,2400,2426,154
23090620,2400,2400,160
23090621,2000,2400,224
23090622,2400,2400,127
23090623,2300,2400,210
23090700,2300,2400,202
23090701,2300,2300,354
23090702,2300,2300,360
23090703,2299,2300,377
23090704,1879,2300,449
23090705,1879,2300,548
23090706,1879,2300,508
23090707,1879,2300,506
23090708,1879,2300,521
23090709,1879,2300,568
23090710,1879,2300,572
23090711,1500,2300,666
23090712,1879,2300,648
23090713,1879,2299,653
23090714,1579,2299,707
23090715,1879,2299,688
23090716,1679,1879,701
23090717,1679,1879,741
23090718,1679,1879,742
23090719,1679,1879,764
23090720,1679,1879,762
23090721,1679,1879,734
23090722,1600,1879,831
23090723,1600,1879,839
23090800,1599,1879,827
23090801,1599,1879,827
23090802,1599,1879,856
23090803,1599,1879,841
23090804,999,1879,853
23090805,999,1879,848
23090806,980,1879,808
23090807,1679,1879,654
23090808,1000,1879,829
23090809,1000,1879,835
23090810,1000,1879,831
23090811,950,1879,885
23090812,900,1879,946
23090813,950,1879,920
23090814,1000,1879,786
23090815,1000,1879,811
23090816,1679,1879,602
23090817,1000,1879,628
23090818,1000,1879,604
23090819,1679,1879,562
23090820,1678,1879,699
23090821,1678,1879,571
23090822,1879,1879,459
23090823,1799,1879,431
23090902,2200,2200,241
23090914,2199,2199,172
23090915,2199,2199,244
23090916,2099,2199,360
23090917,1599,2199,378
23090918,2199,2199,281
23090919,2199,2199,179
23090920,2198,2199,193
23090921,2199,2199,163
23090922,2199,2199,153
23090923,12,12,4
23091000,12,12,57
23091001,4444,10000,43
23091002,4443,4443,129
23091003,3733,4443,144
23091004,3733,4443,147
23091005,3733,4443,135
23091006,3547,4443,162
23091007,3733,3733,179
23091008,3111,4443,103
23091009,4443,4443,96
23091010,4443,10000,48
23091011,10000,10000,32
23091012,8000,9900,59
23091013,9300,9900,109
23091014,9298,9299,265
23091015,9206,9299,343
23091016,9205,9298,454
23091017,9206,9298,409
23091018,9200,9298,443
23091019,9206,9298,420
23091020,6006,9298,478
23091021,9206,9299,386
23091022,9205,9206,609
23091023,9000,9205,851
23091100,8999,9206,744
23091101,8820,9206,618
23091102,8999,9206,521
23091103,9000,9206,506
23091104,9000,9206,520
23091105,9000,9206,514
23091106,4901,9206,548
23091107,4901,9206,543
23091108,4901,9206,563
23091109,4901,9206,564
23091110,9205,9298,453
23091111,9205,9298,458
23091112,9205,9206,471
23091113,9205,9206,425
23091114,9205,9206,468
23091115,9205,9205,554
23091116,9205,9205,529
23091117,4834,9205,592
23091118,4834,9205,487
23091119,4786,9205,586
23091120,2586,9205,580
23091121,2495,9205,547
23091122,2586,9205,510
23091123,2586,9205,636
23091200,2586,9205,676
23091201,2566,2586,841
23091202,2566,2586,923
23091203,2566,2586,910
23091204,2566,2586,882
23091205,2566,2586,891
23091206,2566,2586,815
23091207,2567,2586,680
23091208,2567,2586,780
23091209,2567,2586,783
23091210,2567,2586,783
23091211,2567,9205,891
23091212,2586,9205,853
23091213,2586,9205,775
23091214,2585,4786,778
23091215,2585,2586,740
23091216,2575,2585,1415
23091217,2575,2575,1811
23091218,2250,2585,1271
23091219,2179,2575,1364
23091220,1900,2575,1342
23091221,1279,2585,1283
23091222,2179,2575,1491
23091223,1200,2575,1544
23091300,1200,2575,1413
23091301,1200,2575,1671
23091302,1200,2550,1660
23091303,1200,2575,1555
23091304,1500,2575,1506
23091305,1500,2575,1540
23091306,1500,2575,1547
23091307,1485,2575,1560
23091308,1500,2575,1559
23091309,1500,2550,1601
23091310,1500,2550,1595
23091311,1500,2550,1576
23091312,1500,2550,1696
23091313,1500,2550,1660
23091314,990,2550,1505
23091315,1500,2550,1352
23091316,1500,2550,1293
23091317,1399,2250,1316
23091318,2179,2550,1073
23091319,2179,2575,901
23091320,1200,2250,1081
23091321,1619,2179,1160
23091322,1619,2179,1076
23091323,1619,2575,829
23091400,1619,2575,812
23091401,1635,2575,738
23091402,1035,2575,731
23091403,2179,2179,979
23091404,2179,2179,978
23091405,2179,2179,1002
23091406,2179,2179,1002
23091407,2179,2179,998
23091408,2179,2179,1016
23091409,2105,2550,871
23091410,2179,2575,855
23091411,2179,2575,789
23091412,2179,2575,812
23091413,2179,2550,749
23091414,2099,2179,764
23091415,2000,2179,765
23091416,1999,2179,658
23091417,1996,2099,706
23091418,1996,2099,577
23091419,1925,2099,392
23091420,1997,2099,238
23091421,1997,1999,375
23091422,1997,1997,948
23091423,1997,1997,985
23091500,1997,1997,708
23091501,1900,2099,767
23091502,1997,2099,785
23091503,1997,2099,742
23091504,1997,7076,696
23091505,1997,2099,743
23091506,1997,2099,743
23091507,1997,7076,718
23091508,1997,8356,692
23091509,1997,2099,728
23091510,1997,2099,823
23091511,1997,2099,806
23091513,1997,2099,802
23091514,1997,2099,792
23091515,1097,2000,928
23091516,997,1998,986
23091517,1997,2099,886
23091518,1997,2099,904
23091519,1997,2099,929
23091520,1997,2099,822
23091521,1997,18000,677
23091522,1800,2099,779
23091523,1799,2099,860
23091600,1799,2099,891
23091601,1799,2099,803
23091602,1800,2099,776
23091603,1800,2099,922
23091604,1800,2099,865
23091605,1800,2099,773
23091606,1800,2099,848
23091607,1800,2099,818
23091608,1800,2099,822
23091609,1800,2099,784
23091610,1800,2099,783
23091611,1800,7417,703
23091612,1800,2099,891
23091613,1599,2099,862
23091614,1800,2099,888
23091615,1800,1997,873
23091616,1400,1997,956
23091617,1485,1997,940
23091618,1485,1800,1222
23091619,1800,18000,657
23091620,1700,18000,670
23091621,1800,18000,554
23091622,1799,1997,880
23091623,1599,1997,898
23091700,1799,7635,724
23091701,1800,1997,257
23091702,1799,1997,284
23091703,1799,1800,289
23091704,1798,1800,314
23091705,1800,1997,167
23091706,1800,1997,145
23091707,1997,1997,132
23091708,1997,18000,438
23091709,1997,18000,398
23091710,1900,18000,429
23091711,1800,18000,636
23091712,1800,18000,625
23091713,1800,18000,632
23091714,1500,7635,705
23091715,1500,2040,765
23091716,1500,7635,699
23091717,1000,18000,521
23091718,1978,18000,471
23091719,2040,18000,367
23091720,18000,18000,351
23091721,18000,18000,347
23091722,18000,18000,263
23091723,18000,18000,295
23091800,6000,18000,155
23091801,3333,18000,198
23091802,5555,18000,161
23091803,18000,18000,137
23091804,18000,18000,182
23091805,18000,18000,182
23091806,18000,18000,200
23091807,18000,18000,203
23091808,18000,18000,203
23091809,18000,18000,202
23091810,4598,18000,247
23091811,4598,18000,260
23091812,4598,18000,238
23091813,4598,18000,206
23091814,4598,18000,229
23091815,4000,5358,333
23091816,4000,4598,420
23091817,4000,4000,680
23091818,3999,4000,649
23091819,3999,4598,402
23091820,4000,4598,366
23091821,4598,18000,170
23091822,4598,18000,177
23091823,4098,4598,393
23091900,4598,4598,336
23091901,4598,18000,172
23091902,4598,18000,171
23091903,4598,18000,141
23091904,4598,18000,81
23091905,4598,18000,81
23091906,4598,12267,104
23091907,4500,15734,103
23091908,4598,4598,113
23091909,4598,4598,150
23091910,4598,4598,150
23091911,4598,4598,396
23091912,4598,4598,357
23091913,2088,4598,377
23091914,4598,4598,350
23091915,4553,4598,347
23091916,4598,18000,120
23091917,4598,18000,84
23091918,4598,18000,105
23091919,18000,18000,146
23091920,18000,18000,142
23091921,18000,18000,154
23091922,18000,18000,115
23091923,6176,18000,147
23092000,17500,18000,123
23092001,13500,17500,273
23092002,13500,17500,256
23092003,7800,13500,368
23092004,7800,13500,433
23092005,7800,13500,438
23092006,7800,13500,392
23092007,7800,13500,395
23092008,7800,13500,352
23092009,7799,13500,364
23092010,4598,13500,449
23092011,5000,17500,330
23092012,5000,13500,334
23092013,5000,17500,310
23092014,13500,17500,282
23092015,13500,17500,239
23092016,13500,17500,320
23092017,13365,13500,348
23092018,13365,13500,431
23092019,4935,13365,389
23092020,4000,13365,397
23092021,4400,13365,378
23092022,4400,13365,415
23092023,4400,13365,470
23092100,4400,13365,437
23092101,4400,13365,486
23092102,4400,13365,400
23092103,4400,13365,405
23092104,4400,13365,376
23092105,4400,13000,359
23092106,4300,13365,350
23092107,4300,13365,355
23092108,4300,13000,363
23092109,4130,13000,417
23092110,4130,4400,471
23092111,4129,4400,570
23092112,4129,4400,530
23092113,4129,4400,542
23092114,4130,4400,480
23092115,4130,4400,496
23092116,4130,4400,500
23092117,4130,4400,421
23092118,4127,4400,541
23092119,4130,4400,379
23092120,4400,13000,280
23092121,13365,13365,302
23092122,4000,13365,352
23092123,3599,13365,407
23092200,3599,4000,260
23092201,3599,4000,288
23092202,3500,4000,333
23092203,3599,4000,243
23092204,3599,4000,202
23092205,4000,13365,178
23092206,4000,4000,217
23092207,4000,4000,189
23092208,1500,4000,223
23092209,3000,4000,203
23092210,4000,4000,194
23092211,4000,4000,196
23092212,4000,4000,166
23092213,4000,4000,169
23092214,3950,4000,288
23092215,3950,4000,330
23092216,3950,4000,376
23092217,4000,4000,278
23092218,4000,4000,286
23092219,4000,4000,445
23092220,2560,4000,492
23092221,2560,4000,485
23092222,2559,4000,465
23092223,4000,4000,264
23092300,4000,4000,217
23092301,4000,4000,216
23092302,4000,4000,164
23092303,4000,4000,149
23092304,4000,4000,102
23092305,4000,4000,53
23092306,4000,4000,202
23092307,3949,4000,235
23092308,3949,4000,250
23092309,3949,4000,245
23092310,3949,4000,247
23092311,4000,4000,169
23092312,4000,4000,195
23092313,4000,4000,100
23092314,3960,4000,220
23092315,3366,3960,265
23092316,3366,3960,221
23092317,3960,4000,116
23092318,3960,4000,116
23092319,3950,3960,151
23092320,3960,4000,116
23092321,3960,3960,147
23092322,3960,3960,175
23092323,3960,3960,88
23092400,4000,4000,13
23092401,9780,9780,34
23092402,9780,9780,37
23092403,9780,9780,60
23092404,9780,9780,78
23092405,9780,9780,151
23092406,2600,9780,152
23092407,2600,9780,117
23092408,512,512,22
23092409,12,12,2
23092410,4679,4679,34
23092411,4679,4679,26
23092413,1900,1900,42
23092414,1900,1900,205
23092415,1900,1900,173
23092416,1900,1900,102
23092417,1899,1899,179
23092418,1899,1899,206
23092419,1899,1899,211
23092420,1899,1899,197
23092421,1777,1899,221
23092422,1900,1900,40
23092423,5000,5000,7
23092500,5000,5000,24
23092501,5000,5000,103
23092502,2512,2512,53
23092503,10012,10012,10
23092504,10012,10012,10
23092506,10011,10011,21
23092507,10012,10012,17
23092508,10012,10012,2
23092509,10012,10012,3
23092510,10012,10012,2
23092511,9967,9998,23
23092512,9967,9967,235
23092513,9967,9967,328
23092514,9967,9967,302
23092515,9967,9967,329
23092516,9967,9967,276
23092517,9967,9967,310
23092518,5067,9967,319
23092519,9967,9967,325
23092520,9900,9967,431
23092521,9500,9967,489
23092522,9499,9967,518
23092523,7599,9967,520
23092600,7599,9967,544
23092601,7599,9967,593
23092602,7599,9967,655
23092603,7599,9967,693
23092604,7599,9967,710
23092605,7549,9967,711
23092606,7549,9967,711
23092607,7549,9967,729
23092608,7599,9900,666
23092609,7599,9900,666
23092610,7599,9900,666
23092611,7524,9900,766
23092612,7524,9499,866
23092613,7523,9499,854
23092614,7523,7599,887
23092615,7500,7599,992
23092616,7400,7599,1047
23092617,7400,7599,1043
23092618,7500,9499,785
23092619,7500,7599,865
23092620,7499,7599,902
23092621,7499,7599,926
23092622,7499,7599,975
23092623,7499,7599,993
23092700,7499,7599,989
23092701,7499,7599,1088
23092702,7490,7599,1399
23092703,7490,7599,1367
23092704,7490,7599,1355
23092705,7490,7599,1320
23092706,7490,7599,1339
23092707,6452,7599,1366
23092708,6300,7599,1335
23092709,6300,7599,1355
23092710,6300,7599,1355
23092711,4499,7599,1564
23092712,6000,7523,1326
23092713,7500,7599,1201
23092714,7500,7500,1243
23092715,7350,7500,1270
23092716,7350,7500,1322
23092717,7500,7500,1247
23092718,7400,7500,1404
23092719,7400,7500,1325
23092720,7300,7500,1169
23092721,7000,7599,931
23092722,4900,7599,993
23092723,4900,7599,886
23092800,4500,7523,984
23092801,4500,7523,873
23092802,4900,7523,840
23092803,4900,7500,797
23092804,4900,7599,726
23092805,4900,7523,758
23092806,4900,7523,742
23092807,4900,7523,742
23092808,4900,7599,707
23092809,4900,7523,729
23092810,4899,7500,754
23092811,3599,7500,747
23092812,4900,7523,702
23092813,4899,7500,724
23092814,4000,7500,676
23092815,3466,18000,561
23092816,3466,18000,584
23092817,3500,18000,511
23092818,2800,7500,756
23092819,2799,18000,638
23092820,2800,18000,645
23092821,2800,18000,531
23092822,2599,18000,505
23092823,4000,18000,398
23092900,7000,18000,374
23092901,6900,18000,433
23092902,6900,6900,240
23092903,6900,6900,349
23092904,6831,6900,353
23092905,6900,6900,315
23092906,6900,9800,623
23092907,6900,9800,631
23092908,6900,9800,586
23092909,6900,9800,595
23092910,6900,9800,578
23092911,6900,9800,576
23092912,6900,9800,599
23092913,6900,9800,606
23092914,6900,9800,566
23092915,6900,9800,577
23092916,5000,6900,857
23092917,3800,6900,945
23092918,3997,7000,751
23092919,3997,7000,776
23092920,5000,7500,668
23092921,5000,9800,567
23092922,5000,9800,569
23092923,4400,7500,647
23093000,4400,7500,639
23093001,5000,9800,586
23093002,4999,9800,594
23093003,5000,9800,543
23093004,5000,9800,543
23093005,5000,9800,526
23093006,5000,9800,565
23093007,5000,9800,530
23093008,5000,9800,543
23093009,5000,9800,539
23093010,5000,9800,506
23093011,6900,9800,471
23093012,5000,9800,497
23093013,5000,9800,547
23093014,5000,9800,529
23093015,5000,9800,531
23093016,3500,9800,535
23093017,2000,9800,593
23093018,3500,9800,620
23093019,3500,7000,738
23093020,3497,7500,675
23093021,3500,7500,663
23093022,3500,7500,658
23093023,3000,9800,604
23100100,3500,9800,581
23100101,3499,9800,550
23100102,4406,9800,539
23100103,4406,9800,547
23100104,4406,9800,535
23100105,4406,4406,192
23100106,4406,4406,130
23100107,3000,4406,138
23100108,4406,19800,389
23100109,4406,19800,418
23100110,4406,19800,404
23100111,4306,19800,438
23100112,4306,19800,505
23100113,4306,19800,539
23100114,4306,19800,417
23100115,4285,19800,452
23100116,4406,19800,479
23100117,4405,19800,506
23100118,3103,19800,511
23100119,4406,19800,487
23100120,4406,19800,559
23100121,4800,19800,400
23100122,19800,19800,318
23100123,19500,19800,293
23100200,99900,99900,20
23100201,99900,99900,20
23100202,19800,19800,45
23100203,19800,99900,25
23100204,19800,99900,25
23100205,19800,99900,25
23100206,19800,99900,25
23100207,19800,99900,25
23100208,99900,99900,20
23100209,19800,99900,23
23100210,99900,99900,20
23100211,19800,99900,30
23100212,19800,99900,21
23100213,18500,18500,104
23100214,18500,18500,128
23100215,18500,18500,48
23100216,13000,18500,34
23100217,13000,13000,56
23100218,13000,13000,19
23100219,18500,18500,100
23100220,2500,18500,157
23100221,3800,18500,175
23100222,10000,18500,107
23100223,10000,18500,138
23100300,10000,10000,172
23100301,5000,10000,153
23100302,5000,10000,161
23100303,5000,10000,141
23100304,5000,18500,103
23100305,5000,10000,139
23100306,5000,10000,127
23100307,5000,10000,129
23100308,4900,10000,202
23100309,4900,10000,202
23100310,5000,18500,322
23100311,10000,18500,268
23100312,10000,18500,299
23100313,18500,18500,3
23100314,18500,18500,9
23100315,12000,12000,25
23100316,12000,12000,15
23100317,12000,12000,1
23100318,10000,12000,460
23100319,10000,12000,517
23100320,12000,12000,415
23100321,12000,12000,432
23100322,10000,10000,64
23100323,10000,10000,65
23100400,8000,12000,486
23100401,8000,12000,543
23100402,8000,12000,822
23100403,8000,12000,801
23100404,8000,12000,800
23100405,8000,12000,745
23100406,8000,12000,745
23100407,8000,12000,749
23100408,8000,12000,751
23100409,8000,12000,591
23100410,8000,12000,581
23100411,8000,12000,567
23100412,8000,8000,99
23100413,8000,8000,126
23100414,7000,8000,130
23100415,7000,7500,146
23100416,6650,7000,197
23100417,6650,7000,197
23100418,7000,7000,180
23100419,7000,8000,126
23100420,7800,7800,155
23100421,7800,7800,173
23100422,7800,7800,210
23100423,5000,7800,230
23100500,5000,7800,262
23100501,5000,7800,218
23100502,5000,7800,209
23100503,5000,7800,205
23100504,4999,7800,234
23100505,4999,7800,234
23100506,7800,7800,197
23100507,7800,7800,197
23100508,5000,5000,257
23100509,5000,5000,276
23100510,4000,5000,275
23100511,5000,5000,267
23100512,5000,5000,297
23100513,5000,5000,280
23100514,5000,5000,240
23100515,5000,5000,260
23100516,4500,5000,365
23100517,5000,5000,310
23100518,4500,5000,325
23100519,4500,5000,325
23100520,5000,5000,282
23100521,5000,5000,245
23100522,5000,5000,245
23100523,4550,5000,354
23100600,4550,5000,354
23100601,4500,4550,502
23100602,4500,4550,502
23100603,4500,4550,469
23100604,4500,4550,471
23100605,4500,4550,492
23100606,4500,4550,514
23100607,4500,4550,549
23100608,4500,4500,400
23100609,4500,4500,402
23100610,4500,4550,320
23100611,4500,4550,188
23100612,4000,4550,220
23100613,4000,4550,172
23100614,4000,4550,167
23100615,4550,4550,175
23100616,4005,4750,139
23100617,4005,4550,162
23100618,4005,4550,162
23100619,4005,4750,150
23100620,4005,4750,138
23100621,4004,4004,125
23100622,4004,4004,125
23100623,9504,9504,208
23100700,9504,9504,214
23100701,6744,9504,417
23100702,2244,9504,437
23100703,6744,9504,439
23100704,6744,6744,676
23100705,6744,6744,1074
23100706,6743,6744,1091
23100707,6743,9504,518
23100708,6743,9504,530
23100709,6743,9504,548
23100710,6743,9504,600
23100711,6743,9504,556
23100712,5041,9504,596
23100713,5041,6743,880
23100714,5041,6744,689
23100715,5041,6744,693
23100716,5040,9504,602
23100717,5040,9504,602
23100718,5041,9504,577
23100720,5040,9504,591
23100721,5040,9504,597
23100722,5000,7393,608
23100723,5040,9504,583
23100800,5000,6744,705
23100801,4771,6744,667
23100802,4208,6743,750
23100803,4208,7068,866
23100804,4208,7068,866
23100805,4675,6744,930
23100806,4675,6744,930
23100807,4675,6744,924
23100808,4675,6744,957
23100809,4675,9504,815
23100810,4675,6744,992
23100811,4675,9504,766
23100812,5041,9504,704
23100813,5041,9504,669
23100814,5041,9504,623
23100815,5043,9504,635
23100816,5043,9504,635
23100818,5043,9504,638
23100819,5043,9504,638
23100820,5042,9504,642
23100821,4933,6744,852
23100822,4933,6744,852
23100823,4933,6744,553
23100900,4933,6744,499
23100901,4933,6744,499
23100902,4533,6743,614
23100903,4533,5033,551
23100904,4533,6743,511
23100905,4533,5043,506
23100906,4533,4933,572
23100907,4533,4933,575
23100908,4533,4933,589
23100909,4533,4933,589
23100910,4533,4933,525
23100911,4533,4933,583
23100912,4533,4933,528
23100913,4533,4933,476
23100914,4532,4933,502
23100915,4532,4532,907
23100916,4532,4532,907
23100917,4532,4532,898
23100918,4532,4933,754
23100919,4500,4933,702
23100920,4532,4933,550
23100921,4510,4933,540
23100922,4500,4933,560
23100923,4500,4933,623
23101000,4000,4933,634
23101001,3787,4532,726
23101002,3788,4533,689
23101003,3675,4500,583
23101004,3675,4500,620
23101005,3675,4500,622
23101006,3675,4500,589
23101007,3675,4500,589
23101008,3770,4500,522
23101009,3770,4500,522
23101010,3770,4500,1007
23101011,2052,4500,1023
23101012,2052,4500,1035
23101013,1811,4500,1059
23101014,1811,4000,1106
23101015,1811,4000,1152
23101016,1802,4000,1078
23101017,3770,4482,1170
23101018,3770,4482,1222
23101019,3770,4482,1222
23101020,3770,4482,1297
23101021,3760,4482,1263
23101022,3760,4482,1263
23101023,3723,3788,1401
23101100,3720,3770,1418
23101101,3000,3770,1340
23101102,3000,3770,1352
23101103,3000,3770,1526
23101104,3000,3770,1530
23101105,3000,3770,1525
23101106,3000,3770,1582
23101107,3600,4482,1370
23101108,3600,4482,1362
23101109,3760,4482,1176
23101110,3760,4482,1283
23101111,3760,4482,1111
23101112,3000,4482,1309
23101113,2400,4482,1294
23101114,3000,4000,1364
23101115,2500,3770,1286
23101116,2500,3770,1287
23101117,2500,3770,998
23101118,2500,3770,1303
23101119,2500,3770,1267
23101120,2200,3770,1362
23101121,2500,3770,1301
23101122,2490,3770,1376
23101123,1992,3760,1704
23101200,1992,3760,1687
23101201,1992,3760,1655
23101202,1992,3770,1583
23101203,1992,3770,1568
23101204,1992,3770,1568
23101205,1992,3770,1579
23101206,1992,3770,1579
23101207,1992,3770,1553
23101208,1992,3770,1528
23101209,1992,3760,1482
23101210,1992,3760,1457
23101211,2490,3760,1453
23101212,2490,3770,1431
23101213,2490,3770,1339
23101214,2490,3770,1417
23101215,2000,3760,1665
23101216,2490,3760,1605
23101217,2488,3760,1477
23101218,1866,3760,1196
23101219,1800,3760,1294
23101220,1800,3760,1372
23101221,1700,3688,1396
23101222,2488,3760,1235
23101223,1400,3524,1204
23101300,1400,3524,1202
23101301,2490,3524,1173
23101302,2490,3524,1174
23101303,2290,3524,999
23101304,2290,3524,954
23101305,2490,3524,918
23101306,2490,3524,918
23101307,2490,3524,902
23101308,2490,3524,939
23101309,2490,3524,926
23101310,2490,3524,853
23101311,2000,3524,1098
23101312,2000,3436,1014
23101313,2000,3480,1000
23101314,2000,3524,975
23101315,2000,3524,978
23101316,2020,3524,832
23101317,2490,3524,936
23101318,2490,3524,955
23101319,2441,3436,1054
23101320,1949,2500,886
23101321,2488,2500,897
23101322,1590,2490,866
23101323,1250,2490,664
23101400,1590,3046,1037
23101401,1590,3046,1057
23101402,2490,3046,998
23101403,2490,3046,959
23101404,2490,3046,965
23101405,2490,3046,945
23101406,2490,3046,949
23101407,2490,3046,971
23101408,2490,3046,962
23101409,2490,3046,1036
23101410,2490,3046,1076
23101411,2490,3046,1114
23101412,2490,3046,1151
23101413,2488,3046,1281
23101414,2488,3046,1305
23101415,2488,2490,1338
23101416,2488,2490,1355
23101417,2388,2490,1434
23101418,2488,2490,1491
23101419,2488,2490,1521
23101420,2488,2490,1473
23101421,2400,2490,1380
23101422,2400,2490,1558
23101423,2376,2490,1540
23101500,2376,2490,1087
23101501,2400,2490,1059
23101502,2396,2490,963
23101503,2400,2490,917
23101504,2488,2490,886
23101505,2488,2490,853
23101506,2488,2490,870
23101507,2488,2490,861
23101508,2488,2705,1241
23101509,2490,2705,728
23101510,2490,2705,669
23101511,2489,2705,595
23101512,2488,2705,659
23101513,2488,2705,649
23101514,2488,2705,653
23101515,2705,2705,651
23101516,2705,2705,621
23101517,3534,3534,41
23101518,2678,2705,87
23101519,2705,2705,84
23101520,2651,2705,132
23101521,2651,2705,114
23101522,2651,2705,88
23101523,2705,3534,46
23101602,5196,5196,2
23101603,5196,5196,27
23101605,2500,2500,10
23101606,2494,2500,72
23101607,2494,2500,73
23101609,2500,2500,36
23101610,2500,2500,134
23101611,2500,2500,155
23101612,2500,2500,157
23101613,2500,2500,181
23101614,2500,2500,205
23101615,2500,2500,236
23101616,2500,2500,334
23101617,2500,2500,377
23101618,1300,2500,346
23101619,2500,2500,336
23101620,2500,2500,306
23101621,2375,2500,228
23101622,2375,2500,307
23101623,2375,2375,257
23101700,2375,2500,176
23101701,2375,2500,145
23101702,2185,2500,185
23101703,2185,2500,185
23101704,2300,2500,180
23101705,2300,2500,227
23101706,2300,2500,193
23101707,2250,2500,173
23101708,2250,2500,173
23101709,2250,2500,173
23101710,2250,2500,173
23101711,2228,2375,411
23101712,2228,2375,371
23101713,2250,2375,445
23101714,1950,2375,457
23101715,1950,2375,381
23101716,2250,2375,387
23101717,2100,2375,420
23101718,1800,2375,433
23101719,2200,2450,317
23101720,1400,2375,365
23101721,2200,2500,274
23101722,2250,2450,345
23101723,2138,2250,517
23101800,2138,2250,611
23101801,2138,2250,581
23101802,2138,2250,555
23101803,2138,2250,589
23101804,2138,2450,730
23101805,2138,2250,806
23101806,2138,2375,755
23101807,2138,2450,703
23101808,2138,2250,801
23101809,2050,2500,568
23101810,2250,2500,446
23101811,2250,2375,558
23101812,2150,2250,1073
23101813,1350,2250,1078
23101814,2250,2250,1049
23101815,2250,2250,1022
23101817,2000,2250,649
23101818,1000,2250,609
23101819,2228,2250,565
23101820,2228,2250,577
23101821,2228,2250,525
23101822,2228,2250,578
23101823,2228,2250,551
23101900,2025,2250,527
23101901,2025,2250,580
23101902,2025,2250,616
23101903,2025,2250,640
23101904,2025,2250,635
23101905,2025,2250,593
23101906,2025,2250,593
23101907,2025,2250,600
23101908,2025,2250,572
23101909,2025,2250,558
23101910,2025,2250,561
23101911,2025,2250,604
23101912,1750,2450,425
23101913,1700,2250,474
23101914,1700,2250,446
23101915,1700,2250,499
23101916,1650,2250,407
23101917,2250,2250,387
23101918,18700,18700,411
23101919,18700,18700,499
23101920,18513,18700,398
23101921,12406,18700,494
23101922,12406,18700,627
23101923,5779,18700,627
23102000,2580,18700,621
23102001,2500,18700,608
23102002,2500,18700,618
23102003,2500,18700,625
23102004,6000,18700,596
23102005,12282,18700,579
23102006,12282,18513,738
23102007,12282,18513,708
23102008,12279,12406,735
23102009,12279,12406,732
23102010,12279,12406,782
23102011,12200,12406,771
23102012,12200,12406,825
23102013,12200,12406,820
23102014,10079,12406,812
23102015,10000,12406,757
23102016,9500,12406,818
23102017,9500,12406,828
23102018,8000,12282,860
23102019,8000,12282,986
23102020,8000,8000,1550
23102021,8000,8000,1598
23102022,8000,12282,1138
23102023,2663,12282,1201
23102100,7900,12282,1175
23102101,7900,12282,1151
23102102,7900,12282,1178
23102103,7110,12282,1176
23102104,7600,12279,1232
23102105,7600,12279,1226
23102106,7600,12279,1249
23102107,7600,12282,1196
23102108,7600,12279,1218
23102109,1000,12279,1221
23102110,7600,12282,1193
23102111,7400,10000,1303
23102112,7500,12279,1273
23102113,7500,10000,1346
23102114,7600,12282,1181
23102115,7600,12282,1143
23102116,7600,12282,1180
23102117,7600,12282,1196
23102118,7600,8000,943
23102119,7600,8000,925
23102120,7600,8000,1136
23102121,7590,7600,2166
23102122,7590,7600,1915
23102123,7590,7600,1972
23102200,7590,7600,1512
23102201,7590,7600,1633
23102202,7590,7600,1624
23102203,7590,7600,1511
23102204,7590,7600,1762
23102205,7590,7600,1741
23102206,7590,7600,1558
23102207,7590,7600,1264
23102208,7590,7600,1234
23102209,7590,7600,737
23102210,7590,7600,766
23102211,7587,7600,748
23102212,7590,7600,797
23102213,7590,7590,1153
23102214,7590,7590,1248
23102215,7590,7590,1388
23102216,7590,7590,1375
23102217,7590,7590,1317
23102218,5000,7590,1870
23102219,5000,7590,1627
23102220,5000,7590,1219
23102221,5000,7590,1234
23102222,5000,7590,1218
23102223,5000,7590,1117
23102300,4950,7590,1089
23102301,5000,7590,772
23102302,4749,7590,756
23102303,4702,7590,670
23102304,4750,7590,571
23102305,5000,7590,605
23102306,5000,7590,653
23102307,5000,7590,653
23102308,5000,5000,1183
23102309,4900,5000,1209
23102310,4900,5000,1213
23102311,4800,5000,1310
23102312,4800,5000,1350
23102313,4800,5000,1369
23102314,4800,5000,1451
23102315,4300,5000,1482
23102316,4300,5000,1495
23102317,4200,5000,1427
23102318,4200,5000,1748
23102319,4200,5000,1760
23102320,4200,4800,1395
23102321,4200,4800,1429
23102322,3990,4800,1343
23102323,3990,4200,1801
23102400,3910,4200,1756
23102401,3910,4200,1750
23102402,3910,4200,1750
23102403,3519,4200,1718
23102404,3519,4200,2196
23102405,3519,4200,2196
23102406,3519,4200,2178
23102407,3519,4200,2131
23102408,3519,4200,2073
23102409,3519,4200,2073
23102410,3519,4200,2073
23102411,3519,4200,2073
23102412,3519,4200,2073
23102413,3519,4200,2073
23102414,3518,4200,2153
23102415,3483,3990,2253
23102416,3483,4200,1856
23102417,3518,4200,1698
23102418,1518,3990,2165
23102419,1518,3990,2161
23102420,3518,3990,1992
23102421,3501,3990,2137
23102422,3501,3990,2307
23102423,3501,3519,2075
23102500,3501,3519,2115
23102501,3501,3519,2029
23102502,3501,3990,1855
23102503,3431,3990,2042
23102504,3431,3990,2066
23102505,3431,3990,2107
23102506,3431,3990,1694
23102507,3430,3990,1759
23102508,3430,4200,1590
23102509,3400,4200,1495
23102510,3300,3990,1592
23102511,3383,3990,1634
23102512,3183,3990,1788
23102513,2083,3990,1758
23102514,1771,3990,1765
23102515,1000,3990,1727
23102516,2000,3990,1711
23102517,1990,3501,1930
23102518,1690,3501,1833
23102519,1690,3501,1906
23102520,1690,3518,1426
23102521,1990,3518,1211
23102522,1898,2083,1941
23102523,1898,1990,1932
23102600,1898,1990,1985
23102601,1898,1990,1991
23102602,1898,1990,2025
23102603,1898,1990,1943
23102604,1897,1990,1940
23102605,1897,1990,2016
23102606,1897,1990,1985
23102607,1097,1990,2199
23102608,1097,1990,2418
23102609,1990,2083,1357
23102610,3183,3501,588
23102611,3300,3518,517
23102612,3200,3300,927
23102613,3200,3400,851
23102614,1100,3501,662
23102615,989,3406,784
23102616,3100,3100,1955
23102617,2850,3100,1917
23102618,3100,3100,1763
23102619,3000,3400,758
23102620,3000,3200,827
23102621,3000,3200,937
23102622,2500,3000,1320
23102623,2500,3000,1344
23102700,2899,3000,1394
23102701,2875,3000,1455
23102702,2875,3000,1475
23102703,2875,3000,1308
23102704,2875,3000,1276
23102705,2875,3000,1265
23102706,3000,3000,1228
23102707,3000,3000,941
23102708,3000,3000,949
23102709,2999,3100,748
23102710,2998,3100,847
23102711,2998,2998,1957
23102712,2500,2998,2006
23102713,2500,2998,2012
23102714,2500,2998,2001
23102715,2500,2998,2032
23102716,2352,2998,2019
23102717,2500,2998,1968
23102718,2500,2998,1894
23102719,2500,2998,1843
23102720,2500,2998,1882
23102721,2000,2998,1880
23102722,1800,2998,1933
23102723,1710,2995,985
23102800,1800,2998,826
23102801,2000,2998,802
23102802,2000,2998,784
23102803,1940,2995,930
23102804,1940,2998,849
23102805,1940,2998,984
23102806,1830,2999,838
23102807,1921,3000,986
23102808,1921,3000,1001
23102809,1940,3000,958
23102810,1600,3000,922
23102811,1600,3000,1041
23102812,1600,2999,1008
23102813,1580,2999,920
23102814,1599,2998,912
23102815,1590,2998,1037
23102816,1599,2998,949
23102817,899,2998,1005
23102818,875,2500,1238
23102819,1598,2500,1036
23102820,1598,3000,1219
23102821,1598,2998,1339
23102822,1598,2500,1555
23102823,1519,2500,1648
23102900,1258,2995,1527
23102901,1203,2995,1513
23102902,1519,2998,1461
23102903,1598,2998,1355
23102904,1598,2998,1335
23102905,1500,2998,1327
23102906,1500,2998,1326
23102907,1500,2998,1328
23102908,1100,2998,1376
23102909,1100,2500,1375
23102910,1598,3367,965
23102911,1525,1940,1404
23102912,1525,2500,1103
23102913,1525,3367,976
23102914,1525,3367,943
23102915,1525,3367,974
23102916,1525,3367,897
23102917,1525,3088,1205
23102918,1525,3088,1128
23102919,1525,3088,1099
23102920,1525,3088,713
23102921,1598,3088,632
23102922,1598,3088,656
23102923,1598,3088,759
23103000,1598,3088,711
23103001,1598,3088,692
23103002,1349,3088,770
23103003,1498,3088,767
23103004,1400,3088,867
23103005,1498,3088,786
23103006,1498,3088,787
23103007,1498,2266,588
23103008,1600,3088,593
23103009,1600,2921,980
23103010,1100,2921,1013
23103011,1500,2921,1080
23103012,2240,2921,1099
23103013,2266,2921,1059
23103014,2266,2921,1063
23103015,2266,2921,1023
23103016,2266,2921,1104
23103017,1565,2921,794
23103018,2266,2921,555
23103019,2000,2921,633
23103020,2584,2921,583
23103021,2584,2921,583
23103022,2500,2921,627
23103023,2475,2921,705
23103100,2275,2921,736
23103101,2475,2921,730
23103102,2475,2921,695
23103103,2475,2921,739
23103104,2475,2921,697
23103105,2475,2921,699
23103106,2475,2921,682
23103107,2455,2921,701
23103108,2455,2921,689
23103109,2475,2921,605
23103110,2475,2921,605
23103111,2405,9500,311
23103112,2405,2584,459
23103113,2405,2584,488
23103114,2404,2475,616
23103115,2300,2405,983
23103116,2300,2404,1152
23103117,2300,2500,1733
23103118,1000,2584,1549
23103119,1300,2584,1578
23103120,590,2500,1689
23103121,1300,2475,1737
23103122,2300,2405,1963
23103123,2300,2405,1957
23110100,2275,2405,1957
23110101,2275,2405,1961
23110102,2145,2405,2047
23110103,2145,2405,2061
23110104,2145,2405,1877
23110105,2145,2405,1874
23110106,2145,2475,1785
23110107,2145,2475,1774
23110108,2275,2475,1736
23110109,2275,2405,1626
23110110,2275,2405,1600
23110111,2275,2300,2017
23110112,2275,2300,2256
23110113,2200,2300,2348
23110114,2200,2300,1914
23110115,2200,2404,1755
23110116,2275,2405,1718
23110117,2275,2404,1781
23110118,2275,2404,1792
23110119,2275,2300,1912
23110120,2275,2405,1729
23110121,2200,2300,1736
23110122,2274,2300,1709
23110123,1947,2300,1847
23110200,1947,2300,1887
23110201,1947,2300,1883
23110202,1947,2300,1853
23110203,1947,2300,1821
23110204,1947,2300,1851
23110205,1947,2300,1804
23110206,1947,2300,1822
23110207,1947,2300,1819
23110208,1947,2300,1821
23110209,1947,2300,1996
23110210,1946,2300,1971
23110211,1946,2300,2060
23110212,1946,2300,2150
23110213,1848,2300,1846
23110214,1947,2300,1710
23110215,1928,2300,1719
23110216,1928,2300,1513
23110217,1947,2275,884
23110218,1946,2275,953
23110219,1946,2275,880
23110220,1946,2275,789
23110221,1500,2275,958
23110222,1946,2118,782
23110223,1927,2118,882
23110300,1827,2118,930
23110301,1827,2118,925
23110302,1700,2118,969
23110304,1145,2118,1214
23110305,1145,2118,1212
23110306,1445,2118,1125
23110307,1445,2118,1125
23110308,1445,2275,1722
23110309,1445,2275,1768
23110310,1445,2275,2112
23110311,1373,2274,2133
23110312,1173,2118,2391
23110313,1149,2118,2441
23110314,1149,2118,2351
23110315,1149,2118,2284
23110316,1173,2118,2020
23110317,1173,1950,2067
23110318,1173,1947,2046
23110319,1173,1947,2197
23110320,1173,1947,2097
23110321,1100,1927,2076
23110322,900,1935,2346
23110323,900,1935,2306
23110400,900,1935,2282
23110401,900,1935,2159
23110402,800,1935,2206
23110403,800,1935,2240
23110404,752,1935,2217
23110405,800,1935,2179
23110406,800,1935,2257
23110407,800,1927,2274
23110408,800,1445,1662
23110409,800,1445,1609
23110410,800,1445,1627
23110411,800,1445,1680
23110412,1000,1445,1767
23110413,1000,1445,1757
23110414,1000,1445,1782
23110415,1000,1445,1390
23110416,1000,1445,1365
23110417,1000,1445,1370
23110418,990,1445,1494
23110419,990,1445,1473
23110420,990,1445,1371
23110421,1173,1700,1113
23110422,1173,2063,1723
23110423,1173,2063,1613
23110500,1173,2063,1640
23110501,1172,2063,1614
23110502,1172,1700,1481
23110503,1172,2063,1731
23110504,1172,2063,1719
23110505,1172,1700,1751
23110506,1172,1539,1950
23110507,1172,1539,1865
23110508,1172,1539,1845
23110509,1172,2063,1466
23110510,1172,2063,1437
23110511,1539,2063,1479
23110512,1118,2063,1522
23110513,1096,2063,1544
23110514,1096,1757,2123
23110515,1095,1757,2103
23110516,1096,1757,2014
23110517,1042,1757,2268
23110518,939,1757,1899
23110519,1299,1757,1975
23110520,1539,1757,1905
23110521,1539,1757,1936
23110522,1500,1757,1993
23110523,1500,1757,1992
23110600,1500,1757,2087
23110601,1500,1757,2061
23110602,1500,1757,2085
23110603,1500,1757,2060
23110604,800,1757,2090
23110605,1165,1757,2017
23110606,1100,1757,2038
23110607,1500,1757,1985
23110608,1100,1757,2334
23110609,1100,1757,2392
23110610,1100,1757,2088
23110611,900,1757,2232
23110612,900,1757,2341
23110613,900,1757,2264
23110614,1480,1587,2009
23110615,1480,1587,1935
23110616,1480,2063,1394
23110617,1495,2063,1393
23110618,1480,2063,1492
23110619,1380,2063,1690
23110620,1380,1587,1732
23110621,1480,1587,735
23110622,1465,1587,738
23110623,1465,1587,854
23110700,965,1587,950
23110701,915,1587,1034
23110702,912,1587,1123
23110703,912,1495,1007
23110704,915,1539,819
23110705,915,1563,814
23110706,915,1539,860
23110707,900,1500,896
23110708,915,1539,847
23110709,915,1502,887
23110710,915,1495,1242
23110711,915,1480,818
23110712,915,1480,800
23110713,915,1480,800
23110714,915,1480,800
23110715,915,1480,800
23110716,915,1480,800
23110717,915,1480,798
23110718,915,1480,794
23110719,915,1480,794
23110720,915,1480,767
23110721,816,1480,817
23110722,800,1480,760
23110723,800,1495,1312
23110800,915,1495,1363
23110801,915,1495,1350
23110802,1480,1495,1368
23110803,1480,1495,1228
23110804,1479,1495,1231
23110805,1480,1495,1166
23110806,1480,1495,1195
23110807,1480,1495,1193
23110808,1480,1495,1243
23110809,1480,1495,1243
23110810,1480,1495,1219
23110811,1479,1495,1277
23110812,1480,1495,1266
23110813,1480,1495,1259
23110814,1480,1495,1217
23110815,1480,1495,1209
23110816,836,1495,1256
23110817,1436,1495,1239
23110818,1388,1495,1770
23110819,1400,1495,1755
23110820,1400,1495,1349
23110821,1200,1495,1396
23110822,1200,1495,2000
23110902,1200,1495,1448
23110903,1200,1495,1436
23110904,1200,1495,1423
23110905,1200,1495,1394
23110906,1200,1495,1394
23110907,1200,1495,1423
23110908,1200,1495,1408
23110909,1200,1495,1408
23110910,1200,1495,2244
23110911,1200,1495,2112
23110912,1200,1495,2141
23110913,1200,1495,1827
23110914,1169,1495,1954
23110915,1169,1495,1943
23110916,1169,1495,1882
23110917,1169,1495,1955
23110918,1169,1495,1885
23110919,1000,1495,1896
23110920,1100,1495,1922
23110921,1169,1408,1849
23110922,1100,1400,1935
23110923,1090,1400,2044
23111000,1090,1400,1609
23111001,1169,1400,1722
23111002,1053,1400,1630
23111003,1053,1400,1861
23111004,1053,1400,1901
23111005,1053,1400,1904
23111006,1053,1400,1869
23111007,1053,1400,1855
23111008,953,1400,1887
23111009,953,1400,2533
23111010,953,1400,2500
23111011,953,1400,2377
23111012,953,1400,2470
23111013,953,1400,2456
23111014,953,1400,2363
23111015,1053,1400,2344
23111016,1053,1400,2304
23111017,1169,1400,2191
23111018,1169,1400,1777
23111019,1000,1400,1850
23111020,1150,1400,1798
23111021,1169,1400,1837
23111022,660,1400,1961
23111023,660,1400,2026
23111100,660,1400,2050
23111101,660,1400,1942
23111102,660,1400,1993
23111103,660,1400,2001
23111104,600,1400,1959
23111105,1169,1400,1855
23111106,1169,1400,1854
23111107,1169,1400,1804
23111108,1111,1400,1810
23111109,1111,1400,1810
23111110,1169,1400,1409
23111111,1169,1400,1411
23111112,1169,1400,1892
23111113,1169,1400,1771
23111114,1168,1400,1756
23111115,597,1400,1767
23111116,597,1400,1832
23111117,597,1400,1877
23111118,597,1400,2413
23111119,597,1400,2438
23111120,577,1400,2622
23111121,577,1261,1862
23111122,576,1261,1940
23111123,577,1261,2649
23111200,577,1261,2435
23111201,577,1261,2182
23111202,577,1261,2381
23111203,561,1261,2244
23111204,578,1261,2203
23111205,578,1261,2421
23111206,575,1261,2441
23111207,578,1261,2365
23111208,578,1261,2366
23111209,597,1261,2352
23111210,1169,1261,2150
23111211,1261,1261,2043
23111212,1261,1261,1971
23111213,1261,1261,2005
23111214,900,1261,2011
23111215,900,1261,1932
23111216,1261,1261,1961
23111217,1261,1261,1969
23111218,1261,1408,648
23111219,1351,1408,601
23111220,1080,1408,858
23111221,1080,1408,720
23111222,1261,1408,631
23111223,1261,1408,602
23111300,1261,1408,614
23111301,900,1408,653
23111302,900,1408,640
23111303,1351,1408,602
23111304,1061,1408,860
23111305,861,1408,828
23111306,1261,1408,732
23111307,1261,1408,666
23111308,1261,1408,648
23111309,1260,1408,661
23111310,1261,1408,610
23111311,1100,1408,812
23111312,1100,1261,381
23111313,1100,1408,704
23111314,1100,1408,722
23111315,500,1408,748
23111316,1261,1408,597
23111317,1350,1350,1051
23111318,1350,1350,1341
23111319,1350,1350,1302
23111320,1300,1408,744
23111321,1350,1408,653
23111322,1049,1408,631
23111323,1408,1408,429
23111400,1408,1408,429
23111401,1350,1408,455
23111402,1349,1408,609
23111403,1349,1408,662
23111404,1349,1408,553
23111405,1349,1408,420
23111406,1408,1408,273
23111407,1408,1408,274
23111408,1344,1408,309
23111409,1344,1408,309
23111410,1344,1408,309
23111411,1350,1408,527
23111412,1350,1408,527
23111413,1350,1408,527
23111414,1350,1408,535
23111415,1350,1351,551
23111416,1349,1351,567
23111417,1300,1350,625
23111418,1349,1408,379
23111419,1349,1408,325
23111420,1350,1408,334
23111421,1351,1408,295
23111422,1408,1408,234
23111423,882,1408,293
23111500,800,882,142
23111501,800,882,146
23111502,800,800,196
23111503,800,16600,305
23111504,800,16600,290
23111505,800,16600,298
23111506,16600,16600,157
23111507,1408,16600,181
23111508,1408,16600,203
23111509,1408,16600,161
23111510,16600,16600,190
23111511,16600,16600,144
23111512,5599,5599,289
23111513,5320,5599,250
23111514,5599,5599,246
23111515,5599,5599,115
23111516,5599,16600,54
23111517,1249,16600,76
23111518,5598,16600,76
23111519,5598,5598,162
23111520,4033,4033,436
23111521,4033,4033,437
23111522,4033,4033,441
23111523,4033,4033,426
23111600,4033,4033,430
23111601,4033,4033,389
23111602,3912,4033,468
23111603,3900,4013,423
23111604,3900,4013,441
23111605,3900,3912,449
23111606,3900,3912,449
23111607,3900,3912,451
23111608,3900,3912,451
23111609,3900,3900,475
23111610,3900,3912,443
23111611,3900,3900,647
23111612,3900,3900,685
23111613,3800,3900,705
23111614,3796,3900,741
23111615,3796,3900,697
23111616,3796,3900,680
23111617,3348,3900,765
23111618,3347,3900,802
23111619,2286,3900,753
23111620,2046,3900,727
23111621,3348,3900,678
23111622,3348,3900,678
23111623,2566,3900,577
23111700,3348,3800,666
23111701,3347,3800,631
23111702,3347,3800,617
23111703,3348,3800,623
23111704,3348,3900,746
23111705,3348,3800,751
23111706,3348,3800,889
23111707,3348,3800,937
23111708,3348,3800,937
23111709,3344,3800,1026
23111710,3343,3348,1206
23111711,3009,3348,1383
23111712,2909,3348,1197
23111713,2909,3348,1286
23111714,2909,3348,1267
23111715,2000,3348,1210
23111716,2000,3348,1197
23111717,2000,3348,1213
23111720,3343,3348,1078
23111721,3009,3348,1077
23111722,3009,3348,998
23111723,3000,3348,1039
23111800,2999,3348,1069
23111801,1280,3348,1209
23111802,1280,3348,1298
23111803,1980,3009,1675
23111804,1980,3009,1627
23111805,1980,3009,1673
23111806,1980,2999,1571
23111807,1980,3348,1059
23111808,1980,3348,1147
23111809,1980,3343,1109
23111810,1980,3348,1034
23111811,1765,3009,1128
23111812,1265,3009,1188
23111813,865,3009,1196
23111814,865,3009,1048
23111815,1961,3009,1127
23111816,1961,2999,1140
23111817,1961,3009,938
23111818,1961,1980,1418
23111819,1961,1980,1332
23111820,1958,1980,1364
23111821,1900,3009,979
23111822,1900,1980,1346
23111823,1788,1980,1308
23111900,1958,3009,844
23111901,1900,3009,828
23111902,1961,3000,858
23111903,1960,1961,1105
23111904,1951,1961,1080
23111905,1951,1980,637
23111906,1951,1980,617
23111907,1951,1961,693
23111908,1555,2000,722
23111909,1951,1980,644
23111910,1949,2999,507
23111911,1951,1980,646
23111912,1951,1980,662
23111913,1951,1961,775
23111914,1951,1961,798
23111915,1951,1960,862
23111916,1951,1961,792
23111917,1951,1960,843
23111918,1900,1961,817
23111919,1951,1951,1385
23111920,1951,1951,1440
23111921,1651,1951,1430
23111922,1651,1951,1463
23111923,1600,1951,1454
23112000,1600,1951,1428
23112001,1600,1951,1386
23112002,1651,1951,1265
23112003,1500,1951,1291
23112004,1500,1951,1450
23112005,1651,1951,1392
23112006,1651,1951,1371
23112007,1651,1951,1348
23112008,1950,1951,1254
23112009,1950,1951,1276
23112010,1951,1951,1190
23112011,1913,1951,1197
23112012,1913,1951,1090
23112013,1932,1951,1020
23112014,1913,1951,1076
23112015,1351,1951,1140
23112016,1351,1951,1125
23112017,1351,1951,1109
23112018,1951,1951,1091
23112019,1951,1951,1100
23112020,1551,1951,896
23112021,1551,1951,1081
23112022,1500,1951,1217
23112023,1500,1951,1224
23112100,1549,1951,1120
23112101,1549,1951,1245
23112102,1549,1951,1132
23112103,1549,1951,1150
23112104,1549,1951,871
23112105,1549,1951,908
23112106,1549,1951,926
23112107,1549,1951,967
23112108,900,1951,1054
23112109,1549,1951,1051
23112110,1549,1951,1051
23112111,1549,1951,1592
23112112,1549,1951,1600
23112113,1549,1951,1590
23112114,1500,1951,1485
23112115,1099,1951,1539
23112116,1099,1951,1682
23112117,1500,1951,1687
23112118,1500,1551,1722
23112119,1500,1551,1680
23112120,1500,1549,1393
23112121,1493,1549,1366
23112122,1500,1549,1295
23112123,1500,1549,1247
23112200,1500,1549,1119
23112201,1500,1549,1097
23112202,1500,1549,1341
23112203,1500,1551,1212
23112204,1500,1551,1235
23112205,1500,1551,1240
23112206,1500,1551,1201
23112207,1500,1551,1196
23112208,1500,1549,1010
23112209,1500,1549,974
23112210,1500,1549,986
23112211,1500,1551,947
23112212,800,1500,1315
23112213,1500,1500,1645
23112214,1500,1500,1696
23112215,1500,1500,1337
23112216,1500,1500,1380
23112217,1425,1549,1077
23112218,1425,1551,850
23112219,1500,1551,810
23112220,1275,1551,775
23112221,1200,1551,723
23112222,999,1551,755
23112223,1500,1551,688
23112300,1500,1549,559
23112301,1500,1549,576
23112302,1500,1500,720
23112303,1299,1500,755
23112304,1299,1500,761
23112305,1300,1500,653
23112306,1500,1500,636
23112307,1500,1500,685
23112308,1500,1500,689
23112309,1500,1500,470
23112310,1485,1500,513
23112311,1500,1500,537
23112312,1500,1500,588
23112313,1500,1500,665
23112314,1400,1500,745
23112315,1400,1500,613
23112316,1400,1500,487
23112317,1400,1500,363
23112318,1500,1500,611
23112319,1500,1500,670
23112320,1500,1500,690
23112321,1500,1500,733
23112322,1500,1500,729
23112323,1400,1500,771
23112400,1500,1500,629
23112401,1500,1551,610
23112402,1500,1828,560
23112403,1500,1828,530
23112404,1500,1828,521
23112405,1500,1828,551
23112406,1500,1828,544
23112407,1500,1828,550
23112408,1500,1828,594
23112409,1500,1828,549
23112410,1500,1828,536
23112411,1500,1828,542
23112412,1500,1828,523
23112413,1500,1828,605
23112414,1500,1828,644
23112415,1500,1828,581
23112416,1500,1828,537
23112417,1500,1828,603
23112418,1500,1828,400
23112419,1485,1828,447
23112420,1400,1485,842
23112421,1350,1400,931
23112422,1350,1400,968
23112423,1350,1485,873
23112500,739,1485,864
23112501,1400,1485,670
23112502,1300,1400,866
23112503,1000,1400,936
23112504,1000,1400,961
23112505,1300,1400,962
23112506,1200,1400,916
23112507,1300,1400,912
23112508,1300,1400,897
23112509,1000,1400,968
23112510,1000,1400,1053
23112511,1000,1400,1066
23112512,1000,1400,948
23112513,1200,1400,910
23112514,1200,1400,897
23112515,1200,1400,840
23112516,1300,1400,699
23112517,1400,1400,876
23112518,1400,1400,790
23112519,1400,1485,567
23112520,1399,1400,672
23112521,1300,1400,726
23112522,500,1400,1042
23112523,450,1400,1010
23112600,1300,1400,960
23112601,1245,1400,1028
23112602,1244,1485,922
23112603,1244,1400,933
23112604,1244,1400,1028
23112605,1243,1300,1591
23112606,1243,1300,1647
23112607,1243,1300,1647
23112608,1243,1300,1659
23112609,1243,1300,1606
23112610,1243,1400,1421
23112611,1243,1400,1426
23112612,1243,1400,1370
23112613,1243,1400,1329
23112614,1243,1400,1115
23112615,1243,1400,1200
23112616,1243,1400,1061
23112617,1243,1400,999
23112618,1233,1400,1023
23112619,1233,1400,1026
23112620,1243,1699,709
23112621,1181,1300,1025
23112622,1181,1243,977
23112623,1181,1243,983
23112700,1181,1243,1049
23112701,1181,1181,1470
23112702,1181,1181,1495
23112703,1181,1181,1559
23112704,1181,1181,1508
23112705,1181,1181,1466
23112706,1181,1181,1447
23112707,1243,1300,570
23112708,1243,1300,524
23112709,1243,1300,501
23112710,1243,1300,469
23112711,1243,1300,436
23112712,1243,1244,674
23112713,1243,1243,737
23112714,1243,1244,586
23112715,1143,1244,661
23112716,1142,1243,745
23112717,1142,1244,636
23112718,1142,1300,868
23112719,1243,1547,1167
23112720,1000,1300,1302
23112721,1200,1547,1145
23112722,1200,1547,1233
23112723,750,1244,1335
23112800,1200,1547,1176
23112801,1199,1547,1187
23112802,1199,1547,1180
23112803,1200,1547,1016
23112804,1243,1547,779
23112805,1243,1547,817
23112806,1100,1547,833
23112807,999,1547,918
23112808,999,1547,918
23112809,999,1547,933
23112810,999,1547,933
23112811,777,1243,1208
23112812,900,1243,1205
23112813,900,1243,1226
23112814,899,1243,1236
23112815,899,1243,1231
23112816,899,1243,1249
23112817,450,1243,1233
23112818,899,1243,1065
23112819,1099,1243,1197
23112820,1090,1428,1471
23112821,1089,1428,1357
23112822,1099,1428,1251
23112823,1428,1547,795
23112900,1428,1547,878
23112901,1330,1547,837
23112902,1428,1547,821
23112903,1427,1547,827
23112904,1427,1547,905
23112905,1427,1547,836
23112907,1428,1547,720
23112908,1428,1547,646
23112909,1428,1547,652
23112910,1532,1547,630
23112911,1400,1547,637
23112912,1547,16000,418
23112913,1547,5319,592
23112914,1547,16000,507
23112915,1547,16000,477
23112916,1546,16000,474
23112917,1546,16000,486
23112918,1547,16000,495
23112919,1547,5307,286
23112920,5307,16000,300
23112921,16000,16000,263
23112922,15500,15500,530
23112923,9647,15500,366
23113000,9647,15500,454
23113001,1073,15500,256
23113002,500,1073,342
23113003,8989,8989,393
23113004,8989,8989,379
23113005,6757,8989,384
23113006,6757,15000,300
23113007,6755,6757,510
23113008,6755,6757,459
23113009,6755,6757,501
23113010,6755,6757,528
23113011,2588,6757,577
23113012,2588,6757,564
23113013,2588,6755,717
23113014,2588,6755,720
23113015,2588,6755,652
23113016,2588,6757,500
23113017,2588,6757,523
23113018,2500,6757,554
23113019,2588,6757,457
23113020,2588,6757,392
23113021,2588,6757,358
23113022,2588,6757,371
23113023,2588,6688,316
23120100,2562,2588,388
23120101,2562,2588,365
23120102,1562,6757,415
23120103,1562,6757,414
23120104,1562,6757,398
23120105,2562,6755,468
23120106,2562,6688,455
23120107,2562,6688,445
23120108,2562,6757,372
23120109,2562,6757,375
23120110,2562,6755,414
23120111,2562,6757,375
23120112,1062,5321,501
23120113,1062,5538,658
23120114,2562,5538,641
23120115,2562,5538,655
23120116,2562,5321,758
23120117,2562,2588,817
23120118,2562,5321,755
23120119,2062,2588,830
23120120,2062,2562,841
23120121,2562,5321,734
23120122,2561,5321,759
23120123,2561,2588,762
23120200,2561,2562,821
23120201,2561,2562,823
23120202,2560,2562,829
23120203,2500,2562,910
23120204,2375,2562,974
23120205,2375,2562,960
23120206,2500,2562,787
23120207,2500,2562,906
23120208,2500,2562,780
23120209,2000,2562,907
23120210,2000,2562,818
23120211,2000,2562,916
23120212,2000,2562,719
23120213,2000,2000,731
23120214,2000,2000,700
23120215,2000,2500,553
23120216,1800,2000,637
23120217,2000,2500,546
23120218,1980,2000,661
23120219,1800,2000,657
23120220,1800,2000,662
23120221,1800,2000,624
23120222,2000,2562,412
23120223,2000,2562,335
23120300,2000,2562,386
23120301,2000,2500,443
23120302,1289,2500,492
23120303,1280,2500,487
23120304,1280,2500,530
23120305,1280,2500,485
23120306,1280,2500,486
23120307,1289,2500,490
23120308,2000,2500,436
23120309,2000,2562,416
23120310,1999,2000,459
23120311,2000,2562,352
23120312,2000,5178,257
23120313,1940,5178,288
23120314,1940,2000,435
23120315,1940,2000,471
23120316,1939,2000,356
23120317,1940,5178,271
23120318,1940,5178,312
23120319,1240,2000,385
23120320,1240,2000,423
23120321,1940,2000,474
23120322,1940,2000,405
23120323,1940,2000,369
23120400,1940,5660,246
23120401,2000,6136,243
23120402,2000,14000,219
23120403,2000,14000,200
23120404,2000,14000,200
23120405,2000,14000,200
23120406,5178,14000,160
23120407,5177,5178,253
23120408,5122,14000,238
23120409,3700,3707,516
23120410,3700,3700,497
23120411,3700,3700,493
23120516,2965,2976,1540
23120517,2965,2966,1810
23120518,2900,2976,1658
23120519,2900,2966,1744
23120520,2900,2966,1730
23120521,2755,2966,1740
23120522,2673,2966,1726
23120523,2200,2966,1731
23120600,2200,2966,1837
23120601,2090,2966,1847
23120602,2090,2965,1946
23120603,2090,2965,1932
23120604,2090,2966,1728
23120605,2090,2965,1806
23120606,2090,2965,1806
23120607,2090,2965,1784
23120608,2090,2966,1714
23120609,2088,2965,1729
23120610,2090,2965,1590
23120611,2090,2965,1537
23120612,2090,2965,1491
23120613,2060,2965,1610
23120614,2035,2965,1630
23120615,2035,2965,1848
23120616,2035,2965,1662
23120617,2035,2965,1596
23120618,2035,2965,1423
23120619,1735,2900,1458
23120620,1735,2900,1282
23120621,1735,2900,1221
23120622,2035,2965,1084
23120623,2033,2965,1103
23120700,2032,2965,1104
23120701,2032,2965,1049
23120702,2032,2965,989
23120703,2000,2965,944
23120704,2000,2965,960
23120705,2000,2965,935
23120706,2000,2965,936
23120707,2033,2965,866
23120708,2033,2965,867
23120709,2033,2965,898
23120710,2032,2932,948
23120711,2032,2200,1110
23120712,2032,2200,1103
23120713,2032,2090,1074
23120714,2032,2065,1112
23120715,2032,2035,1154
23120716,2032,2033,1163
23120717,2025,2032,1030
23120718,2032,2032,995
23120719,2032,2033,1108
23120720,1999,2032,1150
23120721,1745,2032,1191
23120722,1745,2032,1179
23120723,1000,2032,1015
23120800,2032,2032,967
23120801,2031,2032,948
23120802,1990,2032,948
23120803,1990,2032,941
23120804,1971,2032,970
23120805,1873,2032,1000
23120806,1873,2032,1030
23120807,1873,2032,1084
23120808,1873,2032,1105
23120809,1873,2032,1298
23120810,1873,2032,1313
23120811,1873,2032,1385
23120812,1866,2032,1326
23120813,1873,2032,1105
23120814,1865,2032,1109
23120815,1800,2032,1102
23120816,1800,2032,1229
23120817,1700,2000,1373
23120818,1700,2000,1375
23120819,1489,1873,1412
23120820,1690,1873,1255
23120821,1690,1873,1269
23120822,1690,1873,1342
23120823,1690,1873,1400
23120900,1690,1873,1379
23120901,1690,1873,1334
23120902,1690,1990,1120
23120903,1700,2000,1084
23120904,1700,2032,1015
23120905,1700,2032,968
23120906,1700,2032,950
23120907,1500,2032,933
23120908,1500,1980,984
23120909,1500,2000,877
23120910,1500,1971,872
23120911,1475,1800,983
23120912,1250,1800,1019
23120913,1475,1873,1222
23120914,1475,1873,1065
23120915,1475,1800,1238
23120916,1431,1700,1269
23120917,1431,1700,1104
23120918,1000,1700,1112
23120919,1431,1700,1060
23120920,1431,1700,1157
23120921,1431,1500,1287
23120922,1431,1700,1232
23120923,1431,1700,1090
23121000,1431,1700,1001
23121001,1431,1700,1089
23121002,1431,1700,1035
23121003,1430,1700,958
23121004,1430,1700,951
23121005,1430,1500,678
23121006,1430,1500,678
23121007,1430,1500,668
23121008,1431,1500,622
23121009,1431,1500,542
23121010,1431,1475,828
23121011,1431,1475,813
23121012,529,1475,627
23121013,1429,1475,544
23121014,1431,1475,500
23121015,1431,1475,603
23121016,1400,1475,616
23121017,1399,1475,692
23121018,1395,1431,815
23121019,1300,1431,835
23121020,1287,1431,880
23121021,1287,1431,982
23121022,1395,1475,765
23121023,1399,1475,670
23121100,1399,1475,772
23121101,1100,1431,1029
23121102,1399,1475,748
23121103,1399,1475,717
23121104,1431,1475,643
23121105,1431,1475,643
23121106,1431,1475,643
23121107,1431,1475,498
23121108,1431,1475,507
23121109,1431,1475,543
23121110,1431,1431,592
23121111,1400,1431,528
23121112,1400,1431,525
23121113,1400,1431,636
23121114,1400,1431,656
23121115,1400,1431,438
23121116,1000,1431,376
23121117,800,1431,420
23121118,800,1431,412
23121119,1300,1431,421
23121120,1400,1431,319
23121121,1255,1431,421
23121122,1193,1431,471
23121123,1155,1431,522
23121200,1155,1431,514
23121201,1155,1400,627
23121202,1155,1299,652
23121203,1154,1299,669
23121204,1154,1255,710
23121205,1155,1400,622
23121206,1144,1400,600
23121207,973,1299,657
23121208,1144,1400,599
23121209,1100,1400,616
23121210,1100,1400,616
23121211,1100,1400,840
23121212,1155,1400,734
23121213,1255,1431,617
23121214,1299,1431,429
23121215,1298,1400,441
23121216,1290,1299,674
23121217,1290,1299,707
23121218,968,1299,745
23121219,1290,1298,668
23121220,1290,1298,678
23121221,1290,1299,622
23121222,1289,1298,688
23121223,1200,1298,738
23121300,1140,1298,846
23121301,1140,1298,670
23121302,1140,1298,675
23121303,1119,1298,706
23121304,1129,1298,661
23121305,1029,1298,718
23121306,1019,1298,783
23121307,1019,1298,750
23121308,1019,1298,760
23121309,1019,1298,741
23121310,520,1298,773
23121311,1019,1298,722
23121312,1019,1298,738
23121313,1019,1298,690
23121314,1019,1298,738
23121315,1019,1298,632
23121316,1019,1298,519
23121317,1019,1298,564
23121318,1019,1298,587
23121319,700,1290,640
23121320,1290,1290,680
23121321,1290,1290,792
23121322,1226,1290,768
23121323,1290,1298,295
23121400,1290,1298,287
23121401,1290,1299,262
23121402,1290,1299,270
23121403,1200,1298,300
23121404,1200,1298,318
23121405,1298,1939,239
23121406,1298,1939,123
23121407,1298,1939,106
23121408,1298,1299,129
23121409,1298,1299,134
23121410,1298,1299,146
23121411,1298,1939,98
23121412,1939,1939,60
23121413,2264,5999,522
23121414,5999,5999,503
23121415,5999,5999,535
23121416,5999,5999,561
23121417,5000,5999,639
23121418,5000,5999,688
23121419,5000,5999,810
23121420,5000,5999,898
23121421,5000,5999,890
23121422,5000,5999,758
23121423,4800,5999,723
23121500,4800,5999,756
23121501,4800,5000,302
23121502,4800,5000,395
23121503,4790,4800,612
23121504,4790,4800,638
23121505,4790,4800,636
23121506,4790,4800,544
23121507,4790,4800,582
23121508,4790,4800,588
23121509,4790,4800,590
23121510,4790,4800,727
23121511,1790,4800,797
23121512,1773,4790,821
23121513,1790,4790,824
23121514,1790,4790,865
23121515,4790,4790,988
23121516,4090,4790,994
23121517,4090,4790,730
23121518,4090,4790,756
23121519,3990,4790,787
23121520,3989,4790,892
23121521,3790,4790,895
23121522,3500,4790,929
23121523,3790,4790,870
23121600,2890,4790,1048
23121601,2890,4790,1041
23121602,2500,4790,1017
23121603,2500,4790,1003
23121604,999,4090,986
23121605,2500,4790,741
23121606,3790,4790,795
23121607,3790,4790,737
23121608,3790,4790,632
23121609,2789,4790,712
23121610,2789,4790,775
23121611,1727,4790,737
23121612,4090,4790,683
23121613,4090,4790,666
23121614,4090,4790,465
23121615,4090,4790,447
23121616,4090,4790,393
23121617,3889,4790,421
23121618,2000,4790,378
23121619,1500,4090,526
23121620,1330,4090,450
23121621,2000,4790,318
23121622,1500,4790,324
23121623,1400,4090,446
23121700,1400,4009,482
23121701,1400,2000,550
23121702,3889,3889,601
23121703,3889,3889,632
23121704,3889,3889,640
23121705,3889,3889,694
23121706,3889,3889,675
23121707,3889,3889,678
23121708,3889,3889,679
23121709,3889,3889,572
23121710,3800,3889,611
23121711,3800,3800,744
23121712,3799,3800,771
23121713,3500,3800,562
23121714,1000,3800,567
23121715,3499,3800,726
23121716,3499,3500,862
23121717,3400,3500,853
23121718,2200,3499,984
23121719,2200,3499,1052
23121720,2200,3499,895
23121721,2200,3499,931
23121722,2200,3499,940
23121723,2200,3499,798
23121800,2200,3499,845
23121801,2200,3499,934
23121802,2200,3499,1027
23121803,2200,3499,784
23121804,2000,3499,875
23121805,1999,3499,844
23121806,1999,3499,775
23121807,1999,3499,775
23121808,599,3499,667
23121809,2200,3499,572
23121810,2200,3499,572
23121811,1500,3499,573
23121812,2000,3499,619
23121813,2000,2200,684
23121814,2000,2200,622
23121815,2000,2200,647
23121816,1999,2200,781
23121817,1975,2200,829
23121818,1975,2000,903
23121819,1700,2000,940
23121820,1700,2000,1006
23121821,1973,2000,967
23121822,1900,2000,1057
23121823,1100,2000,1025
23121900,1100,1999,1238
23121901,1100,1999,1179
23121902,1000,1999,1185
23121903,1100,1999,1016
23121904,1900,1999,1189
23121905,1900,2000,915
23121906,1900,2000,968
23121907,1900,2000,945
23121908,1900,2000,919
23121909,1899,1999,1014
23121910,1899,1999,1014
23121911,1899,2000,1186
23121912,1975,2000,1061
23121913,1975,2000,1027
23121914,1900,2000,1005
23121915,1900,1999,1083
23121916,1899,1975,1301
23121917,1898,1975,1316
23121918,1898,1900,1225
23121919,1500,1900,1213
23121920,1485,1900,1318
23121921,1485,1900,1468
23121922,1485,1900,1436
23121923,1411,1900,1436
23122000,1485,1900,1325
23122001,1485,1900,1306
23122002,1485,1900,1273
23122003,1898,1900,1119
23122004,1898,1975,1247
23122005,1898,1975,1249
23122006,1898,1900,1274
23122007,1800,1900,1320
23122008,1898,1975,1255
23122009,1898,1975,1247
23122010,1899,1975,1217
23122012,1000,1900,1146
23122013,1900,1900,977
23122014,1805,1900,1017
23122015,1505,1900,1025
23122016,1505,1900,974
23122017,1503,1900,674
23122018,1505,1900,587
23122019,1205,1900,678
23122020,1305,1900,597
23122021,1805,1975,519
23122022,1000,1900,574
23122023,1900,2136,472
23122100,1000,1900,678
23122101,1000,1900,628
23122102,1900,2334,428
23122103,1900,2334,414
23122104,1900,2334,419
23122105,1900,2334,422
23122106,1900,2334,438
23122107,1900,2334,426
23122108,1899,2334,436
23122109,1900,2334,411
23122110,1900,2136,486
23122111,1900,2334,433
23122112,1799,1999,684
23122113,1799,1999,785
23122114,1799,1999,771
23122115,1700,1999,598
23122116,1700,1999,681
23122117,1700,1999,651
23122118,1699,1999,752
23122119,1000,1999,767
23122120,1000,1999,796
23122121,1000,1900,946
23122122,1000,1900,935
23122123,999,1900,863
23122200,1221,1700,684
23122201,1221,1700,622
23122202,5487,5487,5
23122203,4244,4244,411
23122204,9974,9974,30
23122205,9476,9974,57
23122206,8989,8989,138
23122207,7489,8989,140
23122208,8989,8989,126
23122209,8988,8988,351
23122210,8988,8988,432
23122211,8988,8988,423
23122212,8988,8988,313
23122213,8900,8988,422
23122214,7375,8988,469
23122215,7360,8988,494
23122216,4784,8988,606
23122217,7360,8988,581
23122218,7360,8988,535
23122219,7360,8988,586
23122220,7360,8988,636
23122221,2400,7360,607
23122222,5888,8900,447
23122223,5888,7360,600
23122300,5888,7360,687
23122301,5888,7360,544
23122302,4444,7360,457
23122303,4444,7360,434
23122304,5555,7360,436
23122305,5555,7360,425
23122306,5555,7360,431
23122307,5555,7360,436
23122308,5555,7360,474
23122309,5888,7360,403
23122310,5888,7360,391
23122311,5834,7360,477
23122312,3585,5888,653
23122313,3585,5888,593
23122314,2500,5888,589
23122315,2125,5885,664
23122316,1913,3585,784
23122317,1913,5834,720
23122318,1875,5834,689
23122319,1913,5885,559
23122320,1912,5834,595
23122321,2125,5885,470
23122322,2125,5834,489
23122323,2100,3585,550
23122400,2100,3585,558
23122401,1600,3585,550
23122402,1600,3585,530
23122403,3585,3585,690
23122404,3585,3585,700
23122405,3584,3585,689
23122406,3084,3585,786
23122407,3584,3585,791
23122408,3550,3585,833
23122409,3550,3569,977
23122410,3550,3569,1038
23122411,1550,3550,981
23122412,3550,3550,1012
23122413,3500,3550,1012
23122414,3500,3550,1092
23122415,3500,3550,786
23122416,3499,3584,715
23122417,3499,3569,742
23122418,3395,3569,755
23122419,3550,3585,593
23122420,3550,3585,421
23122421,3585,3585,284
23122422,3585,3585,497
23122423,3585,3585,422
23122500,3585,3585,426
23122501,3000,3585,229
23122502,2550,3585,252
23122503,3585,5361,189
23122504,3514,5361,193
23122505,3585,3585,285
23122506,3585,3585,220
23122507,3585,3585,204
23122508,3585,3585,262
23122509,3585,3585,338
23122510,3585,3585,327
23122511,2740,3585,427
23122512,2740,3585,732
23122513,2740,3585,683
23122514,2740,3585,507
23122515,2540,3585,375
23122516,2713,3585,388
23122517,2578,3585,427
23122518,2000,3585,437
23122519,2740,3585,358
23122520,2740,3585,320
23122521,2640,3585,457
23122522,2640,3585,409
23122523,2740,3585,189
23122600,2740,3585,198
23122601,2740,3585,158
23122603,3585,3585,109
23122604,3585,3585,63
23122605,8888,8888,256
23122606,8888,8888,256
23122607,8888,8888,439
23122608,8888,8888,439
23122609,8888,8888,423
23122610,8888,8888,423
23122611,4500,8888,540
23122612,4500,7890,864
23122613,4500,7890,837
23122614,999,4500,977
23122615,998,7890,856
23122616,998,7890,936
23122617,979,5531,1000
23122618,4455,4500,1138
23122619,4455,4500,1116
23122620,2800,7890,802
23122621,4000,7890,833
23122622,4000,7890,867
23122623,4000,7890,837
23122700,4455,7890,773
23122701,4450,4500,843
23122702,4450,4500,863
23122703,4450,4500,863
23122704,4440,4500,923
23122705,4450,4500,944
23122706,4450,4500,837
23122707,4450,4455,664
23122708,4450,4455,646
23122709,4450,4500,452
23122710,4450,4500,452
23122711,4450,4500,613
23122712,3550,4455,558
23122713,4450,4500,490
23122714,4450,4455,523
23122715,4450,4455,523
23122716,4400,4455,627
23122717,4400,4450,623
23122718,4400,4450,579
23122719,4400,4450,613
23122720,3900,4450,771
23122721,3500,4400,830
23122722,3490,4400,999
23122723,3900,4400,847
23122800,4000,4450,740
23122801,4000,4400,836
23122802,4000,4000,1257
23122803,4000,4300,1220
23122804,4000,4000,1195
23122805,4000,4000,1340
23122806,3995,4000,1348
23122807,3995,4000,1389
23122808,3995,4000,1381
23122809,2095,4000,1425
23122810,2095,4000,1470
23122811,3990,4000,1566
23122812,3990,4000,1445
23122813,3990,4000,1346
23122814,3990,4000,1473
23122815,3990,4000,1547
23122816,3990,4000,1564
23122817,3990,4000,1543
23122818,3990,4000,1663
23122819,3980,4000,1671
23122820,3980,4000,1591
23122821,3980,4000,1605
23122822,3980,4000,1607
23122823,3980,4000,1818
23122900,3980,4000,1804
23122901,2499,4000,1716
23122902,2729,3990,1740
23122903,2729,3990,1975
23122904,2729,3990,2010
23122905,2729,3990,1662
23122906,2675,3990,1665
23122907,2729,3990,1492
23122908,2527,3990,1453
23122909,2527,3990,1124
23122910,2527,3990,1129
23122911,2527,3990,1126
23122912,2500,3990,1201
23122913,2500,3990,1216
23122914,2527,3990,1172
23122915,2729,3990,1029
23122916,2729,3990,994
23122917,2725,3990,999
23122918,2500,3990,994
23122919,2729,3990,869
23122920,3980,3990,740
23122921,3081,3980,868
23122922,3080,3980,1083
23122923,3080,3980,896
23123000,3080,3980,923
23123001,2499,3980,956
23123002,2499,3980,862
23123003,2099,3980,876
23123004,2098,3980,888
23123005,2099,3980,856
23123006,2499,3980,801
23123007,1555,3980,909
23123008,2499,3980,801
23123009,2470,3980,955
23123010,2475,3980,950
23123011,2475,3980,1037
23123012,2475,3980,1178
23123013,2475,3980,1177
23123014,2475,3980,1123
23123015,1875,3980,1046
23123016,1875,3980,1018
23123017,1875,3980,1021
23123018,2475,3980,938
23123019,2475,3980,985
23123020,2400,3980,962
23123021,2400,3980,1000
23123022,2364,3980,1012
23123023,2364,3081,888
23123100,2364,3080,911
23123101,2364,3080,944
23123102,2364,3080,870
23123103,2364,3081,809
23123104,2364,3980,761
23123105,2375,3980,710
23123106,2375,3980,774
23123107,2300,3081,808
23123108,2375,3081,801
23123109,2375,3080,856
23123110,2375,2499,1026
23123111,2375,2475,1040
23123112,2375,2475,925
23123113,1800,2475,1061
23123114,1875,2475,960
23123115,2375,2475,934
23123116,2375,2475,887
23123117,2138,2475,992
23123118,2138,2475,1032
23123119,2375,2499,941
23123120,2375,3080,862
23123121,2375,4888,553
23123122,2300,4888,592
23123123,2300,2475,739
24010100,2300,2475,732
24010101,2300,2475,674
24010102,2300,4888,515
24010103,2300,4888,506
24010104,2300,4888,516
24010105,2299,4888,508
24010106,2299,4888,525
24010107,2070,4742,646
24010108,2069,2475,666
24010109,2070,2375,440
24010110,2070,4742,640
24010111,2070,4742,637
24010112,2055,2375,833
24010113,1700,2375,877
24010114,2055,2300,978
24010115,2055,2375,880
24010116,2055,2475,765
24010117,2055,2300,803
24010118,2055,2070,843
24010119,2055,2070,720
24010120,2054,2070,817
24010121,2055,2070,913
24010122,2055,2055,1042
24010123,2055,2055,1072
24010200,2055,2055,1074
24010201,2055,2055,1015
24010202,2055,2055,1019
24010203,2055,2062,996
24010204,2055,2055,1058
24010205,2055,2070,1203
24010206,2055,2070,1186
24010207,1855,2070,1324
24010208,2054,2328,1255
24010209,2054,2328,1259
24010210,2054,2328,1259
24010211,2054,2070,1470
24010212,2054,2179,1311
24010213,2054,2300,1303
24010214,2055,2328,1264
24010215,2055,2300,1292
24010216,2055,2883,1181
24010217,2040,2883,1183
24010218,2055,2883,1098
24010219,1932,2883,1139
24010220,1200,2070,1314
24010221,1499,2070,1509
24010222,1498,2070,1501
24010223,1498,2070,1546
24010300,1499,2070,1496
24010301,1498,2070,1501
24010302,2055,2070,1548
24010303,1551,2055,1382
24010304,1551,2055,1418
24010305,1951,2055,1056
24010306,1951,2055,1420
24010307,1951,2055,1340
24010308,1951,2055,1347
24010309,1951,2055,1345
24010310,1913,2055,1366
24010311,1722,2055,1445
24010312,1722,2049,1469
24010313,1722,2049,1453
24010314,1722,2049,1536
24010315,1222,2049,1544
24010316,1722,2055,1426
24010317,1722,2055,1327
24010318,1600,2049,1463
24010319,1600,2049,1522
24010320,1600,2049,1539
24010321,1600,2049,1395
24010322,1951,2049,1508
24010323,1500,2049,1532
24010400,1951,2049,1495
24010401,1951,2049,1629
24010402,1951,2049,1219
24010403,1951,2049,1250
24010404,1951,1951,1419
24010405,1951,1951,1424
24010406,1951,1951,1029
24010407,1951,1951,881
24010408,1951,1951,603
24010409,1951,1951,660
24010410,1951,1951,755
24010411,1900,1951,826
24010412,1900,1951,841
24010413,1951,1951,788
24010414,1951,1951,1017
24010415,1951,1951,1033
24010416,1951,1951,890
24010417,1950,1951,823
24010418,1950,1951,995
24010419,753,1950,1392
24010420,1791,1950,1425
24010421,1700,1950,1927
24010422,1666,1950,1968
24010423,1700,1912,2126
24010500,1000,1950,2090
24010501,1700,1950,2039
24010502,1791,1950,1547
24010503,1700,1950,1766
24010504,1700,1950,1625
24010505,1700,1950,1456
24010506,1700,1950,1632
24010507,1700,1950,1680
24010508,1700,1950,1651
24010509,1700,1950,1989
24010510,1583,1950,2035
24010511,1700,1950,1874
24010512,1700,1950,1834
24010513,1700,1950,1580
24010514,1700,1950,1603
24010515,1700,1950,1607
24010516,1700,1950,1563
24010517,1100,1950,1601
24010518,1700,1950,1490
24010519,1791,1951,1188
24010520,1791,1950,1479
24010521,1700,1950,1446
24010522,1600,1950,1267
24010523,1791,1950,1247
24010600,1791,1950,1151
24010601,1791,1950,946
24010602,1791,1950,1004
24010603,1791,1950,1034
24010604,1791,1950,682
24010605,1791,1950,701
24010606,1791,1950,671
24010607,1791,1950,646
24010608,1756,1950,618
24010609,1900,1950,733
24010610,1900,1950,719
24010611,1950,1950,921
24010612,1925,1950,881
24010613,1550,2276,689
24010614,1950,2276,755
24010615,1950,1950,874
24010616,1950,2276,754
24010617,1950,2276,736
24010618,1950,2276,526
24010619,1950,2276,487
24010620,1950,2276,510
24010621,1950,2276,480
24010622,1950,2276,513
24010623,1850,2276,670
24010700,1850,2276,705
24010701,1000,2276,697
24010702,1850,2276,609
24010703,1850,2276,575
24010704,1849,2276,609
24010705,1850,2276,682
24010706,1850,2276,712
24010707,1840,2276,709
24010708,1800,2276,755
24010709,1800,1911,914
24010710,1782,1850,861
24010711,1800,1850,388
24010712,1850,1850,340
24010713,1850,1911,286
24010714,1911,2315,225
24010715,1911,1950,244
24010716,1911,5544,167
24010717,1950,5544,124
24010718,2265,5544,171
24010719,2265,2550,214
24010720,2265,2265,332
24010721,2220,2265,391
24010722,2220,2265,421
24010723,2220,2265,427
24010800,2220,2265,510
24010801,2200,2265,492
24010802,2200,2265,445
24010803,2200,2220,806
24010804,2200,2220,746
24010805,2200,2220,722
24010806,1900,2265,606
24010807,1900,2163,1014
24010808,2155,2200,844
24010809,2155,2200,849
24010810,2162,2220,899
24010811,2162,2220,836
24010812,2163,2265,530
24010813,2163,2265,614
24010814,2163,2265,632
24010815,2150,2265,626
24010816,2150,2265,639
24010817,2150,2265,670
24010818,1650,2265,674
24010819,1650,2265,536
24010820,1650,2220,491
24010821,1650,2220,461
24010822,1050,2220,547
24010823,1650,2220,437
24010900,1636,2200,672
24010901,1636,2163,695
24010902,1636,2200,561
24010903,1636,2220,501
24010904,2150,2200,574
24010905,2150,2163,603
24010906,2150,2163,609
24010907,2150,2150,914
24010908,2150,2150,926
24010909,2150,2150,898
24010910,2150,2150,898
24010911,2149,2150,945
24010912,2100,2150,908
24010913,1020,2150,846
24010914,1020,2150,876
24010915,1720,2150,1060
24010916,1100,2150,1193
24010917,1000,2150,1387
24010918,500,2149,1288
24010919,1587,1720,1466
24010920,1485,1720,1687
24010921,1485,1720,1290
24010922,1485,1720,1321
24010923,1485,1720,1228
24011000,1484,1720,1259
24011001,1450,1720,1426
24011002,1572,2149,1520
24011003,1500,2149,1636
24011004,1450,2149,1655
24011005,1450,2149,1696
24011006,1450,1720,1790
24011007,1000,1720,1787
24011008,1450,1984,1849
24011009,1450,1984,1718
24011010,1572,2149,1518
24011011,1587,2149,1369
24011012,1587,2149,1412
24011013,1372,2149,1392
24011014,1372,1984,1721
24011015,1372,1984,1487
24011016,1345,1984,1701
24011017,1144,1720,1684
24011018,1372,2149,1287
24011019,872,1720,1874
24011020,1353,1720,1835
24011021,1350,1507,2292
24011022,1353,1720,1872
24011023,853,1587,2178
24011100,1353,1720,2002
24011101,1353,1720,2035
24011102,1153,1720,1870
24011103,1353,1720,1901
24011104,1300,1720,1845
24011105,1300,1720,1897
24011106,1353,1720,1687
24011107,1352,1720,1731
24011108,1353,1720,1410
24011109,1353,1720,1413
24011110,1353,1587,1486
24011111,1353,1720,1368
24011112,1286,1720,1417
24011113,1353,1720,1238
24011114,1253,1720,1213
24011115,1300,2149,1128
24011116,1353,2589,964
24011117,1331,2589,824
24011118,1225,1372,1678
24011119,1304,1304,2010
24011120,1174,1304,2000
24011121,1174,1304,1804
24011122,900,1304,2000
24011123,1000,1304,1920
24011200,1174,1304,1829
24011201,1170,1304,1987
24011202,1170,1304,2018
24011203,1170,1304,2053
24011204,1170,1304,2058
24011205,1170,1304,2055
24011206,1170,1304,2071
24011207,600,1372,2317
24011208,480,1372,2393
24011209,1304,1372,2433
24011210,1304,1372,2433
24011211,1304,1372,2449
24011212,1300,1372,2509
24011213,1299,1304,2551
24011214,1299,1304,2593
24011215,1287,1304,2569
24011216,1287,1304,2920
24011217,1261,1304,2959
24011218,1182,1304,2828
24011219,1000,1304,2443
24011220,1261,1304,2335
24011221,1200,1304,2423
24011222,1056,1304,2517
24011223,1056,1304,2474
24011300,1100,1304,2339
24011301,1100,1304,2361
24011302,1100,1304,2387
24011303,1111,1304,2326
24011304,606,1304,2344
24011305,606,1304,2265
24011306,1200,1304,2330
24011307,1176,1304,2264
24011308,1198,1304,2079
24011309,1261,1304,1978
24011310,1255,1304,2196
24011311,999,1304,2193
24011312,1261,1372,1967
24011313,1135,1372,1996
24011314,1287,1507,1793
24011315,1287,1304,2105
24011316,1286,1304,2037
24011317,1287,1372,1976
24011318,1223,1555,1497
24011319,1200,1555,1478
24011320,1200,1555,1550
24011321,1100,1304,1976
24011322,1200,1304,1969
24011323,900,1304,1944
24011400,1000,1304,1950
24011401,1000,1299,2095
24011402,1000,1299,2124
24011403,1000,1304,2004
24011404,850,1300,2062
24011405,850,1300,2073
24011406,840,1300,2032
24011407,1200,1889,2183
24011408,1200,1889,2393
24011409,1176,1889,2396
24011410,1200,1889,2409
24011411,891,1510,2426
24011412,891,1889,2387
24011413,891,1510,2623
24011414,1200,1287,2915
24011415,1200,1287,2911
24011416,1000,1510,2422
24011417,800,1510,2535
24011418,799,1507,2823
24011419,799,1349,2772
24011420,799,1349,2846
24011421,796,1349,2833
24011422,1000,1889,2226
24011423,1000,1889,2291
24011500,999,1889,2422
24011501,999,1889,2386
24011502,999,1889,2321
24011503,999,1889,2367
24011504,1000,1889,2308
24011505,1000,1889,2237
24011506,1000,1889,2208
24011507,999,1889,2224
24011508,1200,1889,2148
24011509,1099,1889,2227
24011510,1099,1889,2273
24011511,1000,1889,2293
24011512,999,1889,2202
24011513,1099,1889,2293
24011514,1000,1200,3450
24011515,1000,1200,3465
24011516,1000,1200,3389
24011517,1000,1200,3510
24011518,950,1200,3835
24011519,950,1099,3848
24011520,841,1099,3894
24011521,950,1099,3454
24011522,950,1099,3494
24011523,950,1099,3431
24011600,700,1099,3393
24011601,697,1099,3410
24011602,697,1507,2471
24011603,1000,1389,2124
24011604,1000,1389,2316
24011605,1000,1200,2495
24011606,1000,1389,2356
24011607,1000,1389,2210
24011608,990,1331,2406
24011609,990,1331,2556
24011610,990,1331,2556
24011611,990,1331,2556
24011612,990,1331,2556
24011613,990,1331,2556
24011614,990,1331,2556
24011615,990,1331,2600
24011616,990,1331,2549
24011617,990,1331,2637
24011618,981,1331,2728
24011619,981,1200,2872
24011620,400,1200,2969
24011621,399,1189,3107
24011622,400,1189,3179
24011623,581,1000,4518
24011700,581,1000,4605
24011701,5297,5297,709
24011702,5289,5297,1132
24011703,4800,5297,1218
24011704,4796,5297,1286
24011705,4799,5297,1250
24011706,4799,5297,1359
24011707,4799,4800,1611
24011708,4799,4800,1482
24011709,4790,4800,1593
24011710,4799,4800,1407
24011711,4799,4800,1449
24011712,4799,4800,1452
24011713,4799,4799,961
24011714,4799,4799,905
24011715,4799,4799,1250
24011716,4599,4799,1099
24011717,4799,4799,791
24011718,4798,4799,706
24011719,2319,4799,690
24011720,3298,4799,756
24011721,3101,4799,875
24011722,3100,4799,1118
24011723,3000,4798,1184
24011800,2850,4798,1156
24011801,2840,3100,1936
24011802,2840,2850,2261
24011803,2840,3100,1906
24011804,2840,3100,1863
24011805,2840,3100,1862
24011806,2840,3100,1887
24011807,1350,3100,1868
24011808,2840,3100,1779
24011809,2840,3100,1600
24011810,2840,3100,1609
24011811,2840,3100,1606
24011812,2840,3100,1621
24011813,2840,3000,1671
24011814,2840,3100,1613
24011815,2840,3298,1176
24011816,1040,3100,1565
24011817,1040,3101,1542
24011818,2840,3101,1485
24011819,2799,3100,1608
24011820,2797,3000,1602
24011821,2797,2840,1724
24011822,2797,2840,1597
24011823,2696,2840,1671
24011900,2797,2840,1702
24011901,2789,2840,1764
24011902,2589,2840,1712
24011903,2795,2840,1626
24011904,2795,2840,1723
24011905,15,2840,1892
24011906,2789,2799,2002
24011907,2789,2797,2199
24011908,2622,2799,1906
24011909,2490,2797,2338
24011910,2490,2797,2319
24011911,2100,2797,2356
24011912,2100,2797,2857
24011913,2100,2797,2447
24011914,2100,2797,2362
24011915,2100,2797,2265
24011916,2100,2797,1870
24011917,1900,2797,1784
24011918,1800,2797,1953
24011919,1500,2797,1744
24011920,1500,2500,2636
24011921,1500,2500,2680
24011922,1500,2500,2677
24011923,1500,2500,2778
24012000,1500,2500,2677
24012001,1490,2500,2690
24012002,1425,2500,2709
24012003,1100,2500,2695
24012004,1200,2500,2609
24012005,1200,2500,2587
24012006,1200,2500,2608
24012007,1200,2500,2556
24012008,1100,2500,1593
24012009,899,2500,1722
24012010,1500,1900,1501
24012011,1500,1900,1581
24012012,1500,1900,1767
24012013,500,1900,1780
24012014,1500,1900,1703
24012015,1425,1900,1775
24012016,1425,1900,1650
24012017,1401,1500,1949
24012018,1140,1500,2129
24012019,838,1500,2633
24012020,1139,1500,2563
24012021,1139,1500,2524
24012022,1138,1500,2701
24012023,1137,1425,3146
24012100,1135,1425,3299
24012101,1099,1425,3270
24012102,1115,1425,3237
24012103,1098,1425,3337
24012104,1098,1425,3399
24012105,1098,1425,3156
24012106,1097,1425,3157
24012107,1098,1500,3097
24012108,1098,1425,2700
24012109,1098,1425,2719
24012110,1098,1425,2742
24012111,1093,1425,2795
24012112,1019,1425,2741
24012113,1019,1425,2797
24012114,1000,1425,2866
24012115,1000,1425,2833
24012116,980,1141,3120
24012117,980,1140,3240
24012118,125,1139,3109
24012119,979,1139,3140
24012120,979,1139,3000
24012121,979,1139,2894
24012122,1000,1257,3058
24012123,1000,1257,2943
24012200,868,1245,3025
24012201,868,1245,3012
24012202,868,1257,2905
24012203,868,1257,2919
24012204,1000,1401,2854
24012205,1000,1401,2850
24012206,1000,1257,2937
24012207,1000,1201,3062
24012208,1000,1245,3256
24012209,900,1201,3307
24012210,999,1141,3334
24012211,1000,1140,3306
24012212,1000,1139,3212
24012213,999,1139,3241
24012214,1000,1425,2582
24012215,1000,1425,2505
24012216,1000,1425,2620
24012217,1000,1140,2370
24012218,1000,1139,2348
24012219,1000,1139,2390
24012220,1000,1139,2524
24012221,1000,1789,2080
24012222,1000,1789,2053
24012223,500,1789,1482
24012300,1000,1789,1510
24012301,1000,1789,1493
24012302,1000,1789,1547
24012303,1000,1789,1395
24012304,1000,1789,1383
24012305,1000,1789,1298
24012306,1000,1789,1292
24012307,1000,1789,1303
24012308,1000,1789,904
24012309,1000,1789,1411
24012310,1000,1789,1411
24012311,1000,1789,1576
24012312,1000,1789,1611
24012313,1000,1789,1488
24012315,1000,1789,1586
24012316,1000,1789,1580
24012317,1000,1789,1841
24012318,1000,1789,1759
24012319,1000,1789,1822
24012320,500,1789,1921
24012321,473,1789,1969
24012322,471,1789,1981
24012323,470,1006,2102
24012400,1000,1789,1719
24012401,1000,1789,1818
24012402,1000,1000,1331
24012403,1000,1006,1196
24012404,1000,1000,1307
24012405,1000,1000,1245
24012406,1000,1000,1267
24012407,999,1000,1326
24012408,999,1000,1347
24012409,999,1789,2367
24012410,999,1789,2375
24012411,999,1789,2354
24012412,900,1789,2372
24012413,1000,1789,2371
24012414,950,1789,2434
24012415,1000,1789,2421
24012416,1000,1789,2330
24012417,800,1789,2270
24012418,1000,1789,2030
24012419,1000,1789,2444
24012420,800,1789,2497
24012421,1000,1789,2264
24012422,1000,1789,2266
24012423,1000,1789,2172
24012500,1000,1789,2154
24012501,1068,1789,2224
24012502,1068,1789,2240
24012503,1068,1789,1979
24012504,1068,1789,1979
24012505,1068,1789,1971
24012506,1068,1789,1990
24012507,1469,1789,522
24012508,1067,1789,586
24012509,1067,1789,1023
24012510,1067,1789,1096
24012511,1066,1789,1150
24012512,1066,1789,1319
24012513,1066,1789,1388
24012514,1066,1789,1403
24012515,1066,1789,1388
24012516,895,1789,1281
24012517,1066,1789,1255
24012518,1066,1789,1155
24012519,791,1789,1198
24012520,712,1789,1305
24012521,791,1789,1761
24012522,891,1789,1763
24012523,890,1789,1813
24012600,847,1789,1928
24012601,847,1789,1936
24012602,599,1789,1927
24012603,847,1789,1819
24012604,847,1789,1337
24012605,847,1789,1368
24012606,847,1066,354
24012607,847,1020,388
24012608,847,974,421
24012609,847,1789,883
24012610,847,1068,1223
24012611,747,1789,2269
24012612,847,1789,2267
24012613,847,1789,2306
24012614,847,1789,2254
24012615,747,1789,2274
24012616,747,1789,2278
24012617,747,1789,2306
24012618,847,1789,2302
24012619,847,1789,2234
24012620,847,1789,1669
24012621,891,1789,1603
24012622,974,1789,1399
24012623,974,1789,1473
24012700,974,1789,1481
24012701,974,1789,1331
24012702,974,1789,1268
24012703,974,1789,1279
24012704,1066,1789,1165
24012705,974,1789,1167
24012706,974,1789,1227
24012707,974,1789,1258
24012708,900,1789,868
24012709,1066,1789,632
24012710,974,1789,1140
24012711,974,1789,1020
24012712,874,1789,1099
24012713,866,1789,1096
24012714,770,1789,1153
24012715,800,1789,1144
24012716,300,1789,1185
24012717,270,1789,1218
24012718,800,1789,1164
24012719,800,1789,1260
24012720,800,1789,1268
24012721,800,1789,1340
24012722,800,1506,1010
24012723,800,933,1074
24012800,700,933,1013
24012801,800,1066,1010
24012802,700,1789,1469
24012803,500,1789,1552
24012804,500,1789,1481
24012805,800,1789,1495
24012806,800,1789,1471
24012807,700,1789,1462
24012808,800,1789,1458
24012809,799,1567,1496
24012810,799,1567,1462
24012811,800,1567,1403
24012812,800,1567,1898
24012813,800,1567,1788
24012814,336,1389,1471
24012815,336,1389,1465
24012816,420,1389,1487
24012817,700,1389,1331
24012818,800,1567,1753
24012819,800,1567,1773
24012820,800,1567,1888
24012821,700,1389,2388
24012822,700,1389,2157
24012823,700,1389,2275
24012900,700,1446,1921
24012901,699,1446,1954
24012902,700,1567,1867
24012903,700,1567,1869
24012904,700,1567,1874
24012905,866,1389,2331
24012906,866,1389,1887
24012907,866,1389,1869
24012908,866,1389,1915
24012909,866,1389,2580
24012910,866,1389,2661
24012911,866,1389,2661
24012912,866,1389,2836
24012913,866,1389,2843
24012914,866,1389,2858
24012915,866,1389,2997
24012916,866,1389,2990
24012917,866,1389,3033
24012918,693,1389,2971
24012919,866,1389,2893
24012920,866,1389,2917
24012921,860,1189,2503
24012922,865,1189,2508
24012923,865,1189,2499
24013000,866,1189,2575
24013001,850,1189,2581
24013002,866,1189,2514
24013003,865,1189,2540
24013004,865,1189,2476
24013005,865,1189,2491
24013006,865,1189,2482
24013007,865,1389,2966
24013008,865,1389,2955
24013009,865,1389,2955
24013010,865,1389,2955
24013011,800,1567,2966
24013012,522,1567,3034
24013013,500,1446,3162
24013014,865,1446,3182
24013015,863,1446,3122
24013016,779,1446,3154
24013017,865,1567,2819
24013018,760,1567,2950
24013019,753,1389,3069
24013020,750,1389,3120
24013021,841,1446,2287
24013022,866,1446,2204
24013023,866,1446,2309
24013100,865,1389,2430
24013101,300,1389,2478
24013102,866,1389,2384
24013103,866,1589,2848
24013104,866,1589,2894
24013105,866,1589,2813
24013106,866,1589,2813
24013107,866,1589,2784
24013108,866,1589,2571
24013109,860,1589,2337
24013110,860,1589,2349
24013111,860,1589,2437
24013112,860,1589,2239
24013113,860,1589,2148
24013114,860,1589,2173
24013115,437,1589,1953
24013116,860,1589,2337
24013117,860,1589,2387
24013118,1389,1589,1859
24013119,1387,1589,2544
24013120,1387,1589,2281
24013121,1387,1589,2312
24013122,1386,1589,2303
24013123,1350,1589,2350
24020100,1350,1589,2421
24020101,1350,1589,2446
24020102,1350,1589,2463
24020103,850,1589,2736
24020104,1350,1589,2699
24020105,1350,1589,2717
24020106,1350,1589,2476
24020107,1350,1389,1714
24020108,1350,1389,1668
24020109,1350,1389,1750
24020110,1350,1589,1278
24020111,1350,1589,1319
24020112,1350,1387,1793
24020113,1350,1387,1784
24020114,878,1387,1839
24020115,878,1589,1451
24020116,1350,1350,1951
24020117,1350,1350,2040
24020118,1350,1350,2030
24020119,1248,1350,1995
24020120,1248,1350,2090
24020121,748,1350,2064
24020122,747,1350,2530
24020123,1248,1350,2430
24020200,1350,1350,2195
24020201,1350,1350,2103
24020202,1309,1350,1971
24020203,1350,1350,1964
24020204,1350,1350,1818
24020205,1350,1387,1657
24020206,1215,1387,1664
24020207,1350,1446,1507
24020208,1350,1589,1391
24020209,1350,1589,1229
24020210,1350,1589,1424
24020211,1300,1446,1520
24020212,1300,1388,1680
24020213,1250,1589,1441
24020214,1200,1389,1662
24020215,1200,1387,1696
24020216,1200,1387,1757
24020217,1200,1446,1587
24020218,1199,1446,1639
24020219,1140,1446,1578
24020220,800,1350,1691
24020221,800,1350,1713
24020222,800,1350,1773
24020223,800,1350,1713
24020300,800,1350,1718
24020301,800,1350,1739
24020302,800,1350,1738
24020303,800,1350,1756
24020304,800,1350,1756
24020305,1199,1446,1632
24020306,1199,1789,1510
24020307,1195,1446,1556
24020308,1189,1350,1771
24020309,1100,1350,2157
24020310,1189,1350,2009
24020311,1189,1350,2224
24020312,1188,1350,2306
24020313,1100,1350,2325
24020314,1188,1350,2318
24020315,1188,1350,2455
24020316,1188,1350,2420
24020317,1100,1350,2339
24020318,787,1264,2082
24020319,786,1250,2114
24020320,786,1250,2163
24020321,786,1250,2186
24020322,786,1199,2197
24020323,786,1199,2149
24020400,701,1199,2220
24020401,1178,1188,2608
24020402,1177,1188,2720
24020403,1177,1188,2635
24020404,1177,1188,2448
24020405,1178,1264,2037
24020406,1177,1350,1808
24020407,1177,1350,1870
24020408,1178,1350,1782
24020409,1177,1264,1994
24020410,1177,1446,1634
24020411,1177,1446,1583
24020412,1177,1264,1720
24020413,1177,1250,1727
24020414,1177,1264,1723
24020415,1176,1189,1902
24020416,1176,1200,1764
24020417,1176,1199,1818
24020418,1175,1187,2157
24020419,1099,1186,2303
24020420,1000,1178,2329
24020421,1100,1186,2291
24020422,1175,1187,2139
24020423,1175,1187,2159
24020500,1170,1189,1870
24020501,1174,1189,1749
24020502,1170,1188,1788
24020503,1174,1189,1762
24020504,1174,1176,1967
24020505,1174,1176,1958
24020506,1173,1176,1957
24020507,1173,1174,2245
24020508,1150,1174,2300
24020509,1122,1174,2532
24020510,1122,1174,2403
24020511,1122,1174,2328
24020512,1122,1176,1593
24020513,1122,1174,1749
24020514,1122,1174,1891
24020515,1122,1133,2416
24020516,1051,1133,2519
24020517,1019,1122,2440
24020518,1020,1122,2486
24020519,1019,1122,2075
24020520,719,1122,2093
24020521,718,1122,3219
24020522,718,1122,3200
24020523,683,1122,2297
24020600,650,1106,2503
24020601,950,1106,2476
24020602,950,1106,2449
24020603,950,1122,1457
24020604,885,1122,1512
24020605,885,1089,2523
24020606,885,1089,2473
24020607,885,1089,2633
24020608,884,1089,2654
24020609,884,1089,2654
24020610,884,1089,2654
24020611,850,1089,2271
24020612,825,1089,2385
24020613,825,1089,2191
24020614,825,1089,2206
24020615,825,1089,2083
24020616,825,1089,2010
24020617,825,1089,2118
24020618,820,1089,1965
24020619,817,1089,2035
24020620,800,1089,1959
24020621,817,1089,1815
24020622,817,1089,1829
24020623,817,1089,1842
24020700,417,1089,1811
24020701,417,1089,1801
24020702,417,1089,1825
24020703,417,1089,1771
24020704,817,1089,1727
24020705,850,1089,1612
24020706,903,1089,1624
24020707,950,1089,1950
24020708,1089,1089,1810
24020709,1075,1089,1851
24020710,1075,1089,1533
24020711,1070,1089,1633
24020712,1075,1089,1531
24020713,1075,1089,1328
24020714,1075,1089,1368
24020715,1075,1089,1339
24020716,800,1089,1248
24020717,792,1089,1172
24020718,792,1089,1214
24020719,792,1089,1267
24020720,692,1089,1393
24020721,692,1089,1393
24020722,800,1089,1174
24020723,796,1089,1246
24020800,796,1089,1252
24020801,1084,1089,1137
24020802,1074,1089,1259
24020803,1074,1089,1165
24020804,1074,1089,1136
24020805,1074,1089,1152
24020806,1074,1074,1162
24020807,1074,1074,1178
24020808,1069,1074,1136
24020809,1069,1074,1463
24020810,1068,1069,748
24020811,1050,1069,762
24020812,1050,1069,685
24020813,999,1069,681
24020814,999,1068,1564
24020815,990,1068,1561
24020816,990,1068,1561
24020817,690,1068,1587
24020818,999,1068,1502
24020819,998,1068,1686
24020820,900,1068,1924
24020821,900,1068,1592
24020822,900,1068,1607
24020823,500,1068,1581
24020900,800,1068,1475
24020901,899,1068,1467
24020902,899,899,1508
24020903,899,899,1495
24020904,899,899,1454
24020905,899,998,613
24020906,700,998,764
24020907,700,998,800
24020908,899,899,1610
24020909,899,899,1690
24020910,898,899,1782
24020911,899,899,2018
24020912,899,899,1888
24020913,899,899,1853
24020914,850,899,1778
24020915,899,899,1686
24020916,895,899,1821
24020917,895,900,923
24020918,895,900,920
24020919,895,899,1003
24020920,895,899,980
24020921,895,899,972
24020922,695,899,761
24020923,851,899,921
24021000,851,900,810
24021001,851,899,836
24021002,851,998,722
24021003,851,991,780
24021004,851,991,750
24021005,851,991,814
24021006,851,991,781
24021007,851,991,724
24021008,899,899,902
24021009,899,899,1824
24021010,899,899,2015
24021011,899,899,2062
24021012,899,899,2083
24021013,200,899,2083
24021014,200,899,2146
24021015,899,899,2293
24021016,899,899,2285
24021017,899,899,2320
24021018,899,899,2590
24021019,850,899,2516
24021020,899,899,2108
24021021,897,899,2251
24021022,899,899,1957
24021023,899,899,1988
24021100,897,899,1942
24021101,745,899,1969
24021102,686,899,2368
24021103,686,899,2202
24021104,686,899,2128
24021105,686,899,2140
24021106,686,899,2000
24021107,686,899,2000
24021108,700,899,2018
24021109,745,889,2079
24021110,613,889,2066
24021111,745,889,1922
24021112,745,889,2014
24021113,745,889,2002
24021114,745,889,1847
24021115,745,889,1799
24021116,724,889,1775
24021117,652,889,1835
24021118,711,889,1885
24021119,711,889,1895
24021120,684,889,1995
24021121,711,889,1890
24021122,711,889,1919
24021123,715,889,2176
24021200,665,889,2309
24021201,665,889,2396
24021202,715,889,2311
24021203,715,889,2427
24021204,715,889,2420
24021205,715,889,2435
24021206,715,889,2424
24021207,715,889,2544
24021208,710,889,2539
24021209,715,889,1550
24021210,715,889,2352
24021211,715,889,2014
24021212,714,889,1996
24021213,714,889,2059
24021214,714,889,2119
24021215,714,889,2015
24021216,714,889,1996
24021217,714,889,1969
24021218,714,889,1862
24021219,712,889,2171
24021220,712,889,2227
24021221,712,889,2241
24021222,712,724,2588
24021223,712,724,2615
24021300,712,889,2238
24021301,712,889,2156
24021302,700,889,2115
24021303,700,889,2105
24021304,700,745,2136
24021305,700,724,2117
24021306,700,724,2123
24021307,626,889,2239
24021308,595,745,2262
24021309,595,724,2278
24021310,595,724,2278
24021311,595,724,2278
24021312,595,724,2455
24021313,594,724,2365
24021314,575,716,2617
24021315,573,715,2690
24021316,626,889,2170
24021317,626,889,2037
24021318,712,889,1895
24021319,463,889,1957
24021320,463,715,2156
24021321,463,889,2102
24021322,463,889,2000
24021323,263,715,2188
24021400,463,889,1984
24021401,463,889,2142
24021402,463,889,2146
24021403,463,889,2052
24021404,463,889,2062
24021405,463,889,2002
24021406,463,889,2008
24021407,463,889,1886
24021408,463,1389,1860
24021409,463,1389,1843
24021410,463,1389,1843
24021411,551,1389,1942
24021412,551,1389,1742
24021413,551,1389,1652
24021414,551,1389,1616
24021415,551,1389,1607
24021416,200,1389,1610
24021417,496,1389,1599
24021418,551,1389,1560
24021419,551,1389,1319
24021420,551,1389,1459
24021421,525,1389,1541
24021422,500,1389,1724
24021423,499,1389,1761
24021500,498,1389,1757
24021502,488,1389,1989
24021503,498,1389,1801
24021504,498,1389,1801
24021505,488,1389,1805
24021506,488,1389,1807
24021507,488,1389,1895
24021508,488,1389,1914
24021509,400,1389,1910
24021510,488,1389,1881
24021511,488,1368,2275
24021512,488,1368,2269
24021513,479,1368,2243
24021514,499,1389,2079
24021515,499,1389,2058
24021516,490,1389,2076
24021517,499,1368,2030
24021518,399,1368,2075
24021519,500,1368,2019
24021520,500,1368,2061
24021521,495,1368,2157
24021522,498,1368,2141
24021523,400,1368,2176
24021600,400,1368,2219
24021601,400,1368,2249
24021602,400,928,2270
24021603,472,633,2312
24021604,472,928,2228
24021605,472,563,2472
24021606,472,563,2487
24021607,472,704,2425
24021608,472,1189,2276
24021609,472,928,2348
24021610,472,1189,2118
24021611,472,1189,1683
24021612,500,1189,2040
24021613,425,1189,2086
24021614,500,1189,2006
24021615,500,1189,1930
24021616,519,1189,1595
24021617,551,1189,1293
24021618,551,1189,1340
24021619,551,1189,1348
24021621,1189,1189,1275
24021622,1000,1189,658
24021623,1000,1189,553
24021700,1189,1368,344
24021701,1189,1368,223
24021702,1189,1368,261
24021703,1189,1368,262
24021704,1189,1368,262
24021705,1189,1368,214
24021706,1189,1368,184
24021707,1189,1189,1261
24021708,1100,1189,1282
24021709,1045,1189,1643
24021710,1045,1189,1687
24021711,1045,1189,1663
24021712,900,1189,1753
24021713,899,1189,1803
24021714,899,1189,1776
24021715,900,1189,1701
24021716,850,1189,1736
24021717,900,1189,1654
24021718,900,1189,1800
24021719,900,1189,1725
24021720,1045,1189,1285
24021721,1189,1189,1168
24021722,1189,1189,1178
24021723,762,1368,269
24021800,1189,1368,228
24021801,1189,1189,391
24021802,1189,1189,404
24021803,1100,1189,423
24021804,1189,1368,326
24021805,1189,1189,596
24021806,1189,1189,547
24021807,1180,1189,543
24021808,1150,1189,1461
24021809,1188,1189,1424
24021810,1188,1189,741
24021811,1188,1189,782
24021812,1188,1189,949
24021813,488,1189,1012
24021814,488,1188,1106
24021815,1188,1188,1924
24021816,1188,1188,1711
24021817,1150,1189,1046
24021818,1188,1188,845
24021819,1000,1188,908
24021820,1090,1188,889
24021821,1000,1188,964
24021822,1000,1188,984
24021823,1000,1188,943
24021900,1090,1188,888
24021901,995,1188,1064
24021902,995,1188,1064
24021903,995,1188,1073
24021904,995,1188,1095
24021905,995,1188,833
24021906,995,1188,828
24021907,985,1100,1863
24021908,1000,1100,1873
24021909,999,1100,1869
24021910,1000,1100,1832
24021911,1000,1100,1881
24021912,1000,1100,1619
24021913,800,1100,1626
24021914,1100,1100,1468
24021915,1100,1100,1486
24021916,1100,1188,568
24021917,1089,1188,613
24021918,1100,1188,541
24021919,1100,1188,645
24021920,1100,1188,681
24021921,1100,1188,638
24021922,1100,1188,514
24021923,1100,1188,556
24022000,1100,1188,499
24022001,1100,1188,303
24022002,1089,1188,517
24022003,1100,1188,504
24022004,1100,1188,525
24022005,1100,1100,1525
24022006,1100,1100,1891
24022007,1100,1100,1715
24022008,1100,1100,1596
24022009,1100,1100,1596
24022010,1100,1100,1596
24022011,1099,1100,1492
24022012,1099,1100,1492
24022013,1099,1100,1452
24022014,1099,1100,1471
24022015,1099,1100,1499
24022016,1099,1100,1495
24022017,1099,1099,1715
24022018,1099,1099,1233
24022020,1099,1099,1076
24022021,1045,1099,1192
24022022,1045,1099,1108
24022023,1045,1099,1058
24022100,1045,1099,1006
24022101,1099,1099,962
24022102,1098,1099,955
24022103,1098,1099,955
24022104,598,1099,1063
24022105,598,1099,1209
24022106,598,1099,1206
24022107,1089,1089,1748
24022108,1088,1088,1985
24022109,1088,1088,1985
24022110,1088,1088,2439
24022111,1088,1088,2474
24022112,1088,1088,2539
24022113,1088,1088,2537
24022114,888,1088,2231
24022115,1000,1088,2355
24022116,1084,1088,1555
24022117,1083,1088,1659
24022118,1088,1088,1414
24022119,888,1088,1119
24022120,888,1088,1100
24022121,788,1088,1183
24022122,588,1088,1600
24022123,588,1088,1611
24022200,588,1088,1660
24022201,788,1088,1588
24022202,788,1088,1425
24022203,788,1088,2143
24022204,888,1088,2026
24022205,888,1088,2073
24022206,888,1088,2063
24022207,888,1088,2112
24022208,888,1088,1981
24022209,1088,1088,1922
24022210,1088,1088,1627
24022211,1088,1088,1488
24022212,899,1088,1656
24022213,898,1088,1692
24022214,898,1088,1808
24022215,899,1088,1761
24022216,898,1088,1801
24022217,897,1088,2100
24022218,897,1088,2102
24022219,896,1088,2232
24022220,500,1087,2307
24022221,500,1087,2320
24022222,894,1088,2298
24022223,595,1088,2242
24022300,595,1088,2266
24022301,499,1087,2382
24022302,895,1087,2330
24022303,895,1087,2160
24022304,800,1087,2121
24022305,800,1087,1984
24022306,799,1087,2004
24022307,799,1087,1978
24022308,799,1087,1783
24022309,799,1087,1430
24022310,796,1087,1446
24022311,799,1087,1352
24022312,800,898,697
24022313,799,895,1227
24022314,888,889,1381
24022315,888,889,1342
24022316,888,888,1519
24022317,888,889,1367
24022318,887,889,1387
24022319,887,897,847
24022320,887,896,891
24022321,888,897,825
24022322,888,895,1132
24022323,888,895,1018
24022400,800,895,1079
24022401,800,896,885
24022402,800,895,1112
24022403,800,800,1629
24022404,788,888,1423
24022405,788,888,1412
24022406,788,888,1434
24022407,788,800,1648
24022408,700,800,1683
24022409,700,800,1659
24022410,700,800,1749
24022411,699,800,1736
24022412,788,800,1521
24022413,788,800,1560
24022414,788,800,1597
24022415,570,800,1501
24022416,570,788,1594
24022417,570,788,1182
24022418,570,889,968
24022419,570,888,873
24022420,570,800,974
24022421,569,800,1023
24022422,570,800,1029
24022423,570,800,930
24022500,570,800,965
24022501,570,788,1043
24022502,570,788,1105
24022503,570,787,1111
24022504,570,788,977
24022505,570,788,1017
24022506,570,788,937
24022507,570,788,912
24022508,570,788,846
24022509,786,786,1125
24022510,786,786,1200
24022511,786,786,1524
24022512,700,786,1617
24022513,785,785,1570
24022514,785,785,1575
24022515,700,785,1546
24022516,785,785,1556
24022517,784,785,1627
24022518,780,784,1534
24022519,779,784,1691
24022520,700,784,1705
24022521,779,785,1826
24022522,779,785,1834
24022523,779,784,1864
24022600,771,784,1958
24022601,778,784,1893
24022602,778,784,1867
24022603,778,784,1457
24022604,780,784,1386
24022605,778,786,789
24022606,778,786,783
24022607,700,780,1378
24022608,720,780,1408
24022609,721,780,1251
24022610,721,786,699
24022611,721,786,709
24022612,721,784,875
24022613,721,784,887
24022614,721,780,867
24022615,721,780,854
24022616,721,780,833
24022617,721,784,776
24022618,720,784,552
24022619,700,721,1201
24022620,700,721,1272
24022621,695,721,1152
24022622,595,721,1187
24022623,595,721,1220
24022700,595,721,1304
24022701,595,721,1566
24022702,595,721,1562
24022703,550,721,1556
24022704,595,721,1474
24022705,595,721,1376
24022706,595,721,1379
24022707,1000,1000,1081
24022708,1000,1000,1581
24022709,1000,1000,1581
24022710,1000,1000,1581
24022711,1000,1000,1553
24022712,1000,1000,1392
24022713,1000,1000,1439
24022714,1000,1000,1172
24022715,1000,1000,1192
24022716,1000,1000,1192
24022717,1000,1045,443
24022718,1000,1000,572
24022719,1000,1000,597
24022720,1000,1000,676
24022721,1000,1000,900
24022722,1000,1000,1005
24022723,950,1000,1035
24022800,989,1000,1008
24022801,1000,1000,812
24022802,1000,1000,839
24022803,1000,1000,1211
24022804,1000,1000,1382
24022805,1000,1000,1349
24022806,1000,1000,1316
24022807,1000,1000,1319
24022808,1000,1000,1320
24022809,1000,1000,1320
24022810,1000,1000,1291
24022811,1000,1000,1325
24022812,1000,1000,1343
24022813,1000,1000,1351
24022814,900,1000,1377
24022815,999,1000,1503
24022816,998,1000,1571
24022817,998,1000,1116
24022818,998,1000,1218
24022819,950,1000,1223
24022820,950,1000,1048
24022821,999,1000,1053
24022822,1000,1000,957
24022823,599,1000,956
24022900,970,1000,950
24022901,970,1000,1010
24022902,970,1000,1039
24022903,970,1000,1082
24022904,970,1000,912
24022905,970,1000,914
24022906,970,1000,966
24022907,900,1000,1067
24022908,800,1000,1086
24022909,800,1000,1108
24022910,800,1000,1161
24022911,800,1000,1130
24022912,900,1000,1112
24022913,900,1000,1090
24022914,600,970,1445
24022915,721,970,1281
24022916,721,1000,1449
24022917,721,1000,1165
24022918,721,970,1478
24022919,721,1000,1321
24022920,721,1000,1122
24022921,721,970,909
24022922,721,970,829
24022923,721,970,821
24030100,721,970,728
24030101,721,970,696
24030102,721,970,673
24030103,721,970,660
24030104,721,970,663
24030105,721,970,661
24030106,721,970,553
24030107,721,970,512
24030108,721,970,493
24030109,721,970,700
24030110,719,970,713
24030111,719,970,727
24030112,970,1368,341
24030113,970,1000,395
24030114,970,970,441
24030115,870,970,466
24030116,970,970,227
24030117,2500,2500,451
24030118,2200,2500,503
24030119,2200,2500,599
24030120,2200,2500,535
24030121,2500,2500,470
24030122,2500,2500,661
24030123,2500,2500,708
24030200,2500,2500,668
24030201,2500,2500,620
24030202,2500,2500,659
24030203,2500,2500,617
24030204,2500,2500,620
24030205,1998,2500,664
24030206,1998,2500,701
24030207,1998,2500,765
24030208,1889,2500,770
24030209,1998,2500,720
24030210,1900,2500,754
24030211,1949,2500,710
24030212,1949,2500,711
24030213,1998,2500,675
24030214,1979,2500,661
24030215,2000,2500,610
24030216,2500,2500,586
24030217,2500,2500,546
24030218,2475,2500,670
24030219,2500,2500,705
24030220,2500,2500,860
24030221,2500,2500,870
24030222,2500,2500,965
24030223,2500,2500,938
24030300,2000,2500,935
24030301,2000,2500,975
24030302,2000,2500,960
24030303,2000,2500,939
24030304,2000,2500,941
24030305,1750,2500,1079
24030306,1750,2500,1081
24030307,1750,2500,998
24030308,1400,2500,1009
24030309,1750,2500,1003
24030310,1750,2500,1054
24030311,1750,2500,1059
24030312,1750,2500,1038
24030313,1750,2500,966
24030314,1750,2500,964
24030315,1750,2500,1042
24030316,1750,2500,1022
24030317,1750,2500,556
24030318,1750,2500,496
24030319,1449,1775,906
24030320,1449,1449,891
24030321,1400,2500,586
24030322,1400,2000,727
24030323,1000,1449,814
24030400,997,1449,958
24030401,948,1449,973
24030402,648,1400,1009
24030403,997,1449,806
24030404,875,1449,827
24030405,875,1449,867
24030406,875,1449,858
24030407,870,1449,853
24030408,870,1449,845
24030409,870,1449,819
24030410,875,1449,797
24030411,875,1449,811
24030412,1400,1449,710
24030413,1400,1449,717
24030414,1400,2500,541
24030415,1400,2500,539
24030416,1400,2500,529
24030417,1400,2500,536
24030418,1400,2000,417
24030419,1400,2500,370
24030420,1400,1400,333
24030421,1400,1400,234
24030422,1400,1400,230
24030423,1400,1449,139
24030500,1449,1449,65
24030501,1449,1449,65
24030502,1449,1449,160
24030503,1448,1449,248
24030504,1440,1449,189
24030505,1449,1750,56
24030506,1425,1425,119
24030507,1425,1449,87
24030508,1425,1449,94
24030509,1425,1449,84
24030510,1425,1449,84
24030511,1425,1449,509
24030512,1425,1449,564
24030513,1425,1449,561
24030514,1425,1449,670
24030515,1425,1449,674
24030516,1424,1449,635
24030517,1424,1449,646
24030518,1424,1449,721
24030519,1424,1425,242
24030520,1449,1449,90
24030521,1100,1449,111
24030522,1449,1449,90
24030523,1449,1449,97
24030600,5000,5000,62
24030601,4900,5012,25
24030602,4900,4900,51
24030603,4654,4900,118
24030604,4654,4900,123
24030605,4654,4900,104
24030606,4654,4900,104
24030607,4654,4900,104
24030608,3889,3889,619
24030609,3889,3889,656
24030610,2889,3889,716
24030611,2745,3889,650
24030612,2744,3889,724
24030613,2744,3889,750
24030614,2744,3889,771
24030615,2745,3889,591
24030616,2889,3889,721
24030617,2889,3889,753
24030618,1611,3889,794
24030619,2312,3889,782
24030620,2262,3889,932
24030621,2200,3889,1034
24030622,2199,2889,1135
24030623,1199,2889,1232
24030700,2262,3889,860
24030701,2262,3889,860
24030702,2312,3889,792
24030703,2312,3889,743
24030704,2200,3889,734
24030705,2200,3889,754
24030706,2200,3889,780
24030707,2200,3889,769
24030708,2200,3889,826
24030709,2312,3889,655
24030710,2312,3889,619
24030711,2312,3889,673
24030712,2312,3889,712
24030713,2311,3889,733
24030714,2311,3889,852
24030715,2000,3889,869
24030716,2311,3889,693
24030717,2195,3889,828
24030718,2195,3889,764
24030719,2100,3889,759
24030720,2100,3889,831
24030721,2195,3889,762
24030722,1131,3889,719
24030723,1131,2312,1169
24030800,1131,2312,1072
24030801,1131,3889,734
24030802,1131,3889,687
24030803,1131,3889,698
24030804,1131,3889,708
24030805,1131,3889,688
24030806,2194,2312,912
24030807,2194,2312,952
24030808,2194,2194,544
24030809,2194,2194,588
24030810,2194,2194,593
24030811,2194,2194,544
24030812,2194,2194,561
24030813,2193,2193,602
24030814,2193,2193,998
24030815,2192,2193,1166
24030816,2192,2193,895
24030817,1592,2192,953
24030818,1592,2192,954
24030819,1000,2192,960
24030820,990,2192,996
24030821,1000,2192,953
24030822,500,2192,1110
24030823,1592,2192,1054
24030900,991,2192,1150
24030901,2100,2192,1146
24030902,2100,2192,1146
24030903,2100,2192,1146
24030904,1900,2192,1154
24030905,2099,2192,1056
24030906,2099,2192,1068
24030907,2000,2192,1120
24030908,2000,2192,1179
24030909,1999,2192,1113
24030910,1999,2192,1113
24030911,1900,2193,733
24030912,2000,2192,615
24030913,900,2192,687
24030914,1990,2099,1165
24030915,1900,1990,1252
24030916,1989,1990,1111
24030917,1290,2099,657
24030918,1290,2099,708
24030919,1289,1990,929
24030920,1289,1990,1025
24030921,1289,1990,915
24030922,1989,1990,1102
24030923,1989,1990,1107
24031000,1989,1990,1114
24031001,1989,1990,1171
24031003,1980,1990,1010
24031004,1876,1990,1168
24031005,1783,1990,1186
24031006,1783,1990,1194
24031007,1783,1990,1108
24031008,1783,1990,1106
24031009,1783,1990,1124
24031010,1783,1990,1245
24031011,1782,1990,1026
24031012,1782,1990,1000
24031013,1780,1990,913
24031014,1783,1990,940
24031015,1783,1990,1372
24031016,1783,1989,1193
24031017,1782,1990,846
24031018,1782,1990,808
24031019,1583,1990,859
24031020,1783,1990,869
24031021,1782,1990,970
24031022,1000,1877,1247
24031023,990,1783,1337
24031100,990,1975,1197
24031101,990,1877,1236
24031102,990,1877,1133
24031103,990,1975,1105
24031104,1000,1990,942
24031105,1000,1989,1061
24031106,1000,1989,1076
24031107,1000,1990,967
24031108,1000,1989,859
24031109,1700,1877,1007
24031110,1700,1877,991
24031111,1615,1783,1126
24031112,1435,1783,1110
24031113,1615,1783,1433
24031114,1615,1783,1349
24031115,1599,1783,1239
24031116,1599,1783,955
24031117,1599,1783,973
24031118,1599,1783,991
24031119,1599,1783,775
24031120,1599,1782,540
24031121,1598,1700,580
24031122,1598,1599,703
24031123,1598,1599,621
24031200,1598,1599,679
24031201,1500,1599,649
24031202,1500,1599,654
24031203,1598,1599,588
24031204,1598,1599,488
24031205,1598,1599,456
24031206,1598,1599,457
24031207,1598,1599,475
24031208,1598,1599,507
24031209,1598,1599,549
24031210,1598,1599,549
24031211,1598,1599,549
24031212,1598,1599,549
24031213,1598,1599,674
24031214,1598,1598,666
24031215,1598,1598,671
24031216,1598,1598,612
24031217,1598,1598,671
24031218,1598,1598,820
24031219,1425,1598,956
24031220,1225,1598,786
24031221,1225,1598,731
24031222,1213,1590,703
24031223,1225,1590,731
24031300,1220,1590,768
24031301,1595,1595,785
24031302,1595,1598,656
24031303,1595,1595,698
24031304,1595,1598,378
24031305,1595,1598,419
24031307,4332,4332,217
24031308,4332,4332,217
24031309,5589,5589,177
24031310,5589,5589,194
24031311,5500,5500,196
24031312,5499,5499,233
24031313,5488,5488,236
24031314,5488,5488,424
24031315,5488,5488,407
24031316,5088,5488,439
24031317,5088,5088,465
24031318,5088,5088,785
24031319,5087,5088,846
24031320,3087,5088,458
24031321,2933,5088,469
24031322,2787,5087,522
24031323,2787,5087,546
24031400,2787,5087,564
24031401,2787,5087,577
24031402,2784,5087,711
24031403,2784,2787,888
24031404,2784,2787,870
24031405,2784,2787,874
24031406,2784,2787,970
24031407,2784,2787,932
24031408,2784,2787,875
24031409,2784,2787,893
24031410,2784,2787,912
24031411,2783,2787,913
24031412,1889,2787,825
24031413,1700,2787,842
24031414,1700,2787,751
24031415,1700,2787,770
24031416,1389,2787,774
24031417,1389,2787,744
24031418,1750,2787,789
24031419,1750,2787,766
24031420,1742,2787,679
24031421,1741,2787,793
24031422,1741,2787,855
24031423,1654,2787,831
24031500,1473,2784,934
24031501,1473,2784,967
24031502,1473,2784,961
24031503,1400,2784,978
24031504,1149,2784,979
24031505,1149,2784,977
24031506,1149,2784,883
24031507,1149,2784,823
24031508,1149,1741,944
24031509,1049,1741,929
24031510,1400,1741,858
24031511,1400,1741,949
24031512,1400,1741,887
24031513,1400,1741,838
24031514,1400,1741,861
24031515,1400,1528,1045
24031516,1400,1473,1064
24031517,1300,1473,1119
24031518,1399,1473,1050
24031519,999,1400,1243
24031520,999,1400,1211
24031521,998,1400,1199
24031522,899,1400,1250
24031523,899,1400,1226
24031600,899,1400,900
24031601,894,1400,894
24031602,894,1400,985
24031603,894,1400,926
24031604,1434,1528,353
24031605,1434,1528,357
24031606,1434,2195,1160
24031607,1434,2195,1180
24031608,1434,2195,1116
24031609,1434,2195,1175
24031610,1434,2195,1179
24031611,1434,2195,1094
24031612,1200,2195,1140
24031613,1400,2195,1140
24031614,1434,2195,1091
24031615,1741,2195,937
24031616,1741,2195,1185
24031617,1740,1740,1228
24031618,1740,1740,1196
24031619,1740,1740,1323
24031620,1540,1741,668
24031621,1500,1741,653
24031622,1500,1741,710
24031623,1500,1740,817
24031700,1500,1740,765
24031701,1500,1740,859
24031702,1499,1740,843
24031703,1499,1740,838
24031704,1499,1740,922
24031705,1499,1740,922
24031706,1499,1540,980
24031707,1499,1540,981
24031708,1499,2049,1681
24031709,1499,1889,1612
24031710,1499,1889,1645
24031711,1499,1889,1648
24031712,1499,1889,1688
24031713,1499,1889,1689
24031714,1499,1889,1643
24031715,1399,1889,1623
24031716,1399,1889,1773
24031717,1399,1889,1835
24031718,1299,1889,1862
24031719,1299,1889,1809
24031720,1299,1540,948
24031721,1200,1540,965
24031722,1200,1500,1111
24031723,1100,1500,1225
24031800,1200,1500,1043
24031801,1108,1500,1131
24031802,1200,1500,1018
24031803,1200,1889,1739
24031804,1200,1889,1614
24031805,1200,1889,1633
24031806,1299,1889,1589
24031807,1299,1889,1640
24031808,1299,1889,1690
24031809,1299,1889,1786
24031810,1299,1889,1787
24031811,1299,1889,1812
24031812,1299,1889,1665
24031813,1299,1889,1754
24031814,1298,1889,1810
24031815,1298,1500,1072
24031816,1286,1500,1000
24031817,1299,1889,1709
24031818,1299,1889,1799
24031819,1299,1889,1597
24031820,1299,1985,1489
24031821,1299,1889,1670
24031822,1299,1889,1597
24031823,1299,1889,1515
24031900,1299,1889,1579
24031901,1299,1889,1593
24031902,1299,1985,1332
24031903,1299,1985,1365
24031904,1200,1985,1402
24031905,1200,1299,657
24031906,1200,1299,647
24031907,1200,1299,650
24031908,1200,1299,645
24031909,1200,1299,648
24031910,1200,1299,648
24031911,1200,1299,648
24031912,1200,1299,874
24031913,1200,1299,874
24031914,1200,1299,874
24031915,1200,1299,782
24031916,1200,1299,791
24031917,1200,1299,817
24031918,1200,1299,849
24031919,1198,1299,1056
24031920,1197,1200,1056
24031921,1197,1200,1084
24031922,1100,1200,1134
24031923,700,1200,1172
24032000,1100,1200,1098
24032001,1197,1299,1769
24032002,1197,1299,1802
24032003,1190,1299,1791
24032004,1190,1299,1780
24032005,1189,1299,1821
24032006,1189,1299,1745
24032007,1189,1299,1719
24032008,1189,1299,1784
24032009,1189,1299,1784
24032010,1189,1299,1768
24032011,1189,1299,1776
24032012,1189,1299,1800
24032013,1180,1299,1824
24032014,1189,1198,1060
24032015,1189,1198,1074
24032016,1189,1198,1054
24032017,1189,1198,1058
24032018,1175,1198,1126
24032019,1189,1198,1005
24032020,1089,1198,780
24032021,1089,1198,743
24032022,1089,1198,720
24032023,1013,1198,724
24032100,1089,1198,634
24032101,1089,1806,1314
24032102,1088,1806,1310
24032103,1089,1806,1258
24032104,1089,1806,1244
24032105,1088,1806,1259
24032106,1078,1806,1301
24032107,1078,1806,1302
24032108,1078,1806,1302
24032109,1078,1806,1302
24032110,1078,1806,1326
24032111,1078,1806,1347
24032112,1078,1806,1338
24032113,1089,1198,421
24032114,1089,1806,1189
24032115,1000,1806,1193
24032116,1190,1806,1076
24032117,1190,1806,1177
24032118,1190,1806,1304
24032119,1145,1806,1411
24032120,1145,1806,1331
24032121,1145,1806,1222
24032122,1045,1806,1236
24032123,1000,1806,1335
24032200,1045,1806,1240
24032201,1045,1806,1220
24032202,745,1190,732
24032203,1045,1190,643
24032204,1045,1190,664
24032205,945,1190,372
24032206,1045,1702,1121
24032207,1045,1702,987
24032208,1045,1702,987
24032209,1045,1702,966
24032210,1044,1702,996
24032211,1044,1702,1098
24032212,1000,1702,1123
24032213,1000,1702,1133
24032214,1000,1702,1142
24032215,1000,1702,1152
24032216,800,1702,1260
24032217,1000,1702,1211
24032218,990,1044,398
24032219,990,1702,1292
24032220,990,1702,1278
24032221,990,1702,1160
24032222,990,1702,1118
24032223,990,1702,1069
24032300,989,1702,1108
24032301,915,1702,1112
24032302,988,1702,1072
24032303,980,1702,1075
24032304,970,1702,1126
24032305,970,1702,1133
24032306,970,1702,1103
24032307,969,1034,427
24032308,969,1034,445
24032309,900,990,514
24032310,900,969,861
24032311,900,969,829
24032312,900,1190,1558
24032313,891,1190,1585
24032314,900,1581,1216
24032315,900,1045,1610
24032316,900,1117,1570
24032317,900,1190,1566
24032318,968,1581,1439
24032319,900,1044,1617
24032320,970,1274,1739
24032321,970,1274,1705
24032322,970,1274,1590
24032323,899,1274,1610
24032400,850,1000,873
24032401,850,1000,870
24032402,850,1000,933
24032403,970,1274,1552
24032404,969,1274,1572
24032405,969,1274,1587
24032406,969,1274,1650
24032407,969,1274,1655
24032408,970,1274,1545
24032409,970,1274,1560
24032410,970,1274,1623
24032411,970,1274,1553
24032412,970,1274,1519
24032413,980,1581,1419
24032414,1000,1581,1475
24032415,850,1274,1645
24032416,850,1466,1289
24032417,725,1466,1336
24032418,725,1466,1395
24032419,725,1466,1448
24032420,700,1466,1440
24032421,725,1466,1393
24032422,840,1466,1513
24032423,830,1466,1421
24032500,840,1466,1295
24032501,840,1466,1423
24032502,840,1466,1427
24032503,840,1000,605
24032504,840,1365,1389
24032505,840,1365,1358
24032506,840,1365,1358
24032507,850,1365,1301
24032508,840,1365,1302
24032509,850,1365,1301
24032510,840,1365,1361
24032511,840,1365,1383
24032512,840,1365,1454
24032513,840,1365,1456
24032514,840,1365,1412
24032515,840,1365,1336
24032516,832,850,644
24032517,832,1365,1383
24032518,796,1365,1340
24032519,840,1365,1507
24032520,832,1365,1524
24032521,850,1365,1503
24032522,850,1365,1262
24032523,850,1365,1281
24032600,850,1365,1461
24032601,850,1365,1478
24032602,850,1365,1456
24032603,850,1365,1478
24032604,850,1365,1491
24032605,850,1274,708
24032606,850,1274,708
24032607,850,1282,1478
24032608,850,1282,1478
24032609,850,1282,1478
24032610,850,1282,1478
24032611,850,1274,1630
24032612,850,1274,1647
24032613,750,1274,1623
24032614,750,1274,1669
24032615,850,1282,1454
24032616,850,1282,1441
24032617,850,1282,1509
24032618,850,1274,1570
24032619,850,1274,1545
24032620,850,1266,795
24032621,700,1266,927
24032622,800,1274,1682
24032623,800,1274,1739
24032700,800,1274,1706
24032701,800,1274,1717
24032702,800,1274,1737
24032703,800,1274,1830
24032704,800,1274,1811
24032705,800,1274,1736
24032706,800,1274,1697
24032707,800,1274,1676
24032708,800,1274,1648
24032709,792,1274,1554
24032710,792,1266,806
24032711,792,1266,792
24032712,850,1266,754
24032713,850,1216,1543
24032714,850,1216,1576
24032715,813,1216,1740
24032716,813,1216,1715
24032717,773,1216,1753
24032718,813,1216,1633
24032719,813,1216,1708
24032720,813,1216,1349
24032721,813,1216,1432
24032722,812,850,2084
24032723,756,850,2125
24032800,812,850,2089
24032801,800,850,1391
24032802,799,813,1556
24032803,760,813,1524
24032804,760,813,1509
24032805,799,813,1492
24032806,799,813,1717
24032807,799,850,2613
24032808,799,850,2608
24032809,799,850,2419
24032810,800,850,2350
24032811,800,850,2350
24032812,700,850,2490
24032813,749,850,2524
24032814,749,850,2554
24032815,727,850,2557
24032816,649,850,2404
24032817,649,850,2604
24032818,749,850,2379
24032819,549,850,2460
24032820,525,850,2523
24032821,749,850,2501
24032822,742,850,2507
24032823,742,850,2445
24032900,742,850,2492
24032901,742,850,2468
24032902,742,850,2274
24032903,742,850,2272
24032904,741,850,2310
24032905,741,850,2373
24032906,741,850,2445
24032907,741,850,2451
24032908,541,850,2457
24032909,741,850,2460
24032910,741,850,2522
24032911,741,850,2581
24032912,812,1081,1760
24032913,812,813,2827
24032914,810,813,2745
24032915,810,813,2744
24032916,810,1081,1866
24032917,812,1081,1814
24032918,812,1081,1865
24032919,812,850,1077
24032920,812,1081,1718
24032921,812,1081,1711
24032922,803,1081,1175
24032923,803,1081,1472
24033000,812,1081,1429
24033001,448,1081,1465
24033002,444,1081,1157
24033003,812,1081,1105
24033004,800,1081,1125
24033005,800,1081,1113
24033006,777,1081,905
24033007,812,1081,859
24033008,812,812,111
24033009,812,812,182
24033010,812,1081,942
24033011,812,1081,993
24033012,812,1081,1027
24033013,812,1081,977
24033014,609,1081,910
24033015,609,1081,1001
24033016,609,1081,964
24033017,609,1081,942
24033018,600,1081,924
24033019,600,1081,935
24033020,812,1081,1136
24033021,812,1081,1051
24033022,812,1266,427
24033023,812,1266,413
24033100,811,811,1141
24033101,811,811,1133
24033102,803,1266,428
24033103,803,1266,452
24033104,812,1266,400
24033105,811,811,860
24033106,811,811,892
24033107,803,811,1007
24033108,800,811,1095
24033109,800,811,1000
24033110,800,811,1002
24033111,755,811,1008
24033112,799,811,1694
24033113,799,811,1631
24033114,799,811,1634
24033115,790,800,1045
24033116,290,790,2053
24033117,289,290,2128
24033118,289,799,1896
24033119,690,799,1079
24033120,781,799,1094
24033121,781,799,1413
24033122,750,799,1401
24033123,700,799,1440
24040100,688,799,1623
24040101,688,799,2123
24040102,678,799,2029
24040103,699,799,1914
24040104,750,783,1858
24040105,750,783,1861
24040106,750,783,1863
24040107,750,783,1855
24040108,750,783,1821
24040109,749,777,1821
24040110,649,777,2002
24040111,649,777,1909
24040112,749,777,2027
24040113,599,749,2152
24040114,749,780,1623
24040115,700,777,1664
24040116,700,777,1658
24040117,700,777,1669
24040118,700,777,1706
24040119,700,777,1686
24040120,749,777,1626
24040121,749,781,1421
24040122,749,781,1189
24040123,649,777,1434
24040200,649,781,1271
24040201,749,781,1147
24040202,749,781,1113
24040203,749,781,1053
24040204,749,781,1054
24040205,749,781,1006
24040206,749,781,970
24040207,745,781,978
24040208,745,777,1279
24040209,744,777,1704
24040210,744,777,1704
24040211,659,749,1792
24040212,659,749,1779
24040213,744,749,1765
24040214,744,749,1785
24040215,744,777,1559
24040216,744,777,1556
24040217,744,749,1732
24040218,700,749,1825
24040219,700,749,1805
24040220,700,750,1209
24040221,744,744,811
24040222,740,777,459
24040223,739,740,864
24040300,739,740,871
24040301,739,777,741
24040302,739,777,857
24040303,710,749,1048
24040304,675,749,1068
24040305,710,749,1037
24040306,710,749,1042
24040307,710,749,1011
24040308,710,749,1033
24040309,710,749,1043
24040310,710,749,1048
24040311,710,749,1035
24040312,710,740,855
24040313,710,739,779
24040314,710,788,1020
24040315,710,740,1232
24040316,700,739,1291
24040317,700,744,1138
24040318,690,740,1201
24040319,690,740,1171
24040320,710,739,1294
24040321,705,739,1327
24040322,710,739,1232
24040323,710,739,1154
24040400,510,739,736
24040401,510,739,736
24040402,510,827,962
24040403,510,827,937
24040404,510,827,937
24040405,509,744,1018
24040406,509,744,1048
24040407,509,744,1016
24040408,708,744,1002
24040409,709,827,984
24040410,709,827,994
24040411,710,827,952
24040412,710,827,920
24040414,710,827,859
24040415,710,740,568
24040418,709,739,654
24040419,709,739,654
24040420,710,740,533
24040421,710,740,502
24040422,710,825,771
24040423,710,825,750
24040500,710,825,798
24040501,710,825,838
24040502,710,825,789
24040503,710,825,689
24040504,710,825,643
24040505,701,825,683
24040506,701,825,689
24040507,701,825,689
24040508,499,825,699
24040509,710,825,703
24040510,1257,1257,260
24040511,1257,1257,376
24040512,1256,1257,761
24040513,1256,1257,754
24040514,1256,1257,624
24040515,1256,1257,658
24040516,1256,1257,409
24040517,1256,1257,418
24040518,1256,1257,425
24040519,1256,1257,419
24040520,1256,1257,404
24040521,1256,1257,468
24040522,1256,1257,536
24040523,1250,1257,539
24040600,1250,1257,569
24040601,1249,1257,628
24040602,1256,1257,256
24040603,1256,1257,263
24040604,1256,1256,465
24040605,1256,1256,852
24040606,1256,1256,852
24040607,1256,1256,869
24040608,1256,1256,869
24040609,1256,1256,874
24040610,1200,1257,701
24040611,1100,1256,940
24040612,1200,1256,898
24040613,1200,1256,897
24040614,1200,1257,714
24040615,1200,1257,718
24040616,1200,1256,921
24040617,1200,1200,921
24040618,1200,1257,670
24040619,1000,1256,804
24040620,950,1256,724
24040621,950,1257,672
24040622,1000,1257,682
24040623,1000,1257,675
24040700,1000,1257,645
24040701,942,1256,731
24040702,800,1256,759
24040703,842,1256,725
24040704,942,1257,709
24040705,1000,1200,478
24040710,1000,1200,639
24040711,1000,1200,639
24040712,1000,1200,728
24040713,1000,1200,782
24040714,1000,1256,560
24040715,900,1256,595
24040716,1000,1256,593
24040717,1000,1257,488
24040718,1000,1257,453
24040719,1257,1257,224
24040720,1255,1257,196
24040721,1255,1255,95
24040722,3559,3559,18
24040723,1000,1000,39
24040800,600,609,65
24040801,600,609,67
24040802,609,609,34
24040803,3780,3780,208
24040804,3780,3780,244
24040805,3780,3780,175
24040806,3780,3780,173
24040807,3700,3700,180
24040808,3699,3699,181
24040809,3499,3499,391
24040810,3299,3299,460
24040811,3299,3299,478
24040812,3299,3299,488
24040813,3299,3299,529
24040814,3299,3299,551
24040815,3299,3299,399
24040816,3299,3499,334
24040817,3299,3299,412
24040818,3299,3299,406
24040819,3299,3299,503
24040820,3080,3299,550
24040821,3079,3299,570
24040822,3079,3080,746
24040823,3079,3080,720
24040900,3079,3080,720
24040901,2579,3080,691
24040902,2579,3080,745
24040903,2579,3080,710
24040904,2451,3080,731
24040905,2451,3080,664
24040906,2451,3080,726
24040907,2451,3080,742
24040908,2451,3080,717
24040909,2451,3080,713
24040910,2451,3080,713
24040911,2451,3080,713
24040912,1789,3080,745
24040913,1789,3079,789
24040914,2451,3080,727
24040915,2451,3080,747
24040916,3079,3280,569
24040917,2979,3080,718
24040918,2979,3080,748
24040919,2700,3080,741
24040920,2700,3079,784
24040921,2699,3079,834
24040922,2699,3079,842
24040923,2699,3079,908
24041000,2699,3079,1184
24041001,2699,3079,1177
24041002,2699,3079,1222
24041003,2690,3079,1248
24041004,2690,3079,1219
24041005,2690,3079,1136
24041006,2690,2979,1143
24041007,2690,2700,1148
24041008,2601,2700,1156
24041009,2601,2700,1033
24041010,2601,2700,1035
24041011,2601,2700,1047
24041012,2471,2699,1138
24041013,2471,2699,1142
24041014,2601,2700,1004
24041015,2601,2700,996
24041016,2601,2699,1087
24041017,2601,2699,1160
24041018,2601,2699,1266
24041019,2600,2699,1336
24041020,2600,2699,1197
24041021,2600,2699,1083
24041022,2600,2690,976
24041023,2600,2699,951
24041100,2594,2690,908
24041101,2593,2690,976
24041102,2593,2690,971
24041103,2593,2690,891
24041104,2593,2690,913
24041105,2593,2690,895
24041106,2592,2601,1009
24041107,2592,2601,946
24041108,2592,2601,968
24041109,2463,2601,1122
24041110,2592,2601,1050
24041111,2321,2601,1221
24041112,2321,2601,1315
24041113,2321,2601,1354
24041114,2321,2601,1305
24041115,2321,2601,1285
24041116,2321,2601,1347
24041117,2321,2601,1371
24041118,2321,2601,1346
24041119,2321,2600,1251
24041120,2315,2600,1270
24041121,2315,2600,1224
24041122,2315,2592,1511
24041123,2210,2592,1465
24041200,2314,2592,1259
24041201,2315,2592,1200
24041202,1500,2392,1169
24041203,2315,2592,1039
24041204,1114,2592,1071
24041205,1114,2592,1042
24041206,1114,2592,994
24041207,2315,2592,937
24041208,2315,2592,925
24041209,2315,2592,883
24041210,2315,2592,893
24041211,2315,2592,807
24041212,2315,2592,854
24041213,2000,2392,905
24041214,2000,2392,930
24041215,1600,2392,997
24041216,1500,2321,1241
24041217,1500,2315,1337
24041218,1300,2321,1070
24041219,1300,2321,814
24041220,1265,2321,837
24041221,1300,2321,751
24041222,1000,2321,721
24041223,1000,2315,965
24041300,1000,2321,911
24041301,1000,2321,727
24041302,1000,2321,756
24041303,999,2321,716
24041304,999,2321,730
24041305,999,2321,703
24041306,997,2321,769
24041307,997,2321,779
24041308,997,2315,824
24041309,997,2315,660
24041310,850,1439,895
24041311,850,999,703
24041312,850,999,707
24041313,842,999,713
24041314,842,1300,646
24041315,841,2315,514
24041316,841,2000,404
24041317,841,1400,387
24041318,441,1300,412
24041319,650,1000,394
24041320,1300,2310,748
24041321,1200,2310,778
24041322,1200,2310,811
24041323,1200,2310,858
24041400,1200,2310,849
24041401,1300,2310,706
24041402,1300,2310,725
24041403,1200,2310,825
24041404,1200,2310,872
24041405,1200,2310,878
24041406,1200,2310,905
24041407,1200,2310,928
24041408,1100,1200,652
24041409,1100,1200,639
24041410,1100,1200,638
24041411,1100,1300,518
24041412,1100,1200,553
24041413,1100,1200,462
24041414,1000,1200,441
24041415,1090,1200,424
24041416,1100,1200,498
24041417,1100,1200,621
24041418,1000,1200,595
24041419,1000,1200,595
24041420,1100,1200,441
24041421,1099,1200,532
24041422,1099,1200,557
24041423,1200,2069,938
24041500,1200,2069,943
24041501,999,2069,1023
24041502,999,2069,1095
24041503,699,2069,1135
24041504,699,2069,1183
24041505,999,2069,1113
24041506,999,2069,1115
24041507,999,2069,1201
24041508,790,2069,1095
24041509,1190,2069,1093
24041510,1175,2069,970
24041511,973,974,1168
24041512,972,972,1210
24041513,972,972,1169
24041514,972,972,995
24041515,972,972,995
24041516,950,1175,507
24041517,950,975,607
24041518,922,949,1108
24041519,922,949,1144
24041520,922,949,1089
24041521,922,949,1126
24041522,922,949,1082
24041523,891,922,1129
24041600,890,922,1065
24041601,890,922,1035
24041602,890,935,970
24041603,890,975,540
24041604,889,922,943
24041605,890,975,951
24041606,890,975,904
24041607,890,975,967
24041608,500,975,978
24041609,798,975,955
24041610,798,974,1084
24041611,890,1098,973
24041612,890,1098,879
24041613,889,1098,953
24041614,890,1098,886
24041615,890,1098,924
24041616,690,950,675
24041617,390,1098,912
24041618,890,1098,1013
24041619,890,1098,933
24041620,846,1098,1015
24041621,890,1098,935
24041622,599,950,1161
24041623,828,1098,1012
24041700,820,950,1158
24041701,820,922,1177
24041702,820,950,1096
24041703,820,1098,1334
24041704,820,1098,1353
24041705,820,1088,1374
24041706,820,950,1256
24041707,820,950,1271
24041708,820,950,1210
24041709,820,950,1263
24041710,820,950,1227
24041711,820,950,1224
24041712,812,950,1266
24041713,820,922,1440
24041714,820,922,1421
24041715,520,922,1280
24041716,820,1088,1139
24041717,820,891,884
24041718,818,891,900
24041719,810,890,921
24041720,820,900,788
24041721,818,828,1207
24041722,818,820,1215
24041723,818,828,1466
24041800,818,820,1430
24041801,818,820,1650
24041802,818,820,1736
24041803,818,820,1424
24041804,818,820,1465
24041805,818,820,1469
24041806,818,820,1562
24041807,818,820,1865
24041808,818,890,1291
24041809,1174,1174,388
24041810,1173,1174,425
24041811,1162,1174,265
24041812,1162,1174,286
24041813,955,1174,330
24041814,900,1174,462
24041815,1174,1174,187
24041816,1174,1174,209
24041817,1174,1174,193
24041818,1100,1174,173
24041819,1174,1174,139
24041820,1500,1514,72
24041821,1500,1500,99
24041822,1469,1500,145
24041823,1469,1500,148
24041900,1155,1469,206
24041901,1155,1469,209
24041902,1155,1469,221
24041903,1155,1469,232
24041904,1155,1469,201
24041905,1469,1469,165
24041906,1500,1500,22
24041907,1500,1500,99
24041908,1500,1500,120
24041909,1500,1500,136
24041910,1500,1500,161
24041911,1400,1500,246
24041912,1500,1500,200
24041913,1500,1500,205
24041914,1500,1500,202
24041915,1500,1500,244
24041916,1500,1500,244
24041917,1500,1500,151
24041918,1514,1514,39
24041919,1514,1514,149
24041920,1494,1514,206
24041921,1514,1514,136
24041922,5099,5099,56
24041923,6199,4999999,56
24042000,29299,29549,142
24042001,3789,3789,388
24042002,3789,3789,397
24042003,3789,4099,333
24042004,3789,4099,335
24042005,3789,3789,371
24042006,3789,3789,395
24042007,3789,3789,414
24042008,3785,3789,556
24042009,3779,3789,581
24042010,3779,3789,576
24042011,3710,3789,718
24042012,3689,3779,785
24042013,2552,3779,780
24042014,3689,3779,691
24042015,3689,3785,661
24042016,3689,3785,607
24042017,3679,3779,739
24042018,3709,3785,590
24042019,3400,3779,680
24042020,3400,3779,735
24042021,3400,3710,796
24042022,3300,3710,928
24042023,3300,3710,869
24042100,3300,3710,846
24042101,2291,3710,902
24042102,2291,3500,988
24042103,2291,3500,982
24042104,2291,3500,1000
24042105,2291,3500,920
24042106,2291,3500,925
24042107,2291,3400,1039
24042108,2291,3400,1118
24042109,2100,3400,1204
24042110,2099,3400,1236
24042111,2099,3400,1138
24042112,2099,2291,1231
24042113,2099,2291,1170
24042114,2099,2291,1125
24042115,2099,2291,1152
24042116,2099,2291,1184
24042117,2000,2291,1211
24042118,2000,2291,1370
24042119,1881,2291,1455
24042120,1900,2291,1378
24042121,2000,2291,1224
24042122,1998,2291,1211
24042123,2000,2291,1210
24042200,2000,2291,1332
24042201,1500,2291,1331
24042202,1350,2291,1396
24042203,2000,2291,1322
24042204,2000,2291,1279
24042205,1100,2291,1295
24042206,1100,2291,1102
24042207,1100,2291,1139
24042208,2000,2291,1002
24042209,2000,2291,1010
24042210,2000,2291,1035
24042211,1900,2291,1003
24042212,1900,2291,1021
24042213,1900,2291,1002
24042214,1900,2291,962
24042215,1000,2291,958
24042216,1000,2000,1267
24042217,1000,2000,1341
24042218,980,2000,1407
24042219,980,2000,1424
24042220,980,2000,1406
24042221,880,1900,1504
24042222,800,1800,1469
24042223,800,1000,1507
24042300,790,1000,1731
24042301,775,1000,1715
24042302,675,1000,1691
24042303,790,1000,1323
24042304,790,1622,1568
24042305,790,1000,1617
24042306,400,1000,1616
24042307,690,1000,1616
24042308,400,1000,1642
24042309,400,1000,1642
24042310,400,1000,1642
24042311,980,1589,1651
24042312,980,1589,1616
24042313,980,1589,1616
24042314,980,1589,1616
24042315,980,1589,1586
24042316,880,1589,1747
24042317,880,1000,1805
24042318,1539,1622,808
24042319,1535,1622,905
24042320,1535,1622,772
24042321,1535,1622,802
24042322,1533,1535,1277
24042323,1111,1535,1372
24042400,1100,1533,1397
24042401,1100,1533,1491
24042402,1100,1533,1489
24042403,1100,1533,1526
24042404,1100,1533,1447
24042405,1100,1533,1546
24042406,1100,1533,1590
24042407,1100,1533,1623
24042408,1100,1533,1623
24042409,1100,1533,1593
24042410,1100,1533,1178
24042411,1100,1533,1162
24042412,1009,1533,1257
24042413,1009,1100,1374
24042414,1009,1100,1406
24042415,980,1100,1451
24042416,980,1100,1477
24042417,1009,1111,1320
24042418,999,1100,1441
24042419,700,1100,1362
24042420,999,1100,1290
24042421,999,1100,1843
24042422,999,1100,1881
24042423,999,1100,1745
24042500,999,1100,1876
24042501,999,1100,1447
24042502,495,1100,1471
24042503,495,1100,1459
24042504,495,1100,1138
24042505,999,1100,1092
24042506,999,1100,1188
24042507,999,1100,1207
24042508,999,1100,1284
24042509,999,1100,1252
24042510,999,1100,1234
24042511,999,1100,1258
24042512,999,1100,1182
24042513,999,1100,1037
24042514,999,1100,1141
24042515,1100,1100,760
24042516,1099,1100,671
24042517,1100,1535,396
24042518,1100,1535,369
24042519,1100,1535,228
24042520,1100,1533,157
24042521,1533,1533,217
24042522,1521,1533,312
24042523,1522,1533,251
24042600,1136,1533,228
24042601,1533,1533,102
24042602,4729,36000000,20
24042603,4729,36000000,20
24042604,1533,1533,335
24042605,1533,1533,355
24042606,1533,1533,393
24042607,1533,1533,459
24042608,1533,1533,444
24042609,1533,1533,887
24042610,1500,1533,942
24042611,1500,1533,981
24042612,1500,1533,1032
24042613,1500,1533,1080
24042614,1500,1533,1147
24042615,1500,1533,1163
24042616,1400,1533,1140
24042617,1395,1533,1237
24042618,1395,1533,1360
24042619,1395,1533,1364
24042620,1395,1533,1377
24042621,1300,1500,998
24042622,1300,1500,1250
24042623,1300,1500,1161
24042700,1300,1500,1065
24042701,1300,1500,1057
24042702,1300,1500,1093
24042703,1300,1500,983
24042704,1300,1500,969
24042705,1300,1500,960
24042706,1300,1500,1008
24042707,1300,1500,1033
24042708,1299,1500,1035
24042709,1300,1500,975
24042710,1300,1500,944
24042711,1200,1500,974
24042712,1300,1533,830
24042713,1300,1533,876
24042714,1300,1500,967
24042715,1300,1500,1026
24042716,1300,1533,872
24042717,1300,1533,773
24042718,1200,1533,920
24042719,1395,1533,827
24042720,1470,1533,908
24042721,1470,1533,967
24042722,1386,1533,988
24042723,1470,1533,1138
24042800,1470,1533,948
24042801,1470,1533,970
24042802,1500,1533,691
24042803,1500,1533,759
24042804,1500,1533,519
24042805,1500,1533,404
24042806,1500,1533,392
24042807,1500,4506,289
24042808,1500,4506,293
24042809,1500,4506,298
24042810,1499,3019,300
24042811,1500,4506,222
24042812,1499,1500,381
24042813,1274,1500,458
24042814,1271,1500,487
24042815,1272,1500,405
24042816,1273,1500,552
24042817,1261,1499,644
24042818,1261,1499,403
24042819,1272,1273,542
24042820,1273,1273,488
24042821,1273,1273,524
24042822,1273,1273,447
24042823,1250,1273,801
24042900,1250,1273,778
24042901,1250,1273,762
24042902,950,1250,784
24042903,950,1250,783
24042904,950,1250,783
24042905,950,1250,807
24042906,900,1250,921
24042907,900,1250,902
24042908,900,1250,1070
24042909,899,1250,1142
24042910,898,1250,1151
24042911,897,1250,1207
24042912,897,1250,1125
24042913,895,1250,1116
24042914,800,1250,1196
24042915,895,1250,1118
24042916,895,1250,1119
24042917,895,1250,1241
24042918,889,1250,1124
24042919,895,1250,1027
24042920,895,1250,1126
24042921,895,1250,1117
24042922,895,1250,1069
24042923,900,1250,936
24043000,950,1250,879
24043001,1250,1273,808
24043002,1188,1250,839
24043003,1188,1250,837
24043004,1188,1250,851
24043005,1188,1250,835
24043006,1188,1250,838
24043007,1249,1273,804
24043008,1249,1250,748
24043009,1249,1250,787
24043010,1249,1250,787
24043011,1249,1250,960
24043012,1249,1250,817
24043013,1249,1250,802
24043014,1249,1250,833
24043015,1249,1250,803
24043016,1249,1250,795
24043017,1200,1250,777
24043018,1200,1249,1209
24043019,1199,1249,1133
24043020,1200,1249,1157
24043021,1200,1200,1120
24043022,1200,1200,1134
24043023,1200,1200,954
24050100,1200,1200,651
24050101,1200,1200,828
24050102,1200,1200,696
24050103,1200,1200,667
24050104,1200,1200,565
24050105,1200,1200,617
24050106,1200,1200,617
24050107,1200,1200,636
24050108,1200,1200,424
24050109,1200,1200,395
24050110,1200,1200,388
24050111,1200,1200,389
24050112,1200,1200,356
24050113,1200,1200,444
24050114,1200,1200,435
24050115,1080,1200,562
24050116,1080,1200,654
24050117,1080,1200,664
24050118,1080,1200,602
24050119,1080,1200,602
24050120,1049,1080,817
24050121,1049,1080,942
24050122,1049,1080,1005
24050123,1049,1080,811
24050200,1050,1200,608
24050201,1049,1080,731
24050202,1049,1080,770
24050203,1049,1200,607
24050204,1049,1200,588
24050205,787,1200,589
24050206,748,1200,595
24050207,1049,1200,572
24050208,1011,1080,529
24050209,981,1080,552
24050210,981,1080,552
24050211,991,1200,1171
24050212,971,1200,1323
24050213,971,1200,1304
24050214,871,1200,1334
24050215,871,1200,1436
24050216,871,1200,1413
24050217,871,1200,1412
24050218,871,1080,1161
24050219,863,1080,1238
24050220,871,1080,999
24050221,871,1080,920
24050222,771,1080,930
24050223,990,1080,548
24050300,990,1080,559
24050301,1050,1200,401
24050302,1188,1200,368
24050303,1200,4250,259
24050304,1200,1200,308
24050305,1200,1200,369
24050306,1200,1200,346
24050307,1200,1200,322
24050308,1200,4250,275
24050309,1200,4250,226
24050310,4250,4250,114
24050311,4250,4250,207
24050312,4250,4250,224
24050313,3825,4250,99
24050314,3749,3825,187
24050315,3749,3749,113
24050316,3749,4112,227
24050317,3748,3825,241
24050318,3748,3748,678
24050319,3748,3748,557
24050320,3748,3748,590
24050321,3747,3748,620
24050322,3747,3749,432
24050323,3747,3748,445
24050400,2000,3748,490
24050401,2000,3748,510
24050402,2000,3748,548
24050403,1980,3747,523
24050404,1975,3747,571
24050405,1975,3747,590
24050406,1975,3747,545
24050407,1975,3747,604
24050408,1975,3747,582
24050409,1975,3747,583
24050410,1975,2044,598
24050411,1974,2000,908
24050412,1574,2000,823
24050413,1569,1975,860
24050414,1574,1975,853
24050415,1574,1975,878
24050416,1545,1975,843
24050417,1540,1975,1478
24050418,1540,1975,1339
24050419,1540,1975,1380
24050420,1540,1975,1189
24050421,799,1975,1137
24050422,799,1975,1167
24050423,1540,1975,1080
24050500,1540,1975,1115
24050501,1499,1975,1181
24050502,1499,1975,1271
24050503,1499,1975,1284
24050504,1499,1975,1218
24050505,1499,1975,1095
24050506,1499,1975,1112
24050507,1400,1975,1138
24050508,1499,1975,1094
24050509,1499,1975,1074
24050510,1000,1975,1282
24050511,799,1499,1258
24050512,799,1545,1066
24050513,799,1545,1066
24050514,799,1540,1110
24050515,799,1499,1121
24050516,799,1499,1239
24050517,799,1499,1198
24050518,799,1499,1027
24050519,799,1499,1052
24050520,799,1499,1038
24050521,799,1499,857
24050522,799,1499,907
24050523,699,1499,894
24050600,695,1499,814
24050601,695,1499,763
24050602,695,1499,704
24050603,690,1434,716
24050604,690,1369,831
24050605,1000,1499,455
24050606,1000,1499,474
24050607,1000,1499,395
24050608,1000,1499,353
24050609,1000,1499,351
24050610,1369,1499,363
24050611,1369,1499,346
24050612,1356,1499,294
24050613,1365,1499,470
24050614,1069,1499,434
24050615,1069,1499,411
24050616,1069,1069,551
24050617,1069,1499,387
24050618,1069,1069,549
24050619,1069,1069,591
24050620,1059,1069,615
24050621,1499,1499,169
24050622,499,499,894
24050623,199,499,837
24050700,75,499,867
24050701,75,499,834
24050702,499,499,791
24050703,499,499,728
24050704,499,499,691
24050705,499,499,525
24050706,499,499,525
24050707,499,1499,145
24050708,499,1499,157
24050709,1248,1248,284
24050710,1248,1248,284
24050711,1248,1248,284
24050712,1248,1248,284
24050713,1248,1248,284
24050714,1248,1248,284
24050715,1248,1248,284
24050716,1248,1248,284
24050717,495,1248,475
24050718,499,1248,475
24050719,499,499,513
24050720,499,1248,348
24050721,499,1248,349
24050722,499,1248,334
24050723,465,1248,325
24050800,400,1248,385
24050801,400,1248,399
24050802,400,949,554
24050803,400,949,546
24050804,400,949,507
24050805,400,1248,483
24050806,465,1124,508
24050807,465,1124,508
24050808,465,1124,520
24050809,464,1124,531
24050810,464,1124,568
24050811,949,1248,443
24050812,949,1124,491
24050813,949,1248,429
24050814,949,1124,491
24050815,949,1124,465
24050816,1124,1248,320
24050817,1123,1124,497
24050818,1123,1248,434
24050819,1123,1124,448
24050820,1123,1124,491
24050821,1122,1124,513
24050822,1122,1123,553
24050823,1075,1123,628
24050900,1111,1124,504
24050901,1089,1123,577
24050902,589,1123,606
24050903,589,1123,808
24050904,817,1123,744
24050905,815,1123,766
24050906,814,1123,785
24050907,814,1123,785
24050908,1089,1123,739
24050909,1089,1111,587
24050910,1089,1123,452
24050911,1089,1123,355
24050912,1089,1123,357
24050913,1089,1123,359
24050914,1089,1123,376
24050915,1089,1123,398
24050916,1088,1123,406
24050917,1088,1123,382
24050918,1088,1123,382
24050919,1010,1111,423
24050920,1000,1123,410
24050921,1089,1123,376
24050922,1000,1123,428
24050923,1123,1124,277
24051000,1123,1124,243
24051001,1123,1124,300
24051002,1123,1124,190
24051003,1124,1124,163
24051004,1124,1124,176
24051005,1124,1124,87
24051006,1124,1124,89
24051007,1111,1124,90
24051008,1111,1124,147
24051009,1124,1124,108
24051010,12524,12524,80
24051011,3500,10000,172
24051012,3500,12524,150
24051013,12524,4999999,3
24051014,9024,12524,52
24051015,9024,9024,100
24051016,7024,9024,115
24051017,7024,9024,175
24051018,7024,7024,277
24051019,7024,7024,324
24051020,5999,6000,919
24051021,5900,6000,978
24051022,5900,6000,950
24051023,5999,6000,913
24051100,5999,6000,895
24051101,2063,6000,891
24051102,6000,6000,858
24051103,5100,6000,797
24051104,5100,6000,886
24051105,4221,6000,1064
24051106,4221,6000,1064
24051107,4221,6000,1082
24051108,4221,6000,1079
24051109,4221,6000,1022
24051110,4221,6000,1022
24051111,4221,6000,914
24051112,4220,6000,1051
24051113,4219,6000,1426
24051114,4219,6000,1411
24051115,4219,6000,1154
24051116,4219,6000,1089
24051117,4219,6000,1072
24051118,4119,6000,1019
24051119,4219,6000,959
24051120,4219,6000,1143
24051121,3995,6000,1108
24051122,3995,6000,1014
24051123,3994,6000,1141
24051200,2990,6000,1193
24051201,2990,6000,1227
24051202,2990,6000,1249
24051203,3000,6000,1131
24051204,3994,6000,1200
24051205,3994,6000,1270
24051206,3994,6000,1233
24051207,2694,5100,1310
24051208,2600,5100,1297
24051209,2600,6000,1262
24051210,2600,5100,1474
24051211,2600,5100,1325
24051212,2595,6000,1207
24051213,2595,6000,1224
24051214,2600,6000,1185
24051215,2599,4221,1341
24051216,2548,5100,1284
24051217,2548,4220,1391
24051218,2500,4004,1531
24051219,2500,3995,1491
24051220,2500,2600,1152
24051221,2425,2600,1228
24051222,2425,2600,1264
24051223,2425,2599,1317
24051300,2377,2599,1364
24051301,2425,2600,1226
24051302,2425,2600,1226
24051303,2425,2600,1120
24051304,2425,2599,1026
24051305,2400,2548,1118
24051306,2400,2548,1115
24051307,2400,2548,1003
24051308,2100,2548,932
24051309,1995,2548,932
24051310,1995,2548,957
24051311,1975,2548,980
24051312,1975,2548,885
24051313,1975,2548,922
24051314,1975,2500,960
24051315,1974,2500,873
24051316,1901,2500,875
24051317,1901,2500,881
24051318,1888,2425,941
24051319,1888,2425,941
24051320,1994,2500,714
24051321,1900,2425,828
24051322,1900,2500,695
24051323,1000,2400,673
24051400,1900,2425,644
24051401,1900,2425,643
24051402,1900,2425,643
24051403,1900,2400,740
24051404,1900,2400,686
24051405,1900,1995,793
24051406,1900,1994,934
24051407,1900,1994,922
24051408,1900,1994,911
24051409,1900,2400,619
24051410,1900,2400,619
24051411,2400,2500,392
24051412,2500,2500,406
24051413,1084,2500,743
24051414,950,2494,759
24051415,903,1084,1080
24051416,500,1000,1233
24051417,497,1084,1543
24051418,885,950,1652
24051419,841,927,2084
24051420,641,903,2422
24051421,593,903,2708
24051422,593,885,2933
24051423,300,900,3327
24051500,300,900,3652
24051501,300,900,3729
24051502,800,900,3892
24051503,800,900,4013
24051504,800,900,4136
24051505,800,900,4263
24051506,800,900,4261
24051507,799,900,4200
24051508,675,900,4332
24051509,675,900,4334
24051510,675,900,4334
24051511,800,900,4133
24051512,800,900,4368
24051513,593,885,4595
24051514,399,885,4779
24051515,398,885,4775
24051516,250,841,5229
24051517,249,841,5364
24051518,316,841,4855
24051519,723,806,5583
24051520,723,806,5476
24051521,653,806,5651
24051522,653,806,5877
24051523,637,800,5208
24051600,637,800,5165
24051601,750,841,6539
24051602,840,841,6742
24051603,840,841,6818
24051604,840,903,1937
24051605,840,903,2004
24051606,840,903,2048
24051607,840,903,2085
24051608,838,903,2144
24051609,742,885,2366
24051610,800,903,2191
24051611,792,885,2393
24051612,792,885,2350
24051613,735,885,2258
24051614,792,885,2036
24051615,700,841,1956
24051616,700,841,1906
24051617,700,840,1589
24051618,666,841,1825
24051619,654,840,1737
24051620,648,840,1623
24051621,792,840,1677
24051622,792,792,6704
24051623,653,792,6764
24051700,600,792,6941
24051701,600,792,7047
24051702,600,792,6749
24051703,600,792,6742
24051704,600,792,6725
24051705,600,792,6789
24051706,500,792,6907
24051707,753,792,7001
24051708,700,792,7055
24051709,792,1424,2655
24051710,788,792,7058
24051711,775,792,7089
24051712,775,792,7173
24051713,700,792,7410
24051714,700,792,7461
24051715,500,792,7836
24051716,500,792,7924
24051717,500,792,7934
24051718,500,792,7960
24051719,400,792,7992
24051720,399,792,7689
24051721,352,911,3312
24051722,400,911,3350
24051723,390,911,3408
24051800,390,911,3464
24051801,390,911,3421
24051802,390,911,3392
24051803,646,1424,2678
24051804,646,1016,2943
24051805,646,1016,2908
24051806,635,1016,2948
24051807,335,1424,2692
24051808,335,1424,2639
24051809,646,1424,2588
24051810,640,1424,2500
24051811,646,1424,2460
24051812,646,1424,2317
24051813,646,1424,2361
24051814,646,1424,2473
24051815,639,1424,2482
24051816,645,1424,2423
24051817,645,1424,2311
24051818,645,1424,2301
24051819,645,1424,2396
24051820,644,1424,2602
24051821,645,1424,2593
24051822,644,1424,2516
24051823,644,1424,2544
24051900,645,1424,2708
24051901,545,831,2973
24051902,645,831,2828
24051903,645,755,7010
24051904,645,755,7075
24051905,645,755,6973
24051906,645,755,6154
24051907,645,755,6152
24051908,645,755,6091
24051909,645,755,6188
24051910,600,755,6143
24051911,600,755,6265
24051912,600,755,6276
24051913,600,755,6320
24051914,600,755,6320
24051915,600,755,6393
24051916,589,755,6535
24051917,589,755,6632
24051918,589,755,6332
24051919,539,755,6395
24051920,539,755,6467
24051921,539,755,6567
24051922,537,755,6640
24051923,537,755,6576
24052000,537,755,6347
24052001,537,755,6564
24052002,537,755,6573
24052003,536,646,2302
24052004,536,646,2302
24052005,531,646,2341
24052006,519,600,1862
24052007,519,600,1917
24052008,519,600,1935
24052009,509,600,1958
24052010,519,600,1933
24052011,450,600,2023
24052012,495,600,1971
24052013,450,600,1817
24052014,450,600,1760
24052015,450,600,1750
24052016,445,600,1708
24052017,449,594,1770
24052018,495,600,1897
24052019,495,748,6911
24052020,480,748,6846
24052021,400,748,6962
24052022,494,748,7355
24052023,494,748,7449
24052100,493,748,7485
24052101,729,748,7702
24052102,729,748,7591
24052103,729,748,7609
24052104,700,748,7250
24052105,700,748,7264
24052106,700,748,7280
24052107,697,748,7320
24052108,697,748,7342
24052109,697,748,7342
24052110,697,748,7342
24052111,593,748,7729
24052112,588,748,7922
24052113,387,748,8004
24052114,588,748,7985
24052115,588,748,8081
24052116,588,748,8393
24052117,588,748,8447
24052118,559,748,8412
24052119,559,748,8361
24052120,559,729,3745
24052121,559,729,4004
24052122,500,729,4084
24052123,500,729,3677
24052200,500,729,3743
24052201,559,729,3693
24052202,559,588,1383
24052203,559,588,1381
24052204,559,746,6354
24052205,554,746,6665
24052206,554,746,6730
24052207,554,746,6705
24052208,559,746,7042
24052209,559,746,7049
24052210,559,746,7090
24052211,559,746,7026
24052212,559,746,8743
24052213,559,746,8598
24052214,559,746,8576
24052215,300,746,8517
24052216,300,746,8551
24052217,300,746,8565
24052218,300,746,8561
24052219,500,746,8600
24052220,300,746,8612
24052221,495,746,8627
24052222,559,746,8479
24052223,455,746,8567
24052300,455,746,8576
24052301,459,746,8488
24052302,459,746,8547
24052303,559,746,8506
24052304,559,659,3489
24052305,559,659,3126
24052306,559,659,2963
24052307,559,659,2924
24052308,559,659,2561
24052309,559,659,2586
24052310,559,659,2582
24052311,559,659,2727
24052312,442,588,855
24052313,696,696,1197
24052314,696,696,1215
24052315,600,696,1374
24052316,696,696,1358
24052317,692,696,1402
24052318,658,696,1394
24052319,658,696,1575
24052320,696,742,6529
24052321,600,742,6519
24052322,600,742,6521
24052323,696,742,6512
24052400,696,742,6504
24052401,696,742,5765
24052402,696,742,7898
24052403,696,742,7898
24052404,696,742,7898
24052405,696,742,7968
24052406,696,742,8002
24052407,696,742,8019
24052408,696,742,8021
24052409,696,742,8042
24052410,692,742,8714
24052411,623,742,8635
24052412,623,742,10217
24052413,623,742,9775
24052414,123,742,9728
24052415,621,742,9747
24052416,603,742,10293
24052417,621,742,10216
24052418,521,742,10279
24052419,519,742,9801
24052420,517,742,9978
24052421,500,742,10009
24052422,415,742,9741
24052423,517,742,9575
24052500,500,742,9614
24052501,500,742,9684
24052502,500,742,7696
24052503,500,742,7764
24052504,500,742,7761
24052505,500,742,7707
24052506,500,742,9776
24052507,500,742,9776
24052508,500,742,9776
24052509,500,742,9723
24052510,493,742,10017
24052511,493,742,10104
24052512,400,742,10089
24052513,492,742,9614
24052514,492,742,9926
24052515,493,742,9774
24052516,493,742,9849
24052517,495,742,9508
24052518,493,742,9514
24052519,493,742,9515
24052520,495,742,8682
24052521,493,742,9507
24052522,493,742,9576
24052523,469,742,9659
24052600,493,742,9437
24052601,623,742,9301
24052602,623,742,9306
24052603,623,742,9355
24052604,623,742,9356
24052605,623,742,9358
24052606,623,742,9280
24052607,623,742,7149
24052608,623,742,7121
24052609,623,742,7125
24052610,623,742,7098
24052611,623,742,6978
24052612,623,742,5584
24052613,656,742,6985
24052614,656,742,7023
24052615,525,742,5823
24052616,525,742,5805
24052617,499,742,5784
24052618,525,742,5763
24052619,625,742,5751
24052620,225,742,1453
24052621,113,700,729
24052622,525,3192,664
24052623,524,3192,668
24052700,625,3192,596
24052701,625,3192,532
24052702,625,3192,558
24052703,625,661,2655
24052704,625,661,2606
24052705,656,661,2597
24052706,656,661,2614
24052707,656,742,7731
24052708,656,742,7763
24052709,656,742,7899
24052710,656,742,7879
24052711,656,742,7822
24052712,656,742,7991
24052713,656,742,7951
24052714,600,742,7643
24052715,600,742,7868
24052716,600,742,7854
24052717,594,742,7988
24052718,535,742,8204
24052719,535,742,8190
24052720,535,742,8273
24052721,535,742,8157
24052722,535,742,8238
24052723,535,742,8223
24052800,530,742,8098
24052801,535,742,8033
24052802,535,742,8030
24052803,535,742,5931
24052804,535,742,5934
24052805,535,742,5876
24052806,535,742,5876
24052807,535,3158,739
24052808,594,3158,721
24052809,594,3158,721
24052810,594,3158,721
24052811,530,656,2385
24052812,530,656,2417
24052813,600,3158,609
24052814,600,661,2810
24052815,600,661,2472
24052816,600,661,2818
24052817,661,661,2173
24052818,661,661,2580
24052819,661,661,1221
24052820,420,661,1329
24052821,420,661,1490
24052822,420,661,1507
24052823,419,661,1550
24052900,419,661,1601
24052901,419,661,1647
24052902,301,661,1703
24052903,301,661,1724
24052904,419,661,1696
24052905,418,742,6844
24052906,418,742,6844
24052907,418,742,6844
24052908,418,742,6821
24052909,419,742,6695
24052910,419,742,6698
24052911,419,742,6736
24052912,419,742,6690
24052913,419,742,7978
24052914,419,742,7542
24052915,419,742,7537
24052916,415,742,7223
24052917,420,742,7358
24052918,420,742,7346
24052919,392,742,7389
24052920,392,742,7397
24052921,608,742,7186
24052922,602,742,7207
24052923,596,742,6051
24053006,500,661,2658
24053007,500,661,2676
24053008,500,661,2722
24053009,500,661,2761
24053010,608,661,2630
24053011,608,661,2726
24053012,608,661,2787
24053013,608,661,2827
24053014,608,661,2797
24053015,608,661,2860
24053016,608,661,3176
24053017,608,661,2738
24053018,608,661,2152
24053019,608,661,2449
24053020,408,661,2442
24053021,300,661,2579
24053022,299,661,2668
24053023,300,661,2640
24053100,300,661,2537
24053101,608,661,2414
24053102,608,661,2440
24053103,608,3108,506
24053104,608,4491,907
24053105,608,4491,886
24053106,608,4491,879
24053107,608,662,2665
24053108,608,662,2665
24053109,604,662,2700
24053110,608,662,2665
24053111,608,662,2671
24053112,608,662,2647
24053113,420,662,2563
24053114,420,662,2587
24053115,420,662,2569
24053116,608,662,2534
24053117,662,662,2403
24053118,662,662,2332
24053119,656,6662,824
24053120,662,742,1533
24053121,660,742,5983
24053122,661,742,5956
24053123,662,742,5918
24060100,662,742,5923
24060101,662,742,5982
24060102,662,742,5982
24060103,662,742,5977
24060104,662,742,5977
24060105,662,742,6037
24060106,662,742,6042
24060107,662,742,5689
24060108,662,742,5725
24060109,662,742,5685
24060110,662,742,6083
24060111,662,742,6118
24060112,662,742,6140
24060113,662,742,6114
24060114,662,742,6173
24060115,662,742,6106
24060116,662,742,6221
24060117,662,742,6238
24060118,742,742,5953
24060119,742,742,5787
24060120,742,742,4964
24060121,3375,3385,1084
24060122,3372,3385,1277
24060123,3272,3385,1098
24060200,1744,1761,5724
24060201,1761,1761,7121
24060202,1761,1761,7061
24060203,1761,1761,6344
24060204,1761,1761,6163
24060205,1761,1761,6563
24060206,1761,1761,6601
24060207,1761,1761,6636
24060208,1761,1761,6672
24060209,1750,1761,6294
24060210,1750,1761,6294
24060211,1750,1761,6629
24060212,1725,1761,6694
24060213,1199,1761,6722
24060214,1176,1761,6752
24060215,1175,1761,7601
24060216,1175,1761,7670
24060217,1175,1761,6922
24060218,1175,1761,6907
24060219,1175,1761,6904
24060220,1175,1761,6889
24060221,1175,1761,6843
24060222,1175,1761,6930
24060223,225,1761,7032
24060300,225,1761,3198
24060301,1175,3374,1530
24060302,1175,3272,1754
24060303,1175,3272,1742
24060304,1075,1175,6052
24060305,1175,1175,5857
24060306,1175,3374,1562
24060307,875,1761,1928
24060308,875,1761,1931
24060309,875,3272,1778
24060310,875,3272,1775
24060311,875,1199,1481
24060312,875,1199,1460
24060313,500,1761,1847
24060314,500,1761,1821
24060315,500,1761,1827
24060316,500,1761,1827
24060317,867,3272,1784
24060318,875,3272,1759
24060319,1175,1761,1875
24060320,1175,1761,1872
24060321,1175,3374,1622
24060322,1175,3272,1495
24060323,1175,3519,1217
24060400,1150,3519,1331
24060401,1150,3519,1350
24060402,1150,3519,1308
24060403,1150,3519,1349
24060404,1150,3519,1231
24060405,1150,1761,816
24060406,1150,1761,733
24060407,1150,1199,859
24060408,1150,1199,862
24060409,1150,1176,846
24060410,1150,1176,846
24060411,1150,1176,846
24060412,1150,1176,846
24060413,1150,1176,846
24060414,1150,1175,1205
24060415,1127,1175,1184
24060416,1150,1175,1189
24060417,1150,1175,1153
24060418,1150,1150,1647
24060419,1149,1150,1738
24060420,1149,1150,1865
24060421,1049,1150,1948
24060422,1149,1150,1916
24060423,1149,1150,1943
24060500,1100,1150,1902
24060501,1100,1150,3131
24060502,1100,1150,3387
24060503,1100,1150,3342
24060504,1100,1150,3379
24060505,1100,1100,7669
24060506,1100,1100,7476
24060507,1100,1100,7286
24060508,1100,1150,2915
24060509,1100,1150,2911
24060510,1100,1149,3011
24060511,1000,1149,3134
24060512,1000,1150,2857
24060513,990,1150,2926
24060514,990,1149,2607
24060515,990,1149,2613
24060516,1100,1149,2530
24060517,1000,1149,2584
24060518,1000,1100,2536
24060519,1000,1100,2595
24060520,1000,1149,2780
24060521,1000,1150,2759
24060522,1000,1150,2753
24060523,1000,1149,2691
24060600,900,1149,2730
24060601,1000,1150,2609
24060602,1100,1150,2563
24060603,1100,1150,2519
24060604,1100,1150,2519
24060605,1100,1150,2527
24060606,1100,1150,2527
24060607,1099,1150,2507
24060608,1099,1150,2526
24060609,1099,1150,2561
24060610,1099,1150,2555
24060611,1078,1150,2541
24060612,1078,1150,2611
24060613,1078,1150,2603
24060614,1100,1150,2491
24060615,1100,1150,2488
24060616,1100,1150,2480
24060617,1005,1149,2641
24060618,1005,1100,2136
24060619,1005,1100,1929
24060620,1005,1100,2490
24060621,1004,1100,2529
24060622,1000,1100,2571
24060623,1000,1100,2564
24060700,999,1100,2613
24060701,1004,1005,2466
24060702,1000,1004,2051
24060703,1000,1004,2037
24060704,1004,1005,2389
24060705,1003,1004,3157
24060706,1003,1005,2125
24060707,1003,1005,2109
24060708,1003,1005,1397
24060709,1003,1005,1444
24060710,993,1005,1786
24060711,993,1005,1787
24060712,1003,1005,1780
24060713,1003,1005,1742
24060714,1003,1005,1773
24060715,1003,1005,1810
24060716,1003,1005,2070
24060717,900,1005,2087
24060718,800,800,6303
24060719,800,800,6290
24060720,800,800,6027
24060721,800,1005,1873
24060722,700,1005,1914
24060723,700,1005,1914
24060800,800,1005,1902
24060801,800,1005,1902
24060802,800,1005,1780
24060803,800,1005,1821
24060804,800,1005,1854
24060805,800,1005,1834
24060806,800,1005,1799
24060807,800,1005,1788
24060808,800,1005,1700
24060809,800,1005,1700
24060810,800,1005,1331
24060811,800,1005,1680
24060812,799,1005,1781
24060813,799,1005,1824
24060814,799,1005,1842
24060815,797,1005,1867
24060816,798,1005,1845
24060817,720,1005,2202
24060818,700,1005,2228
24060819,700,1005,2269
24060820,661,661,5953
24060821,661,661,5923
24060822,661,3300,1589
24060823,661,799,1948
24060900,661,799,1884
24060901,661,800,1750
24060902,661,700,2758
24060903,661,700,2758
24060904,661,720,2705
24060905,661,720,2684
24060906,661,800,1735
24060907,660,800,1750
24060908,660,800,1787
24060909,660,800,1803
24060910,660,800,1812
24060911,660,799,1468
24060912,641,799,1810
24060913,641,799,1789
24060914,541,799,1729
24060915,660,800,1657
24060916,661,799,1780
24060917,661,800,1488
24060918,600,700,1974
24060919,600,700,1914
24060920,600,700,1916
24060921,661,700,1768
24060922,650,720,1714
24060923,650,3338,1127
24061000,650,899,1731
24061001,649,899,1753
24061002,649,899,1740
24061003,661,899,1711
24061004,661,662,6086
24061005,661,662,6072
24061006,661,662,6124
24061007,661,662,6129
24061008,661,662,6223
24061009,661,662,6226
24061010,661,662,6284
24061011,361,662,6352
24061012,661,662,6294
24061013,661,662,6272
24061014,661,662,6249
24061015,661,662,6025
24061016,600,662,6184
24061017,600,662,6007
24061018,661,662,6112
24061019,661,662,6144
24061020,661,662,6004
24061021,661,662,5960
24061022,661,662,6079
24061023,661,662,6053
24061100,655,662,6034
24061101,661,662,5992
24061102,661,662,6032
24061103,661,662,6026
24061104,661,899,1211
24061105,399,662,5664
24061106,399,662,5657
24061107,661,662,5542
24061108,661,662,5577
24061109,661,662,5577
24061110,661,662,5577
24061111,661,662,6255
24061112,661,662,6298
24061113,655,662,6591
24061114,655,662,6568
24061115,661,662,6353
24061116,534,662,6419
24061117,534,662,5809
24061118,534,662,5718
24061119,534,662,6162
24061120,508,662,6118
24061121,508,662,6079
24061122,503,662,5714
24061123,503,662,5840
24061200,503,662,5803
24061201,503,662,5640
24061202,534,662,6029
24061203,534,662,6087
24061204,534,662,6087
24061205,534,662,6087
24061206,534,661,1693
24061207,534,661,1695
24061208,300,661,1705
24061209,300,661,1636
24061210,300,661,1629
24061211,534,3409,1335
24061212,534,3409,1326
24061213,534,661,1054
24061214,407,661,1157
24061215,407,3372,1485
24061216,534,3372,1393
24061217,534,3372,1411
24061218,533,662,5753
24061219,533,662,5748
24061220,533,662,5801
24061221,533,662,5805
24061222,533,662,5797
24061223,533,662,5780
24061300,533,662,5817
24061301,533,662,5657
24061302,534,662,5576
24061303,534,662,5576
24061304,534,662,5578
24061305,534,662,5578
24061306,533,662,5577
24061307,533,662,5597
24061308,533,662,5597
24061309,534,662,5367
24061310,499,662,5929
24061311,661,662,5820
24061312,661,662,5130
24061313,655,662,5827
24061314,655,662,5827
24061315,655,662,5788
24061316,655,662,5728
24061317,623,3385,858
24061318,355,662,5363
24061319,655,662,5227
24061320,655,662,5225
24061321,655,662,5233
24061322,650,662,5274
24061323,549,662,5406
24061400,549,662,5459
24061401,400,662,5067
24061402,396,662,5095
24061403,396,662,5097
24061404,396,662,5098
24061405,396,662,5098
24061406,396,662,5098
24061407,400,662,5506
24061408,397,662,5627
24061409,397,662,5616
24061410,199,662,5499
24061411,549,662,5463
24061412,549,662,5569
24061413,549,662,5590
24061414,543,662,5690
24061415,543,662,5456
24061416,549,662,4935
24061417,549,662,5440
24061418,488,549,1101
24061419,549,17200,566
24061420,549,3395,876
24061421,549,3395,878
24061422,549,3395,851
24061423,520,662,5257
24061500,520,662,5311
24061501,520,662,5283
24061502,520,662,5238
24061503,520,662,5264
24061504,520,662,5252
24061505,520,662,5199
24061506,549,662,5849
24061507,549,662,6029
24061508,549,662,6021
24061509,549,662,6044
24061510,400,662,5964
24061511,400,662,6012
24061512,655,662,5980
24061513,655,662,6003
24061514,636,662,5821
24061515,636,662,5904
24061516,636,662,5956
24061517,636,662,6011
24061518,636,662,6031
24061519,636,662,6039
24061520,636,662,5742
24061521,636,662,5901
24061522,630,662,5929
24061523,636,697,1494
24061600,636,697,1477
24061601,636,697,1537
24061602,635,662,5912
24061603,635,662,5872
24061604,635,662,5852
24061605,635,662,5817
24061606,635,662,5818
24061607,400,662,5420
24061608,636,662,5389
24061609,636,662,5588
24061610,636,662,5919
24061611,636,662,5836
24061612,650,662,5803
24061613,650,662,5895
24061614,620,697,1472
24061615,625,3467,1431
24061616,650,3467,1453
24061617,650,3467,1449
24061618,640,697,1560
24061619,634,697,1633
24061620,634,697,1666
24061621,605,697,1889
24061622,631,697,1662
24061623,631,697,1755
24061700,631,697,1696
24061701,631,697,1636
24061702,631,697,1693
24061703,631,697,1591
24061704,634,697,1628
24061705,633,697,1677
24061706,633,665,5304
24061707,634,665,5262
24061708,634,665,5276
24061709,634,665,5266
24061710,665,665,5399
24061711,665,665,5374
24061712,665,665,1679
24061713,465,17200,756
24061714,665,3649,859
24061715,697,17200,748
24061716,665,17200,760
24061717,665,17200,769
24061718,600,3649,823
24061719,665,3649,872
24061720,665,3649,903
24061721,665,3649,1030
24061722,665,17200,759
24061723,608,3649,912
24061800,608,3649,948
24061801,608,3649,960
24061802,608,3649,940
24061803,665,3649,866
24061804,665,17200,766
24061805,665,17200,759
24061806,665,17200,784
24061807,665,17200,803
24061808,665,3649,845
24061809,665,3649,845
24061810,665,3649,845
24061811,665,665,1177
24061812,665,665,1201
24061813,665,665,1198
24061814,600,665,1210
24061815,600,665,1269
24061816,400,665,1296
24061817,600,665,1281
24061818,600,665,1279
24061819,600,665,1277
24061820,300,717,5014
24061821,600,717,4946
24061822,600,717,5046
24061823,600,717,4968
24061900,660,717,4719
24061901,660,717,4725
24061902,660,717,4644
24061903,660,717,4711
24061904,660,717,4593
24061905,660,717,4511
24061906,660,717,4568
24061907,660,717,4560
24061908,660,717,4560
24061909,660,717,4561
24061910,660,717,4478
24061911,660,717,4263
24061912,660,717,4603
24061913,660,717,5017
24061914,656,717,5089
24061915,656,717,4649
24061916,656,717,4674
24061917,660,717,4618
24061918,660,717,4618
24061919,660,717,4624
24061920,608,3380,975
24061921,608,3380,950
24061922,540,3380,981
24061923,607,3380,945
24062000,429,3380,1135
24062001,3380,17200,692
24062002,2580,17200,720
24062003,2580,17200,465
24062004,1953,1953,4166
24062005,1953,1953,4224
24062006,1953,1953,4224
24062007,953,1953,4306
24062008,953,1953,4411
24062009,953,1953,4446
24062010,953,1953,4312
24062011,953,1953,4360
24062012,953,1953,4380
24062013,953,1953,4352
24062014,953,1953,4390
24062015,953,1953,4460
24062016,953,1953,4516
24062017,953,1953,4790
24062018,353,1953,4739
24062019,906,1953,4574
24062020,953,1953,4628
24062021,953,1953,4681
24062022,953,1953,4709
24062023,953,1953,4730
24062100,953,1953,4864
24062101,953,1953,4971
24062102,953,1953,4883
24062103,953,1953,4493
24062104,953,3634,1144
24062105,953,3634,1133
24062106,953,3634,1120
24062107,953,3634,1120
24062108,953,3634,1090
24062109,900,3634,1088
24062110,953,3634,1182
24062111,953,3634,1137
24062112,953,3634,1217
24062113,953,3634,1145
24062114,953,3634,1165
24062115,953,3634,1079
24062116,953,3634,1051
24062117,953,3380,821
24062118,953,3380,847
24062119,953,953,4811
24062120,953,953,4986
24062121,953,953,5048
24062122,953,953,4849
24062123,953,953,5323
24062200,953,953,5278
24062201,953,953,4954
24062202,953,953,4948
24062203,953,953,4743
24062204,953,953,4747
24062205,799,953,5457
24062206,799,953,5496
24062207,799,953,5466
24062208,600,953,5502
24062209,799,953,5486
24062210,799,953,5399
24062211,799,953,5246
24062212,800,953,4700
24062213,800,953,4780
24062214,800,953,4730
24062215,800,953,4661
24062216,953,953,4501
24062217,953,953,4538
24062218,953,3670,953
24062219,953,17200,653
24062220,953,953,4304
24062221,953,953,4256
24062222,853,953,4562
24062223,853,953,4493
24062300,853,953,4369
24062301,853,953,4426
24062302,853,953,4421
24062303,800,953,4674
24062304,750,953,4258
24062305,800,953,4376
24062306,800,953,4372
24062307,800,953,4397
24062308,800,953,4496
24062309,500,953,4496
24062310,798,953,4511
24062311,798,953,4513
24062312,792,953,4430
24062313,800,953,4371
24062314,800,953,4400
24062315,800,953,4371
24062316,853,953,4361
24062317,953,953,4305
24062318,853,953,4339
24062319,819,953,4412
24062320,819,17200,759
24062321,817,817,4392
24062322,817,817,4139
24062323,817,817,4158
24062400,817,17200,632
24062401,785,17200,652
24062402,785,17200,692
24062403,785,17200,736
24062404,785,17200,737
24062405,785,17200,753
24062406,785,17200,759
24062407,785,17200,740
24062408,780,17200,747
24062409,780,17200,747
24062410,780,17200,747
24062411,780,17200,747
24062412,780,17200,747
24062413,780,17200,747
24062414,780,17200,747
24062415,780,17200,747
24062416,780,17200,747
24062417,817,817,4632
24062418,817,817,4632
24062419,817,817,4632
24062420,817,817,4632
24062421,817,817,4632
24062422,817,817,4632
24062423,817,817,4632
24062500,817,817,4632
24062501,817,817,4632
24062502,817,817,4632
24062503,817,817,4632
24062504,817,817,4632
24062505,817,817,4632
24062506,817,817,4632
24062507,817,817,4632
24062508,817,817,4632
24062509,817,817,4632
24062510,817,817,4632
24062511,3359,3359,409
24062512,3359,3359,409
24062513,3359,3359,451
24062514,3359,3359,582
24062515,3359,3359,620
24062516,3359,3359,658
24062517,3359,3359,448
24062518,3359,3359,830
24062519,3359,3359,832
24062520,3359,3359,782
24062521,2686,3359,700
24062613,1635,3359,1309
24062614,1435,3422,1104
24062615,1433,1999,1751
24062616,1434,3359,1540
24062617,1434,3359,1520
24062618,1435,3359,910
24062619,1400,3359,949
24062620,1400,3359,975
24062621,1400,3359,1049
24062622,1400,3359,1037
24062623,999,3359,1126
24062700,999,3359,1160
24062701,999,3359,1061
24062702,1400,3359,1002
24062703,1400,3359,1002
24062704,1400,3359,968
24062705,1400,3359,966
24062706,1400,3359,1160
24062707,1400,3359,1095
24062708,1400,3359,1018
24062709,1400,3359,897
24062710,1400,3359,1123
24062711,1399,3359,1616
24062712,1399,3359,1548
24062713,1399,1435,1994
24062714,1399,1635,1825
24062715,1399,3359,1520
24062716,1399,3359,1520
24062717,1399,1435,1663
24062718,1399,1435,1663
24062719,1399,1435,1663
24062720,1399,1435,1663
24062721,1399,1435,1663
24062722,1399,1435,1663
24062723,1399,1435,1663
24062800,1399,1435,1663
24062801,1399,1435,1663
24062802,1399,1435,1663
24062803,1399,1435,1663
24062804,1399,1435,1663
24062805,1399,1435,1663
24062806,1399,1435,1663
24062807,1399,1435,1663
24062808,1399,1435,1663
24062809,1399,1435,1663
24062810,1399,1435,1663
24062811,1399,1435,1663
24062812,1399,1435,1663
24062813,1399,1435,1663
24062814,1399,1435,1663
24062815,1399,1435,1663
24062816,1399,1435,1663
24062817,1399,1435,1663
24062818,1399,1435,1663
24062819,1399,1435,1663
24062820,1399,1435,1663
24062821,1399,1435,1663
24062822,1399,1435,1663
24062823,1399,1435,1663
24062900,1399,1435,1663
24062901,1399,1435,1663
24062902,1399,1435,1663
24062903,1399,1435,1663
24062904,1399,1435,1663
24062905,1399,1435,1663
24062906,1399,1435,1663
24062907,1399,1435,1663
24062908,1399,1435,1663
24062909,1399,1435,1663
24062910,1399,1435,1663
24062911,1399,1435,1663
24062912,1399,1435,1663
24062913,1399,1435,1663
24062914,1399,1435,1663
24062915,1399,1435,1663
24062916,1399,1435,1663
24062917,1399,1435,1663
24062918,1399,1435,1663
24062919,1399,1435,1663
24062920,1399,1435,1663
24062921,1399,1435,1663
24062922,1399,1435,1663
24062923,1399,1435,1663
24063000,1399,1435,1663
24063001,1399,1435,1663
24063002,1399,1435,1663
24063003,1399,1435,1663
24063004,1399,1435,1663
24063005,1399,1435,1663
24063006,1399,1435,1663
24063007,1399,1435,1663
24063008,1399,1435,1663
24063009,1399,1435,1663
24063010,1399,1435,1663
24063011,1399,1435,1663
24063012,1399,1435,1663
24063013,1399,1435,1663
24063014,1399,1435,1663
24063015,1399,1435,1663
24063016,1399,1435,1663
24063017,1399,1435,1663
24063018,1399,1435,1663
