timestamp,min_price,median,quantity
22120411,748,748,23
22120412,748,748,23
22120413,748,748,23
22120414,748,748,28
22120415,748,748,28
22120416,748,748,18
22120417,748,748,18
22120418,748,748,18
22120419,748,748,18
22120420,748,748,18
22120421,747,748,19
22120422,747,748,19
22120423,747,748,19
22120500,747,748,19
22120501,747,748,19
22120502,747,748,19
22120503,747,748,19
22120504,747,748,9
22120505,747,748,9
22120506,747,748,9
22120507,747,748,9
22120508,747,748,9
22120509,747,748,8
22120510,747,748,8
22120511,747,748,9
22120512,747,747,19
22120513,747,747,19
22120514,747,747,14
22120515,747,747,14
22120516,747,747,14
22120517,747,747,12
22120518,747,747,12
22120519,747,747,12
22120520,747,747,12
22120522,747,747,14
22120523,747,747,13
22120600,747,747,13
22120601,747,747,13
22120602,747,747,13
22120603,747,747,13
22120604,747,747,13
22120605,747,747,13
22120606,747,747,13
22120607,747,747,13
22120608,747,747,13
22120609,747,747,13
22120610,747,747,13
22120611,747,747,13
22120612,747,747,14
22120613,747,747,14
22120614,747,747,14
22120615,747,747,14
22120616,747,747,14
22120617,747,747,14
22120618,747,747,14
22120619,747,747,14
22120620,747,747,14
22120621,747,747,13
22120622,747,747,13
22120623,747,747,13
22120700,747,747,13
22120701,747,747,13
22120702,747,747,13
22120703,747,747,13
22120704,747,747,13
22120705,747,747,13
22120706,747,747,13
22120707,747,747,12
22120708,747,747,12
22120709,747,747,12
22120710,747,747,12
22120711,747,747,13
22120712,747,747,3
22120713,747,747,3
22120714,747,747,3
22120715,747,747,3
22120716,747,747,3
22120717,747,747,3
22120718,747,747,3
22120719,747,747,3
22120720,747,747,3
22120721,747,747,1
22120722,747,747,1
22120723,747,747,1
22120800,747,747,1
22120801,747,747,1
22120802,747,747,1
22120803,747,747,1
22120804,747,747,1
22120805,747,747,1
22120806,747,747,1
22120807,747,747,1
22120808,747,747,1
22120809,747,747,1
22120810,747,747,1
22120813,3000,3000,2
22120814,3000,3000,2
22120815,3000,3000,2
22120816,3000,3000,2
22120817,3000,3000,12
22120818,3000,3000,12
22120819,3000,3000,12
22120820,3000,3000,12
22120821,3000,3000,12
22120822,3000,3000,12
22120823,3000,3000,12
22120900,3000,3000,12
22120901,3000,3000,12
22120902,3000,3000,12
22120903,3000,3000,12
22120904,3000,3000,12
22120905,3000,3000,12
22120906,3000,3000,12
22120907,3000,3000,12
22120908,3000,3000,12
22120909,3000,3000,12
22120910,3000,3000,22
22120911,3000,3000,22
22120912,3000,3000,22
22120913,3000,3000,22
22120914,3000,3000,22
22120915,3000,3000,22
22120916,3000,3000,22
22120917,3000,3000,26
22120918,3000,3000,26
22120919,3000,3000,26
22120920,3000,3000,26
22120921,3000,3000,26
22120922,3000,3000,26
22120923,3000,3000,26
22121000,3000,3000,26
22121001,3000,3000,26
22121002,3000,3000,26
22121003,3000,3000,26
22121004,3000,3000,26
22121005,3000,3000,26
22121006,3000,3000,26
22121007,3000,3000,26
22121008,3000,3000,26
22121009,3000,3000,26
22121010,3000,3000,16
22121011,3000,3000,16
22121012,3000,3000,16
22121013,3000,3000,14
22121014,3000,3000,16
22121015,3000,3000,16
22121016,3000,3000,16
22121017,3000,3000,6
22121018,3000,3000,6
22121019,3000,3000,6
22121020,3000,3000,6
22121021,3000,3000,6
22121022,3000,3000,7
22121023,3000,3000,7
22121100,3000,3000,7
22121101,3000,3000,7
22121102,3000,3000,7
22121103,3000,3000,7
22121104,3000,3000,7
22121105,3000,3000,7
22121106,3000,3000,7
22121107,3000,3000,7
22121108,3000,3000,7
22121109,3000,3000,7
22121110,3000,3000,7
22121111,3000,3000,7
22121112,3000,3000,7
22121113,3000,3000,7
22121114,3000,3000,7
22121115,3000,3000,7
22121116,3000,3000,7
22121117,3000,3000,3
22121118,3000,3000,3
22121119,3000,3000,3
22121120,3000,3000,3
22121121,3000,3000,3
22121122,3000,3000,22
22121123,3000,3000,22
22121200,3000,3000,22
22121201,3000,3000,22
22121202,3000,3000,22
22121203,3000,3000,22
22121204,3000,3000,22
22121205,3000,3000,22
22121206,3000,3000,22
22121207,3000,3000,22
22121208,3000,3000,22
22121209,3000,3000,22
22121210,3000,3000,22
22121211,3000,3000,22
22121212,3000,3000,22
22121213,3000,3000,23
22121214,3000,3000,21
22121215,3000,3000,21
22121216,3000,3000,21
22121217,3000,3000,21
22121218,3000,3000,21
22121219,3000,3000,23
22121220,3000,3000,31
22121221,3000,3000,31
22121222,3000,3000,31
22121223,3000,3000,31
22121300,3000,3000,31
22121301,3000,3000,31
22121302,3000,3000,31
22121303,3000,3000,31
22121304,3000,3000,31
22121305,3000,3000,31
22121306,3000,3000,31
22121307,3000,3000,31
22121308,3000,3000,31
22121309,3000,3000,31
22121310,3000,3000,31
22121311,3000,3000,31
22121312,3000,3000,31
22121313,3000,3000,31
22121314,3000,3000,31
22121315,3000,3000,31
22121316,3000,3000,31
22121317,3000,3000,31
22121318,3000,3000,31
22121319,3000,3000,31
22121320,3000,3000,31
22121321,3000,3000,31
22121322,3000,3000,21
22121323,2999,3000,12
22121400,2999,3000,12
22121401,2999,3000,12
22121402,2999,3000,12
22121403,2999,3000,12
22121404,2999,3000,12
22121405,2999,3000,12
22121406,2999,3000,12
22121407,2999,3000,12
22121408,2999,3000,12
22121409,2999,3000,12
22121410,2999,3000,12
22121411,2999,3000,12
22121412,2999,3000,12
22121413,2999,2999,21
22121414,2999,2999,21
22121415,2999,2999,21
22121416,2999,2999,21
22121417,2999,2999,21
22121418,2999,2999,21
22121419,2999,2999,19
22121420,2999,2999,11
22121421,2999,2999,11
22121422,2999,2999,11
22121423,2999,2999,13
22121500,2999,2999,13
22121501,2999,2999,13
22121502,2999,2999,13
22121503,2999,2999,13
22121504,2999,2999,13
22121505,2999,2999,13
22121506,2999,2999,13
22121507,2999,2999,13
22121508,2999,2999,13
22121509,2999,2999,13
22121510,2999,2999,13
22121511,2999,2999,13
22121512,2999,2999,13
22121513,2999,2999,13
22121514,2999,2999,13
22121515,2999,2999,13
22121516,2999,2999,13
22121517,2999,2999,13
22121518,2999,2999,13
22121519,2999,2999,13
22121520,2999,2999,13
22121521,2999,2999,13
22121522,2999,2999,12
22121523,2999,2999,12
22121600,2999,2999,12
22121601,2999,2999,12
22121602,2999,2999,12
22121603,2999,2999,12
22121604,2999,2999,12
22121605,2999,2999,12
22121606,2999,2999,12
22121607,2999,2999,12
22121608,2999,2999,12
22121609,2999,2999,12
22121610,2999,2999,12
22121611,2999,2999,12
22121612,2999,2999,12
22121613,2999,2999,12
22121614,2999,2999,2
22121615,2999,2999,2
22121616,2999,2999,2
22121617,2999,2999,2
22121618,2999,2999,2
22121619,2999,2999,2
22121620,2999,2999,2
22121621,2999,2999,2
22121622,2999,2999,2
22121701,5393,5393,2
22121702,5393,5393,2
22121703,5393,5393,2
22121704,5393,5393,2
22121705,5393,5393,2
22121706,5393,5393,2
22121707,5393,5393,2
22121708,5393,5393,2
22121709,5393,5393,2
22121710,5393,5393,2
22121711,5393,5393,2
22121712,5393,5393,2
22121713,5393,5393,2
22121714,5393,5393,2
22121715,5393,5393,2
22121716,5393,5393,2
22121717,5393,5393,2
22121718,5393,5393,2
22121719,5393,5393,2
22121720,5393,5393,2
22121721,5393,5393,2
22121722,5393,5393,2
22121723,5393,5393,2
22121800,5393,5393,2
22121801,5393,5393,2
22121802,5393,5393,2
22121803,5393,5393,2
22121804,5393,5393,2
22121805,5393,5393,2
22121806,5393,5393,2
22121807,5393,5393,2
22121808,5393,5393,2
22121809,5393,5393,2
22121810,5393,5393,2
22121811,5393,5393,2
22121812,5393,5393,2
22121813,5393,5393,2
22121814,5393,5393,2
22121815,5393,5393,2
22121816,5393,5393,2
22121817,5393,5393,2
22121818,5393,5393,2
22121819,5393,5393,2
22121820,5393,5393,2
22121821,5393,5393,2
22121822,5393,5393,2
22121823,5393,5393,2
22121900,5393,5393,2
22121902,5614,5614,2
22121903,5614,5614,2
22121904,5614,5614,11
22121905,5614,5614,11
22121906,5614,5614,11
22121907,5614,5614,11
22121908,5614,5614,12
22121909,5614,5614,12
22121910,5614,5614,12
22121911,5614,5614,12
22121912,5614,5614,12
22121913,5614,5614,12
22121914,5614,5614,12
22121915,5614,5614,12
22121916,5614,5614,12
22121917,5614,5614,12
22121918,5614,5614,3
22121919,5614,5614,3
22121920,5614,5614,3
22121921,5614,5614,3
22121922,5614,5614,3
22121923,5614,5614,3
22122000,5614,5614,3
22122001,5614,5614,3
22122002,5614,5614,3
22122003,5614,5614,3
22122004,5614,5614,3
22122005,5614,5614,3
22122006,5614,5614,3
22122007,5614,5614,3
22122008,5614,5614,2
22122009,5614,5614,2
22122010,5614,5614,2
22122011,5614,5614,2
22122012,5614,5614,2
22122013,5614,5614,2
22122014,5614,5614,2
22122015,5558,5558,12
22122016,5558,5558,12
22122017,5558,5558,12
22122018,5558,5558,12
22122019,5558,5558,12
22122020,5558,5558,12
22122021,5558,5558,12
22122022,5558,5558,12
22122023,5558,5558,12
22122100,5558,5558,12
22122101,5558,5558,12
22122102,5558,5558,10
22122103,5558,5558,10
22122104,5558,5558,10
22122105,5558,5558,10
22122106,5558,5558,10
22122107,5558,5558,10
22122108,5558,5558,10
22122109,5558,5558,10
22122110,5558,5558,10
22122111,5558,5558,10
22122112,5558,5558,10
22122113,5558,5558,10
22122114,5558,5558,10
22122115,5558,5558,10
22122116,5558,5558,10
22122117,5558,5558,10
22122118,5558,5558,12
22122119,5558,5558,20
22122120,5558,5558,20
22122121,5558,5558,20
22122122,5558,5558,20
22122123,5558,5558,20
22122200,5558,5558,20
22122201,5558,5558,21
22122202,5558,5558,21
22122203,5558,5558,21
22122204,5558,5558,21
22122205,5558,5558,21
22122206,5558,5558,21
22122207,5558,5558,13
22122208,5558,5558,13
22122209,5558,5558,13
22122210,5558,5558,13
22122211,5558,5558,13
22122212,5558,5558,13
22122213,5558,5558,12
22122214,5558,5558,12
22122215,52650000,52650000,1
22122216,1000000,26825000,2
22122217,24158,1000000,3
22122218,24158,1000000,3
22122219,24158,1000000,3
22122220,24158,1000000,3
22122221,24158,1000000,3
22122222,24158,1000000,3
22122223,24158,1000000,3
22122300,24158,1000000,3
22122301,24158,1000000,3
22122302,24158,1000000,3
22122303,24158,512079,2
22122304,24158,24158,1
22122305,24158,24158,1
22122306,24158,24158,1
22122307,24158,24158,1
22122308,24158,24158,1
22122309,24158,24158,1
22122310,24158,24158,1
22122311,24158,24158,1
22122511,20000,20000,1
22122512,20000,20000,1
22122513,20000,20000,1
22122514,20000,20000,1
22122515,20000,20000,1
22122516,20000,20000,1
22122517,20000,20000,1
22122518,20000,20000,2
22122519,20000,20000,10
22122520,20000,20000,10
22122521,20000,20000,10
22122522,20000,20000,10
22122523,20000,20000,10
22122600,20000,20000,10
22122601,20000,20000,20
22122602,20000,20000,20
22122603,20000,20000,20
22122604,20000,20000,20
22122605,20000,20000,20
22122606,20000,20000,20
22122607,20000,20000,20
22122608,20000,20000,20
22122609,20000,20000,20
22122610,20000,20000,20
22122611,20000,20000,20
22122612,20000,20000,20
22122613,20000,20000,20
22122614,20000,20000,20
22122615,20000,20000,20
22122616,20000,20000,20
22122617,20000,20000,20
22122618,20000,20000,19
22122619,20000,20000,11
22122620,20000,20000,11
22122621,20000,20000,19
22122622,20000,20000,19
22122623,20000,20000,20
22122700,20000,20000,20
22122701,20000,20000,20
22122702,20000,20000,20
22122703,20000,20000,20
22122704,20000,20000,20
22122705,20000,20000,20
22122706,20000,20000,20
22122707,20000,20000,20
22122708,20000,20000,20
22122709,20000,20000,12
22122710,20000,20000,12
22122711,20000,20000,11
22122712,20000,20000,11
22122713,20000,20000,11
22122714,20000,20000,11
22122715,20000,20000,11
22122716,20000,20000,11
22122717,20000,20000,12
22122718,20000,20000,12
22122719,20000,20000,12
22122720,20000,20000,12
22122721,20000,20000,12
22122722,20000,20000,12
22122723,20000,20000,12
22122800,20000,20000,12
22122801,20000,20000,2
22122802,20000,20000,2
22122803,20000,20000,2
22122804,20000,20000,2
22122805,20000,20000,2
22122806,20000,20000,2
22122807,20000,20000,2
22122808,20000,20000,2
22122809,20000,20000,12
22122810,20000,20000,12
22122811,20000,20000,12
22122812,20000,20000,12
22122813,20000,20000,12
22122814,20000,20000,12
22122815,20000,20000,12
22122816,20000,20000,12
22122817,20000,20000,7
22122818,20000,20000,7
22122819,20000,20000,7
22122820,20000,20000,7
22122821,20000,20000,7
22122822,20000,20000,7
22122823,20000,20000,6
22122900,20000,20000,6
22122901,20000,20000,6
22122902,20000,20000,6
22122903,20000,20000,6
22122904,20000,20000,6
22122905,20000,20000,6
22122906,20000,20000,6
22122907,20000,20000,6
22122908,20000,20000,6
22122909,20000,20000,6
22122910,20000,20000,6
22122911,20000,20000,6
22122912,20000,20000,6
22122913,20000,20000,6
22122914,20000,20000,6
22122915,20000,20000,6
22122916,20000,20000,6
22122917,20000,20000,5
22122918,20000,20000,5
22122919,20000,20000,5
22122920,20000,20000,5
22122921,20000,20000,5
22122922,20000,20000,5
22122923,20000,20000,5
22123000,20000,20000,5
22123001,20000,20000,5
22123002,20000,20000,5
22123003,20000,20000,5
22123004,20000,20000,5
22123005,20000,20000,5
22123006,20000,20000,5
22123007,20000,20000,5
22123008,20000,20000,5
22123011,10786,10786,5
22123012,10786,10786,5
22123013,10786,10786,5
22123014,10786,10786,5
22123015,10786,10786,5
22123016,10786,10786,5
22123017,10786,10786,5
22123018,10786,10786,5
22123019,10786,10786,5
22123020,10786,10786,6
22123021,10786,10786,6
22123022,10786,10786,6
22123023,10786,10786,13
22123100,10786,10786,13
22123101,10786,10786,13
22123102,10786,10786,13
22123103,10786,10786,13
22123104,10786,10786,13
22123105,10786,10786,13
22123106,10786,10786,13
22123107,10786,10786,13
22123108,10786,10786,13
22123109,10786,10786,13
22123110,10786,10786,13
22123111,10786,10786,6
22123112,10786,10786,6
22123113,10786,10786,6
22123114,10786,10786,6
22123115,10786,10786,6
22123116,10786,10786,6
22123117,10786,10786,6
22123118,10786,10786,6
22123119,10786,10786,6
22123120,10786,10786,6
22123121,10786,10786,6
22123122,10786,10786,6
22123123,10786,10786,6
23010100,10786,10786,6
23010101,10786,10786,6
23010102,10786,10786,6
23010103,10786,10786,6
23010104,10786,10786,6
23010105,10786,10786,6
23010106,10786,10786,6
23010107,10786,10786,6
23010108,10786,10786,6
23010109,10786,10786,6
23010110,10786,10786,6
23010111,10786,10786,1
23010112,10786,10786,1
23010113,10786,10786,6
23010114,10786,10786,6
23010115,10786,10786,6
23010116,10786,10786,6
23010117,10786,10786,6
23010118,10786,10786,6
23010119,10786,10786,6
23010120,10786,10786,5
23010121,10786,10786,5
23010122,10786,10786,5
23010123,10786,10786,5
23010200,10786,10786,5
23010201,10786,10786,5
23010202,10786,10786,5
23010203,10786,10786,5
23010204,10786,10786,5
23010205,10786,10786,5
23010206,10786,10786,5
23010207,10786,10786,5
23010208,10786,10786,5
23010209,10786,10786,5
23010210,10786,10786,5
23010211,10785,10786,6
23010212,10785,10786,6
23010213,10785,10786,6
23010214,10785,10785,16
23010215,10785,10785,16
23010216,10785,10785,16
23010217,10785,10785,16
23010218,10785,10785,16
23010219,10785,10785,16
23010220,10785,10785,16
23010221,10785,10785,17
23010222,10785,10785,17
23010223,5000,10785,24
23010300,5000,10785,24
23010301,5000,10785,24
23010302,5000,10785,24
23010303,5000,10785,24
23010304,5000,10785,24
23010305,5000,10785,24
23010306,5000,10785,24
23010307,5000,10785,24
23010308,5000,10785,24
23010309,5000,10785,23
23010310,5000,10785,23
23010311,10785,10785,16
23010312,10785,10785,24
23010313,10785,10785,24
23010314,10785,10785,14
23010315,10785,10785,14
23010316,10785,10785,14
23010317,10785,10785,14
23010318,10246,10785,25
23010319,10246,10785,25
23010320,10246,10785,25
23010321,10246,10785,25
23010322,10246,10785,25
23010323,10246,10785,25
23010400,10246,10785,25
23010401,10246,10785,25
23010402,10246,10785,25
23010403,10246,10785,25
23010404,10246,10785,25
23010405,10246,10785,25
23010406,10246,10785,25
23010407,10246,10785,25
23010408,10246,10785,25
23010409,10246,10785,25
23010410,10246,10785,25
23010411,10246,10785,24
23010412,10246,10785,24
23010413,10246,10785,24
23010414,10246,10785,24
23010415,10246,10785,24
23010416,10246,10785,24
23010417,10246,10785,24
23010418,10246,10785,14
23010419,10246,10785,14
23010420,10246,10785,15
23010421,10246,10785,15
23010422,10246,10785,15
23010423,10246,10785,15
23010500,10246,10785,25
23010501,10246,10785,25
23010502,10246,10785,25
23010503,10246,10785,25
23010504,10246,10246,34
23010505,10246,10246,34
23010506,10246,10246,34
23010507,10246,10246,34
23010508,10246,10246,33
23010509,10246,10246,33
23010510,10246,10246,33
23010511,10246,10246,33
23010512,10246,10246,25
23010513,10246,10246,20
23010514,10246,10246,20
23010515,10246,10246,28
23010516,10246,10246,28
23010517,10246,10246,28
23010518,10246,10246,27
23010519,10246,10246,27
23010520,10246,10246,27
23010521,10246,10246,37
23010522,10246,10246,37
23010523,10246,10246,37
23010600,10246,10246,37
23010601,10246,10246,37
23010602,10246,10246,37
23010603,10246,10246,37
23010604,10246,10246,28
23010605,10246,10246,28
23010606,10246,10246,37
23010607,10246,10246,37
23010608,10246,10246,37
23010609,10246,10246,42
23010610,10246,10246,42
23010611,10246,10246,42
23010612,10246,10246,42
23010613,10246,10246,42
23010614,10246,10246,42
23010615,10246,10246,42
23010616,10246,10246,42
23010617,10246,10246,42
23010618,10246,10246,42
23010619,10246,10246,42
23010620,10246,10246,46
23010621,10246,10246,36
23010622,10246,10246,36
23010623,10246,10246,36
23010700,10246,10246,26
23010701,10246,10246,26
23010702,10246,10246,26
23010703,10246,10246,26
23010704,10246,10246,26
23010705,10246,10246,26
23010706,10246,10246,17
23010707,10246,10246,17
23010708,10246,10246,17
23010709,10246,10246,17
23010710,10246,10246,17
23010711,10246,10246,17
23010712,10246,10246,17
23010713,10246,10246,17
23010714,10246,10246,17
23010715,10245,10246,10
23010716,10245,10245,20
23010717,10245,10245,20
23010718,10245,10245,20
23010719,10245,10245,20
23010720,10245,10245,16
23010721,9733,10245,28
23010722,9733,10245,32
23010723,9733,10245,32
23010800,9733,10245,32
23010801,9733,10245,32
23010802,9733,10245,32
23010803,9733,10245,32
23010804,9700,10245,40
23010805,9700,10245,40
23010806,9700,10245,40
23010807,9700,10245,40
23010808,9700,10245,40
23010809,9700,10245,35
23010810,9700,10245,35
23010811,9700,10245,43
23010812,9700,10245,43
23010813,9700,10245,43
23010814,9700,10245,43
23010815,9700,10245,43
23010816,9700,9733,33
23010817,9700,9733,33
23010818,9700,9733,33
23010819,9700,9733,33
23010820,9700,9733,33
23010821,9700,9700,24
23010822,9700,9700,20
23010823,9700,9700,20
23010900,9700,9700,20
23010901,9700,9700,20
23010902,9700,9700,20
23010903,9700,9700,20
23010904,9700,9700,20
23010905,9700,9700,20
23010906,9700,9700,20
23010907,9700,9700,20
23010908,9700,9700,20
23010909,9700,9700,20
23010910,9700,9700,20
23010911,9700,9700,20
23010912,9700,9700,20
23010913,9700,9700,25
23010914,9700,9700,25
23010915,9700,9700,38
23010916,9700,9700,38
23010917,9700,9700,38
23010918,9700,9700,38
23010919,9700,9700,38
23010920,9700,9700,38
23010921,9700,9700,38
23010922,9700,9700,38
23010923,9700,9700,38
23011000,9700,9700,38
23011001,9700,9700,38
23011002,9700,9700,38
23011003,9700,9700,38
23011004,9700,9700,38
23011005,9700,9700,38
23011006,9700,9700,38
23011007,9700,9700,38
23011008,9700,9700,38
23011009,9700,9700,38
23011010,9700,9700,38
23011011,9700,9700,19
23011012,9700,9700,19
23011013,9700,9700,19
23011014,9700,9700,19
23011015,9700,9700,5
23011016,9700,9700,13
23011017,9700,9700,13
23011018,9700,9700,13
23011019,9700,9700,13
23011020,9700,9700,13
23011021,9700,9700,13
23011022,9700,9700,13
23011023,9700,9700,13
23011100,9700,9700,13
23011101,5000,9700,21
23011102,5000,9700,21
23011103,5000,9700,21
23011104,5000,9700,21
23011105,5000,9700,21
23011106,5000,9700,21
23011107,5000,9700,21
23011108,5000,9700,21
23011109,5000,9700,21
23011110,5000,9700,21
23011111,5000,9700,21
23011112,5000,9700,21
23011113,5000,7350,16
23011114,5000,7350,16
23011115,5000,5000,30
23011116,5000,5000,30
23011117,5000,5000,30
23011118,5000,5000,30
23011119,5000,5000,30
23011120,5000,5000,30
23011121,5000,5000,30
23011122,5000,5000,30
23011123,5000,5000,30
23011200,5000,5000,30
23011201,5000,5000,30
23011202,5000,5000,30
23011203,5000,5000,30
23011204,5000,5000,30
23011205,5000,5000,30
23011206,5000,5000,30
23011207,5000,5000,30
23011208,5000,5000,30
23011209,5000,5000,30
23011210,5000,5000,30
23011211,5000,5000,35
23011212,5000,5000,35
23011213,5000,5000,35
23011214,5000,6017,21
23011215,5000,5000,13
23011216,5000,5000,13
23011217,5000,5000,13
23011218,5000,5000,13
23011219,5000,5000,13
23011220,5000,5000,13
23011221,5000,5000,13
23011222,5000,5000,13
23011223,5000,5000,13
23011300,5000,5000,13
23011301,6017,6017,5
23011302,6017,6017,5
23011303,6017,6017,5
23011304,6017,6017,5
23011305,6017,6017,5
23011306,6017,6017,5
23011307,6017,6017,5
23011308,6017,6017,5
23011309,6017,6017,5
23011310,6017,6017,5
23011311,6017,6017,15
23011312,6017,6017,15
23011313,6017,6017,15
23011314,6017,6017,15
23011315,6017,6017,15
23011316,6017,6017,15
23011318,5000,5000,14
23011319,5000,5000,14
23011320,5000,5000,14
23011321,5000,5000,14
23011322,5000,5000,14
23011323,5000,5000,24
23011400,5000,5000,24
23011401,5000,5000,24
23011402,1000,5000,32
23011403,1000,5000,32
23011404,1000,5000,32
23011405,1000,5000,32
23011406,1000,5000,32
23011407,1000,5000,32
23011408,1000,5000,32
23011409,1000,5000,32
23011410,1000,5000,32
23011411,1000,5000,32
23011412,1000,5000,32
23011413,1000,5000,32
23011414,1000,5000,32
23011415,1000,5000,32
23011416,1000,5000,32
23011417,1000,5000,32
23011418,1000,5000,18
23011419,1000,5000,18
23011420,1000,1000,32
23011421,1000,1000,32
23011422,1000,1000,32
23011423,1000,1000,32
23011500,1000,1000,32
23011501,1000,1000,32
23011502,1000,1000,32
23011503,1000,1000,32
23011504,1000,1000,32
23011505,1000,1000,32
23011506,1000,1000,32
23011507,1000,1000,32
23011508,1000,1000,32
23011509,1000,1000,32
23011510,1000,1000,32
23011511,1000,1000,32
23011512,1000,1000,32
23011513,1000,1000,32
23011514,1000,1000,32
23011515,1000,1000,32
23011516,1000,1000,32
23011517,1000,1000,32
23011518,1000,1000,32
23011519,1000,1000,32
23011520,1000,5000,18
23011521,1000,5000,19
23011522,1000,1000,33
23011523,1000,1000,23
23011600,1000,1000,23
23011601,1000,1000,23
23011602,1000,1000,15
23011603,1000,1000,15
23011604,1000,1000,15
23011605,1000,1000,15
23011606,1000,1000,15
23011607,1000,1000,15
23011608,1000,1000,15
23011609,1000,1000,15
23011610,1000,1000,15
23011611,1000,1000,15
23011612,1000,1000,15
23011613,1000,1000,15
23011614,1000,1000,15
23011615,1000,1000,15
23011616,1000,1000,15
23011617,1000,1000,15
23011618,1000,1000,15
23011619,1000,1000,15
23011620,1000,1000,15
23011621,1000,1000,15
23011622,1000,1000,15
23011623,1423,1423,1
23011700,1423,1423,1
23011701,1423,1423,1
23011702,1423,1423,1
23011703,1423,1423,1
23011704,1423,1423,1
23011705,1423,1423,1
23011706,1423,1423,1
23011707,1423,1423,1
23011708,1423,1423,1
23011709,1423,1423,1
23011710,1423,1423,1
23011711,1423,1423,1
23011712,1423,1423,1
23011713,1423,1423,1
23011714,1423,1423,1
23011715,1423,1423,1
23011716,1423,1423,1
23011717,1423,1423,1
23011718,1423,1423,1
23011719,1423,1423,8
23011720,1423,1423,8
23011721,1423,1423,7
23011722,1423,1423,7
23011723,1000,1000,14
23011800,1000,1000,14
23011801,1000,1000,14
23011802,1000,1000,14
23011803,1000,1000,14
23011804,1000,1000,14
23011805,1000,1000,14
23011806,1000,1000,14
23011807,1000,1000,14
23011808,1000,1000,14
23011809,1000,1000,14
23011810,1000,1000,14
23011811,1000,1000,14
23011812,1000,1000,14
23011813,1000,1000,14
23011814,1000,1000,14
23011815,1000,1000,14
23011816,1000,1000,14
23011817,1000,1000,14
23011818,1000,1000,15
23011819,1000,1000,15
23011820,1000,1000,15
23011821,1000,1000,15
23011822,1000,1000,15
23011823,1000,1000,1
23011900,1000,1000,1
23011901,1000,1000,1
23011902,1000,1000,1
23012200,5103,5103,1
23012201,5103,5103,1
23012202,5103,5103,1
23012203,5103,5103,1
23012204,5103,5103,1
23012205,5103,5103,1
23012206,5103,5103,1
23012207,5103,5103,1
23012208,5103,5103,1
23012209,5103,5103,1
23012210,5103,5103,1
23012211,5103,5103,1
23012212,5103,5103,1
23012213,5103,5103,1
23012214,5103,5103,1
23012215,5103,5103,1
23012216,5103,5103,1
23012503,20000,20000,1
23012504,20000,20000,1
23012505,20000,20000,1
23012506,14062,14062,10
23012507,14062,14062,10
23012508,14062,14062,10
23012509,14062,14062,10
23012510,14062,14062,10
23012511,14062,14062,10
23012512,14062,14062,10
23012513,14062,14062,10
23012514,5062,14062,12
23012515,5062,14062,12
23012516,5062,14062,12
23012517,5062,14062,12
23012518,5062,14062,12
23012519,5062,14062,12
23012520,5062,14062,12
23012521,5062,14062,12
23012522,5062,14062,12
23012523,5062,14062,12
23012600,5062,9562,20
23012601,5062,9562,20
23012602,5062,9562,20
23012603,5062,9562,20
23012604,5062,5062,21
23012605,5062,5062,21
23012606,5062,5062,12
23012607,5062,5062,12
23012608,5062,5062,12
23012609,5062,5062,12
23012610,5062,5062,12
23012611,5062,5062,12
23012612,5062,5062,12
23012613,5062,5062,12
23012614,5062,5062,12
23012615,5062,5062,12
23012616,5062,5062,12
23012617,5062,5062,12
23012618,5062,5062,12
23012619,5062,5062,12
23012620,5062,5062,12
23012621,5062,5062,12
23012622,5062,5062,12
23012623,5062,5062,12
23012700,5062,5062,4
23012701,5062,5062,4
23012702,5062,5062,4
23012703,5062,5062,3
23012704,5062,5062,3
23012705,5062,5062,3
23012706,5062,5062,3
23012707,5062,5062,3
23012708,5062,5062,3
23012709,5062,5062,3
23012710,5062,5062,3
23012711,5062,5062,3
23012712,5062,5062,3
23012713,5062,5062,3
23012714,5062,5062,1
23012715,5062,5062,1
23012716,5062,5062,1
23012717,5062,5062,1
23012718,5062,5062,1
23012719,5062,5062,1
23012720,5062,5062,1
23012721,5062,5062,1
23012722,1062,1062,3
23012723,1062,1062,3
23012800,1062,1062,3
23012801,1062,1062,3
23012802,1062,1062,3
23012803,1062,1062,3
23012804,1062,1062,2
23012805,1062,1062,3
23012806,1062,1062,3
23012807,1062,1062,3
23012808,1062,1062,3
23012809,1062,1062,3
23012810,1062,1062,3
23012811,1062,1062,3
23012812,1062,1062,3
23012813,1062,1062,3
23012814,1062,1062,3
23012815,1062,1062,3
23012816,1062,1062,3
23012817,1062,1062,3
23012818,1062,1062,3
23012819,1062,1062,3
23012820,1062,1062,3
23012821,1062,1062,3
23012822,1062,1062,3
23012823,1062,1062,3
23012900,1062,1062,3
23012901,1062,1062,3
23012902,1062,1062,3
23012903,1062,1062,3
23012904,1062,1062,3
23012905,1062,1062,3
23012906,1062,1062,3
23012907,1062,1062,3
23012908,1062,1062,3
23012909,1062,1062,3
23012910,1062,1062,3
23012911,1062,1062,3
23012912,1062,1062,3
23012913,1062,1062,3
23012914,1062,1062,3
23012915,1062,1062,3
23012916,1062,1062,3
23012917,1062,1062,3
23012918,1062,1062,3
23012919,1062,1062,3
23012920,1062,1062,3
23012921,1062,1062,3
23012922,111277,111277,1
23012923,111277,111277,1
23013000,111277,111277,1
23013001,111277,111277,1
23013002,111277,111277,1
23013003,1077,1077,3
23013004,1077,1077,3
23013005,1077,1077,3
23013006,1077,1077,3
23013007,1077,1077,3
23013008,1077,1077,3
23013009,1077,1077,3
23013010,1077,1077,3
23013011,1077,1077,3
23013012,1077,1077,3
23013013,1077,1077,3
23013014,1077,1077,3
23013015,1077,1077,3
23013016,1077,1077,3
23013017,1077,1077,3
23013018,1077,1077,3
23013019,1077,1077,3
23013020,1077,1077,3
23013021,1077,1077,3
23013022,1077,1077,3
23013023,1077,1077,3
23013100,1077,1077,3
23013101,1077,1077,3
23013102,1077,1077,3
23013103,1077,1077,3
23013104,1077,1077,3
23013105,1077,1077,3
23013106,1077,1077,3
23013107,1077,1077,3
23013108,1077,1077,3
23013109,1077,1077,3
23013110,1077,1077,3
23013111,1077,1077,3
23013112,1077,1077,3
23013113,1077,1077,2
23013114,1077,1077,2
23013115,1077,1077,2
23013116,1077,1077,2
23013117,1077,1077,2
23013118,1077,1077,2
23013119,1077,1077,2
23013120,1077,1077,2
23013121,1077,1077,2
23013122,1077,1077,2
23013123,800,800,10
23020100,800,800,10
23020101,800,800,10
23020102,800,800,10
23020103,800,800,8
23020104,800,800,8
23020105,800,800,9
23020106,800,800,9
23020107,800,800,9
23020108,800,800,9
23020109,800,800,9
23020110,800,800,9
23020111,800,800,9
23020112,800,800,9
23020113,800,800,9
23020114,800,800,9
23020115,800,800,9
23020116,100,800,11
23020117,800,800,9
23020118,800,800,9
23020119,800,800,9
23020120,800,800,9
23020121,800,800,9
23020122,800,800,9
23020123,800,800,9
23020200,800,800,9
23020201,800,800,9
23020202,800,800,9
23020203,800,800,9
23020204,800,800,9
23020205,800,800,9
23020206,800,800,9
23020207,800,800,9
23020208,800,800,9
23020209,800,800,9
23020210,800,800,9
23020211,800,800,9
23020212,800,800,9
23020213,800,800,9
23020214,800,800,9
23020215,800,800,9
23020216,800,800,9
23020217,800,800,9
23020218,800,800,9
23020219,800,800,9
23020220,800,800,9
23020221,800,800,9
23020222,800,800,9
23020223,103534,103534,1
23020300,103534,103534,1
23020301,103534,103534,1
23020302,103534,103534,1
23020303,103534,103534,1
23020304,103534,103534,1
23020310,3399,3399,9
23020311,3399,3399,9
23020312,3399,3399,9
23020313,3399,3399,9
23020314,3399,3399,9
23020315,3399,3399,10
23020316,3399,3399,10
23020317,3399,3399,10
23020318,3399,3399,10
23020319,3399,3399,10
23020320,3399,3399,10
23020321,3399,3399,10
23020322,3399,3399,10
23020323,3399,3399,10
23020400,3399,3399,10
23020401,3399,3399,10
23020402,3399,3399,10
23020403,3399,3399,10
23020404,3399,3399,10
23020405,3399,3399,10
23020406,3399,3399,10
23020407,3399,3399,10
23020408,3399,3399,10
23020409,3399,3399,10
23020410,103534,103534,1
23020411,103534,103534,1
23020412,103534,103534,1
23020413,103534,103534,1
23020414,103534,103534,1
23020415,103534,103534,1
23020416,98358,100946,2
23020417,98358,100946,2
23020418,98358,100946,2
23020419,98358,100946,2
23020420,98358,100946,2
23020421,98358,100946,2
23020422,9592,9592,11
23020423,9592,9592,11
23020500,9592,9592,11
23020501,9592,9592,11
23020502,9592,9592,19
23020503,9592,9592,19
23020504,9592,9592,19
23020505,9592,9592,19
23020506,9592,9592,19
23020507,9592,9592,19
23020508,9592,9592,19
23020509,9592,9592,19
23020510,9592,9592,19
23020511,9592,9592,19
23020512,9592,9592,26
23020513,9592,9592,26
23020514,9592,9592,26
23020515,9592,9592,25
23020516,9592,9592,25
23020517,9592,9592,25
23020518,9592,9592,25
23020519,9592,9592,25
23020520,9592,9592,25
23020521,9592,9592,25
23020522,9592,9592,16
23020523,7593,9592,17
23020600,7593,9592,17
23020601,7593,9592,17
23020602,7593,9592,17
23020603,7593,9592,17
23020604,7593,9592,17
23020605,7593,9592,17
23020606,7593,9592,17
23020607,7593,9592,17
23020608,7593,9592,17
23020609,7593,9592,17
23020610,7593,9592,17
23020611,7593,9592,17
23020612,7593,9592,17
23020613,7593,9592,17
23020614,7593,9592,17
23020615,7593,9592,17
23020616,7593,9592,16
23020617,7593,9592,16
23020618,7593,9592,16
23020619,7593,9592,16
23020620,7593,9592,16
23020621,7593,9592,16
23020622,7593,9592,16
23020623,7593,9592,16
23020700,7593,9592,16
23020701,9592,9592,2
23020705,10316,10316,5
23020706,10316,10316,5
23020707,10316,10316,5
23020708,10316,10316,5
23020709,10316,10316,5
23020710,10316,10316,5
23020711,10316,10316,5
23020712,10316,10316,5
23020713,10316,10316,5
23020714,10316,10316,5
23020715,10316,10316,5
23020716,10316,10316,5
23020717,10316,10316,5
23020718,10316,10316,5
23020719,10316,10316,5
23020720,10316,10316,5
23020721,10316,10316,5
23020722,10316,10316,5
23020723,10316,10316,5
23020800,10316,10316,5
23020801,10316,10316,5
23020802,10316,10316,6
23020803,10316,10316,6
23020804,10316,10316,6
23020805,10316,10316,1
23020806,10316,10316,1
23020807,10316,10316,1
23020808,10316,10316,1
23020809,10316,10316,1
23020810,10316,10316,1
23020811,10316,10316,1
23020812,10316,10316,1
23020813,10316,10316,1
23020814,10316,10316,1
23020815,10316,10316,1
23020816,10316,10316,1
23020817,10316,10316,10
23020818,10316,10316,10
23020819,10316,10316,10
23020820,10316,10316,10
23020821,10316,10316,10
23021116,14370,14370,5
23021117,14370,14370,5
23021118,14370,14370,5
23021119,14370,14370,5
23021120,14370,14370,5
23021121,14370,14370,5
23021122,14370,14370,5
23021123,14370,14370,5
23021200,14370,14370,5
23021201,14370,14370,5
23021202,14370,14370,5
23021203,14370,14370,5
23021204,14370,14370,5
23021205,14370,14370,5
23021206,14370,14370,5
23021207,14370,14370,5
23021208,14370,14370,5
23021209,14370,14370,5
23021210,14370,14370,10
23021211,14370,14370,10
23021212,14370,14370,10
23021213,14370,14370,10
23021214,14370,14370,10
23021215,14370,14370,14
23021216,14370,14370,9
23021217,14370,14370,9
23021218,14370,14370,10
23021219,14370,14370,10
23021220,14370,14370,10
23021221,14370,14370,10
23021420,200,200,8
23021507,376,376,5
23021508,376,376,5
23021509,376,376,5
23021510,376,376,5
23021511,376,376,5
23021512,376,376,5
23021513,376,376,5
23021514,376,376,5
23021515,376,376,5
23021516,376,376,5
23021517,376,376,5
23021518,376,376,5
23021911,9592,9592,1
23021912,9592,9592,1
23021913,9592,9592,1
23021914,9592,9592,1
23021915,9592,9592,1
23021916,9592,9592,1
23021917,9592,9592,1
23021918,9592,9592,1
23021919,9592,9592,1
23021920,9592,9592,1
23021921,9592,9592,1
23021922,9592,9592,1
23021923,9592,9592,1
23022419,10316,10316,1
23022420,10016,10016,3
23022421,10016,10016,3
23022422,10016,10016,3
23022423,10016,10016,3
23022500,10016,10016,3
23022501,10016,10016,3
23030200,200050,200050,1
23030201,200050,200050,1
23030202,200050,200050,1
23030203,200050,200050,1
23030204,200050,200050,1
23030205,200050,200050,1
23030206,200050,200050,1
23030207,200050,200050,1
23030208,200050,200050,1
23030209,200050,200050,1
23030210,200050,200050,1
23030211,200050,200050,1
23030212,200050,200050,1
23030213,200050,200050,1
23030214,200050,200050,1
23030215,200050,200050,1
23030216,200050,200050,1
23030217,200050,200050,1
23030218,200050,200050,1
23030219,200050,200050,1
23030220,200050,200050,1
23030221,200050,200050,1
23030222,200050,200050,1
23030223,200050,200050,1
23030300,200050,200050,1
23030301,200050,200050,1
23030302,200050,200050,1
23030303,200050,200050,1
23030304,200050,200050,1
23030305,200050,200050,1
23030306,200050,200050,1
23030307,200050,200050,1
23030308,200050,200050,1
23030309,200050,200050,1
23030310,200050,200050,1
23030311,200050,200050,1
23030312,200050,200050,1
23030313,200050,200050,1
23030314,200050,200050,1
23030315,200050,200050,1
23030316,200050,200050,1
23030317,200050,200050,1
23030318,200050,200050,1
23031608,200000,200000,2
23031609,200000,200000,2
23031610,200000,200000,2
23031611,200000,200000,2
23031612,200000,200000,2
23031613,200000,200000,2
23031614,200000,200000,2
23031615,200000,200000,2
23031616,200000,200000,2
23031617,200000,200000,2
23031618,200000,200000,2
23031619,200000,200000,2
23031620,200000,200000,2
23031621,200000,200000,2
23031622,200000,200000,2
23031623,200000,200000,2
23031700,200000,200000,2
23031701,200000,200000,2
23031702,200000,200000,2
23031703,200000,200000,2
23031704,200000,200000,2
23031705,200000,200000,2
23031706,200000,200000,2
23031707,200000,200000,2
23031708,200000,200000,2
23031709,200000,200000,2
23031710,200000,200000,2
23031711,200000,200000,2
23031712,200000,200000,2
23031713,200000,200000,2
23031714,200000,200000,2
23031715,200000,200000,2
23031716,200000,200000,2
23031717,200000,200000,2
23031718,200000,200000,2
23031719,200000,200000,2
23031720,200000,200000,2
23031721,200000,200000,2
23031722,200000,200000,2
23031723,200000,200000,2
23031800,200000,200000,2
23031801,200000,200000,2
23031802,200000,200000,2
23031803,200000,200000,2
23031804,200000,200000,2
23031805,200000,200000,2
23031806,200000,200000,2
23031807,200000,200000,2
23032001,200000,200000,7
23032002,200000,200000,7
23032003,200000,200000,7
23032004,200000,200000,7
23032005,200000,200000,7
23032006,200000,200000,7
23032007,200000,200000,7
23032008,200000,200000,7
23032009,200000,200000,7
23032010,200000,200000,7
23032011,200000,200000,7
23032012,200000,200000,7
23032013,200000,200000,7
23032014,200000,200000,7
23032015,200000,200000,7
23032016,200000,200000,7
23032017,200000,200000,7
23032018,200000,200000,7
23032019,200000,200000,7
23032020,200000,200000,15
23032021,200000,200000,15
23032022,200000,200000,15
23032023,200000,200000,15
23032100,200000,200000,15
23032101,200000,200000,15
23032102,200000,200000,15
23032103,200000,200000,15
23032104,200000,200000,15
23032105,200000,200000,15
23032106,200000,200000,15
23032107,200000,200000,15
23032108,200000,200000,15
23032109,200000,200000,15
23032110,200000,200000,15
23032111,200000,200000,15
23032112,200000,200000,15
23032113,200000,200000,15
23032114,200000,200000,15
23032115,200000,200000,15
23032116,200000,200000,15
23032117,200000,200000,15
23032118,200000,200000,15
23032119,200000,200000,15
23032120,200000,200000,15
23032121,200000,200000,7
23032122,200000,200000,7
23032123,200000,200000,7
23032200,200000,200000,7
23032216,200000,200000,6
23032217,200000,200000,6
23032218,200000,200000,6
23032219,200000,200000,6
23032220,200000,200000,6
23032221,200000,200000,6
23032222,200000,200000,6
23032223,200000,200000,6
23032300,200000,200000,8
23032301,200000,200000,8
23032302,200000,200000,8
23032303,200000,200000,8
23032304,200000,200000,8
23032305,200000,200000,8
23032306,200000,200000,8
23032307,200000,200000,8
23032308,200000,200000,8
23032309,200000,200000,8
23032310,200000,200000,8
23032311,200000,200000,8
23032312,200000,200000,8
23032313,200000,200000,8
23032314,200000,200000,8
23032315,200000,200000,8
23032316,200000,200000,8
23032317,200000,200000,8
23032318,200000,200000,8
23032319,200000,200000,8
23032320,200000,200000,8
23032321,200000,200000,8
23032322,200000,200000,8
23032323,200000,200000,8
23032400,200000,200000,8
23032401,200000,200000,8
23032402,200000,200000,8
23032403,200000,200000,8
23032404,200000,200000,8
23032405,200000,200000,8
23032406,200000,200000,8
23032407,200000,200000,8
23032408,200000,200000,8
23032409,200000,200000,8
23032410,200000,200000,8
23032411,200000,200000,8
23032412,200000,200000,8
23032413,200000,200000,8
23032414,200000,200000,8
23032415,200000,200000,2
23032416,200000,200000,2
23032417,200000,200000,2
23032418,200000,200000,2
23032419,200000,200000,2
23032420,199999,200000,3
23032421,199999,200000,3
23032422,199999,200000,3
23032423,199999,199999,1
23032500,199999,199999,1
23032501,199999,199999,6
23032502,199900,199999,8
23032503,199900,199999,8
23032504,199900,199999,8
23032505,199900,199999,8
23032506,199900,199999,8
23032507,199900,199999,8
23032508,199900,199999,8
23032509,199900,199999,8
23032510,199900,199999,8
23032511,199900,199999,8
23032512,199900,199999,8
23032513,199900,199999,8
23032514,199900,199999,8
23032515,199900,199999,8
23032516,199900,199999,8
23032517,199900,199999,8
23032518,199900,199999,8
23032519,199900,199999,8
23032520,199900,199999,8
23032521,199900,199999,8
23032522,199900,199999,8
23032523,199900,199999,8
23032600,199900,199999,8
23032601,199900,199999,8
23032602,199900,199999,8
23032603,199900,199999,8
23032604,199900,199999,8
23032605,199900,199999,8
23032606,199900,199999,8
23032607,199900,199999,8
23032608,199900,199999,8
23032609,199900,199999,8
23032610,199900,199999,8
23032611,199900,199999,8
23032612,199900,199999,8
23032613,199900,199999,8
23032614,199900,199999,8
23032615,199900,199999,8
23032616,199900,199999,8
23032617,199900,199999,8
23032618,199900,199999,8
23032619,199900,199999,8
23032620,199899,199999,8
23032621,199899,199999,8
23032622,199899,199999,8
23032623,199899,199999,8
23032700,199899,199999,8
23032701,199899,199900,3
23032702,199899,199899,1
23032703,199899,199899,1
23032704,199899,199899,1
23032705,199899,199899,1
23032706,199899,199899,1
23032707,199899,199899,1
23032708,199899,199899,1
23032709,199899,199899,1
23032710,199899,199899,1
23032711,199899,199899,1
23032712,199899,199899,1
23032713,199899,199899,1
23032714,199899,199899,1
23032715,199899,199899,3
23032716,199899,199899,3
23032717,199899,199899,3
23032718,199800,199899,5
23032719,199800,199899,5
23032720,199800,199899,5
23032721,199800,199899,5
23032722,199799,199849,6
23032723,199799,199849,6
23032800,199799,199849,6
23032801,199799,199849,6
23032802,199799,199849,6
23032803,199799,199849,6
23032804,199799,199849,6
23032805,199799,199849,6
23032806,199799,199849,6
23032807,199799,199849,6
23032808,199799,199849,6
23032809,199799,199849,6
23032810,199799,199849,6
23032811,199799,199849,6
23032812,199799,199849,6
23032813,199799,199849,6
23032814,199799,199849,6
23032815,199799,199849,6
23032816,199799,199849,6
23032817,199799,199849,6
23032818,199799,199849,6
23032819,199799,199849,6
23032820,199799,199849,6
23032821,199799,199800,5
23032822,199799,199800,5
23032823,199799,199800,5
23032900,199799,199800,5
23032901,199799,199800,5
23032902,199799,199800,5
23032903,199799,199800,5
23032904,199799,199800,5
23032905,199799,199800,5
23032906,199799,199800,5
23032907,199799,199800,5
23032908,199799,199800,5
23032909,199799,199800,5
23032910,199799,199800,5
23032911,199799,199800,5
23032912,199799,199800,5
23032913,199799,199800,5
23032914,199799,199800,5
23032915,199799,199800,5
23032916,199799,199800,3
23032917,199799,199800,3
23032918,199799,199800,3
23032919,199799,199799,1
23032920,99900,99900,3
23032921,99899,99900,4
23032922,99899,99900,4
23032923,99899,99900,3
23033000,99899,99900,3
23033001,99899,99900,3
23033002,99899,99900,3
23033003,99899,99900,3
23033004,99899,99900,3
23033005,99899,99900,3
23033006,99899,99900,3
23033007,99899,99900,3
23033008,99899,99900,3
23033009,99899,99900,3
23033010,99899,99900,3
23033011,99899,99900,3
23033012,99899,99900,3
23033013,99899,99900,3
23033014,99899,99900,3
23033015,99899,99900,3
23033016,99899,99899,8
23033019,99899,99899,8
23033020,99899,99899,8
23033021,99899,99899,8
23033022,99899,99899,8
23033023,99899,99899,8
23033100,99899,99899,8
23033101,99899,99899,8
23033102,99899,99899,8
23033103,50099,50099,18
23033104,50099,50099,18
23033105,50099,50099,18
23033106,50099,50099,18
23033107,50099,50099,18
23033108,50099,50099,18
23033109,50099,50099,18
23033110,50099,50099,18
23033111,50099,50099,18
23033112,50099,50099,18
23033113,50099,50099,18
23033114,50099,50099,18
23033115,50099,50099,18
23033116,50099,50099,18
23033117,50099,50099,18
23033118,50099,50099,18
23033119,50099,50099,18
23033120,50099,50099,16
23033121,50099,50099,15
23033122,50099,50099,15
23033123,50099,50099,15
23040100,50099,50099,15
23040101,50099,50099,15
23040102,50099,50099,15
23040103,99899,99899,5
23040104,99899,99899,5
23040105,99899,99899,5
23040106,99899,99899,5
23040107,99899,99899,5
23040108,99899,99899,5
23040109,99899,99899,5
23040110,99899,99899,5
23040111,99899,99899,5
23040112,99899,99899,5
23040113,99899,99899,5
23040114,99899,99899,5
23040115,99899,99899,5
23040123,50099,50099,2
23040200,50099,50099,2
23040201,50099,50099,2
23040202,50099,50099,2
23040203,50099,50099,2
23040204,50099,50099,2
23040205,50099,50099,2
23040206,50099,50099,2
23040207,50099,50099,2
23040208,50099,50099,3
23040209,50099,50099,3
23040210,50099,50099,3
23040211,50099,50099,3
23040212,50099,50099,3
23040213,50099,50099,3
23040214,50099,50099,3
23040215,50099,50099,3
23040216,50099,50099,3
23040217,50099,50099,3
23040218,50099,50099,3
23040219,50099,50099,3
23040220,50099,50099,3
23040221,50099,50099,3
23040222,50099,50099,3
23040223,50000,50099,5
23040300,50000,50099,5
23040301,50000,50099,5
23040302,50000,50099,5
23040303,50000,50099,5
23040304,50000,50099,5
23040305,50000,50099,5
23040306,50000,50099,5
23040307,49999,50000,8
23040308,49999,50000,8
23040309,49999,50000,8
23040310,49999,50000,8
23040311,49999,50000,8
23040312,49999,50000,8
23040313,49999,50000,8
23040314,49999,50000,8
23040315,49999,50000,8
23040316,49999,50000,8
23040317,49999,50000,8
23040318,49999,50000,8
23040319,49999,50000,8
23040320,49999,50000,8
23040321,49999,50000,8
23040322,49999,50000,8
23040323,49999,49999,6
23040400,49999,49999,6
23040401,49999,49999,6
23040402,49999,49999,6
23040403,49999,49999,6
23040404,49999,49999,6
23040405,49999,49999,6
23040406,49999,49999,6
23040407,49999,49999,6
23040408,49999,49999,5
23040409,49999,49999,5
23040410,49999,49999,5
23040411,49999,49999,5
23040412,49999,49999,5
23040413,49999,49999,5
23040414,49999,49999,5
23040415,49999,49999,5
23040416,49999,49999,5
23040417,49999,49999,8
23040418,49999,49999,8
23040419,49999,49999,8
23040420,49999,49999,8
23040421,49999,49999,8
23040422,49999,49999,8
23040423,49999,49999,6
23040500,49999,49999,6
23040501,49999,49999,6
23040502,49999,49999,6
23040503,49999,49999,6
23040504,49999,49999,6
23040505,49999,49999,6
23040506,49999,49999,6
23040507,49999,49999,3
23040508,49999,49999,3
23040509,49999,49999,3
23040510,49999,49999,13
23040511,49999,49999,14
23040512,49999,49999,14
23040513,49999,49999,14
23040514,49999,49999,14
23040515,49999,49999,14
23040516,49999,49999,14
23040517,49998,49999,15
23040518,49998,49999,15
23040519,49998,49999,15
23040520,49998,49999,15
23040521,49998,49999,15
23040522,49998,49999,15
23040523,49998,49999,15
23040600,49998,49999,15
23040601,49998,49999,15
23040602,49998,49999,15
23040603,49998,49999,15
23040604,49998,49999,15
23040605,49998,49999,15
23040606,49998,49999,15
23040607,49998,49999,15
23040608,49998,49999,15
23040609,49998,49999,15
23040610,49998,49999,15
23040611,49998,49999,15
23040612,49998,49999,15
23040613,49998,49999,16
23040614,49998,49999,16
23040615,49998,49999,16
23040616,49998,49999,17
23040617,5697,49999,18
23040618,5697,49999,18
23040619,5697,49999,18
23040620,5697,49999,18
23040621,5697,49999,18
23040622,5697,49999,18
23040623,5697,49999,18
23040700,5697,49999,18
23040701,5697,49999,18
23040702,5697,49999,18
23040703,5697,49999,18
23040704,5697,49999,18
23040705,5697,49999,18
23040706,5697,49999,18
23040707,5697,49999,18
23040708,5697,49999,18
23040709,5697,49998,8
23040710,5697,49998,7
23040711,5697,5697,17
23040712,5697,5697,17
23040713,5697,5697,16
23040714,5697,5697,16
23040715,5697,5697,16
23040716,5697,5697,11
23040717,5697,5697,11
23040718,5697,5697,12
23040719,5697,5697,12
23040720,5696,5697,14
23040721,5696,5697,14
23040722,5696,5697,14
23040723,5696,5697,14
23040800,5696,5697,14
23040801,5696,5697,14
23040802,5696,5697,14
23040803,5696,5697,14
23040804,5696,5697,14
23040805,5696,5697,14
23040806,5696,5697,14
23040807,5696,5697,14
23040808,5696,5697,14
23040809,5696,5697,14
23040810,5696,5697,14
23040811,5696,5697,14
23040812,5696,5697,14
23040813,5696,5697,14
23040814,5696,5697,14
23040815,5696,5697,14
23040816,5696,5697,14
23040817,5696,5697,13
23040818,5696,5697,13
23040819,5696,5696,22
23040820,5696,5696,22
23040821,5695,5696,26
23040822,5695,5696,26
23040823,5695,5696,26
23040900,5695,5696,26
23040901,5695,5696,26
23040902,5695,5696,26
23040903,5695,5696,26
23040904,5695,5696,26
23040905,5695,5696,26
23040906,5695,5696,26
23040907,5695,5696,26
23040908,5695,5696,26
23040909,5695,5696,26
23040910,5695,5696,26
23040911,5695,5696,16
23040921,5695,5696,14
23040922,5695,5696,14
23040923,5695,5696,14
23041000,5695,5696,14
23041001,5695,5696,14
23041002,5695,5696,14
23041003,5695,5695,24
23041004,5695,5695,24
23041005,5695,5695,24
23041006,5695,5695,24
23041007,5695,5695,24
23041008,5695,5695,24
23041009,5695,5695,24
23041010,5695,5695,24
23041011,5695,5695,24
23041012,5695,5695,27
23041013,5695,5695,27
23041014,5695,5695,27
23041015,5695,5695,27
23041016,5695,5695,27
23041017,5695,5695,27
23041018,5695,5695,27
23041019,5695,5695,18
23041020,5695,5695,17
23041021,5695,5695,13
23041022,5695,5695,13
23041023,5695,5695,13
23041100,5695,5695,13
23041101,5695,5695,13
23041102,5695,5695,13
23041103,5695,5695,13
23041104,5695,5695,13
23041105,5695,5695,13
23041106,5695,5695,13
23041107,5695,5695,13
23041108,5695,5695,14
23041109,5695,5695,14
23041110,5695,5695,14
23041111,5600,5695,16
23041112,5600,5695,16
23041113,5600,5695,16
23041114,5600,5695,16
23041115,5600,5695,16
23041116,5600,5695,16
23041117,5600,5695,16
23041118,5600,5695,16
23041119,5600,5695,16
23041120,5600,5695,16
23041121,5600,5695,16
23041122,5600,5695,16
23041123,5600,5695,26
23041200,5600,5695,26
23041201,5600,5695,26
23041202,5600,5695,26
23041203,5600,5695,26
23041204,5600,5600,16
23041205,5600,5600,16
23041206,5600,5600,16
23041207,5600,5600,16
23041208,5600,5600,16
23041209,5600,5600,16
23041210,5600,5600,16
23041211,5600,5600,16
23041212,5600,5600,16
23041213,5600,5600,13
23041214,5600,5600,13
23041215,5600,5600,13
23041216,5600,5600,13
23041217,5600,5600,13
23041218,5599,5600,19
23041219,5599,5600,19
23041220,5599,5600,19
23041221,5599,5600,19
23041222,5599,5600,19
23041223,5599,5600,19
23041300,5599,5600,19
23041301,5599,5600,19
23041302,5599,5600,19
23041303,5599,5600,19
23041304,5599,5600,19
23041305,5599,5600,19
23041306,5599,5600,19
23041307,5599,5600,19
23041308,5599,5600,19
23041309,5599,5600,18
23041310,5599,5600,16
23041311,5599,5600,16
23041312,5599,5600,16
23041313,5599,5600,16
23041314,5599,5600,16
23041315,5599,5600,16
23041316,5599,5600,16
23041317,5599,5600,16
23041318,5599,5600,19
23041319,5599,5600,19
23041320,5599,5600,19
23041321,5599,5600,19
23041322,2100076,2100076,1
23041323,2100076,2100076,1
23041400,75870,1087973,2
23041401,75870,1087973,2
23041402,75870,1087973,2
23041403,75870,1087973,2
23041404,75870,1087973,2
23041405,75870,1087973,2
23041406,75870,1087973,2
23041407,75870,1087973,2
23041408,75870,1087973,2
23041409,75870,1087973,2
23041410,75870,1087973,2
23041411,75870,75870,12
23041412,75870,75870,12
23041413,75870,75870,12
23041414,75870,75870,12
23041415,75870,75870,12
23041416,75870,75870,12
23041417,75870,75870,12
23041418,75870,75870,25
23041419,75870,75870,25
23041420,75870,75870,25
23041421,75870,75870,25
23041422,75870,75870,25
23041423,75870,75870,25
23041500,75870,75870,25
23041501,75870,75870,25
23041502,75870,75870,25
23041503,75870,75870,25
23041504,75870,75870,25
23041505,75870,75870,25
23041506,75870,75870,25
23041507,75870,75870,25
23041508,75870,75870,25
23041509,75870,75870,25
23041510,75870,75870,25
23041511,75870,75870,25
23041512,75870,75870,25
23041513,75870,75870,25
23041514,75870,500000,34
23041515,75870,500000,34
23041516,75870,500000,34
23041517,75870,500000,34
23041518,75870,500000,30
23041519,75870,500000,30
23041520,75870,500000,30
23041521,75870,500000,30
23041522,75870,500000,29
23041523,75870,500000,29
23041600,75870,500000,28
23041601,75870,500000,28
23041602,75870,500000,28
23041603,75870,500000,32
23041604,75870,500000,32
23041605,75870,500000,32
23041606,75870,500000,32
23041610,75870,500000,32
23041612,75870,500000,22
23041613,75870,500000,22
23041614,75870,500000,22
23041615,75870,500000,22
23041616,75870,500000,22
23041617,75870,500000,22
23041618,75870,500000,13
23041619,75870,500000,14
23041620,75870,500000,14
23041621,75870,500000,14
23041622,75870,75870,21
23041623,75870,75870,21
23041700,75870,75870,21
23041701,75870,75870,21
23041702,75870,75870,21
23041703,75870,500000,17
23041704,75870,500000,17
23041705,75870,500000,17
23041706,75870,500000,17
23041707,75870,500000,17
23041708,75870,500000,17
23041709,75870,500000,17
23041710,75870,500000,17
23041711,75870,500000,17
23041712,75870,500000,17
23041713,75870,287935,18
23041714,75870,75870,9
23041715,75870,75870,10
23041716,75870,75870,10
23041717,75870,75870,14
23041718,75870,75870,14
23041719,75870,75870,13
23041720,75800,75870,15
23041721,75800,75870,15
23041722,75800,75870,8
23041723,75800,75870,8
23041800,75800,75870,8
23041801,75800,75870,8
23041802,75800,75870,8
23041803,75800,75870,8
23041804,75800,75870,8
23041805,75800,75870,8
23041806,75800,75870,8
23041807,75800,75870,8
23041808,75800,75870,8
23041809,75800,75870,8
23041810,75800,75870,8
23041811,75800,75800,18
23041812,75800,75800,18
23041813,75800,75800,17
23041814,75800,75800,17
23041815,75800,75835,26
23041816,75800,75835,26
23041817,75800,75800,22
23041818,75800,75800,26
23041819,75800,75800,27
23041820,75800,75800,27
23041821,75800,75800,27
23041822,75800,75800,27
23041823,75800,75800,27
23041900,75800,75800,27
23041901,75800,75800,34
23041902,75800,75800,34
23041903,75800,75800,34
23041904,75800,75800,34
23041905,75800,75800,34
23041906,75800,75800,34
23041907,75800,75800,34
23041908,75800,75800,34
23041909,75800,75800,34
23041910,75800,75800,34
23041911,75800,75800,34
23041912,75800,75800,34
23041913,75800,75800,34
23041914,75800,75800,34
23041915,75800,75800,32
23041916,75800,75800,32
23041917,75800,75800,32
23041918,75800,75800,28
23041919,75800,75800,27
23041920,75800,75800,25
23041921,75800,75800,25
23041922,75800,75800,25
23041923,75800,75800,25
23042000,75800,75800,25
23042001,75800,75800,18
23042002,75800,75800,18
23042003,75800,75800,18
23042004,75800,75800,18
23042005,75800,75800,18
23042006,75800,75800,22
23042007,75800,75800,22
23042008,75800,75800,23
23042009,75800,75800,23
23042010,75800,75800,23
23042011,75800,150070,13
23042012,75800,75800,23
23042013,75800,75800,23
23042014,75800,75800,23
23042015,75800,75800,15
23042016,75800,75800,15
23042017,75800,75800,15
23042018,75800,75800,17
23042019,75800,75800,17
23042020,75800,75800,17
23042021,75800,75800,17
23042022,75800,75800,17
23042023,75800,75800,17
23042100,75800,75800,17
23042101,75800,75800,17
23042102,75800,75800,17
23042103,75800,75800,17
23042104,75800,75800,17
23042105,75800,75800,17
23042106,75800,75800,13
23042107,75800,75800,13
23042108,75800,75800,12
23042109,75800,75800,12
23042110,75800,75800,12
23042111,75800,75800,12
23042112,75800,75800,12
23042113,75800,75800,12
23042114,75800,75800,12
23042115,75800,75800,12
23042116,75800,75800,13
23042117,75800,75800,13
23042118,75800,75800,13
23042119,75800,75800,21
23042120,75800,75800,21
23042121,75800,75800,21
23042122,75800,75800,21
23042123,75800,75800,21
23042200,75800,75800,21
23042201,75800,75800,21
23042202,75800,75800,21
23042203,75800,75800,21
23042204,75800,75800,21
23042205,75800,75800,21
23042206,75800,75800,21
23042207,75800,75800,21
23042208,75800,75800,21
23042209,75800,75800,21
23042210,75800,75800,21
23042211,75800,75800,21
23042212,75800,75800,11
23042213,75800,75800,11
23042214,75800,75800,11
23042215,75800,75800,11
23042216,75800,75800,10
23042217,75800,75800,11
23042218,75800,75800,9
23042219,75800,75800,9
23042220,75800,75800,9
23042221,75800,75800,9
23042222,75800,75800,9
23042223,75800,75800,9
23042300,75800,75800,9
23042301,75800,75800,9
23042302,75800,75800,9
23042303,75800,75800,9
23042304,75800,75800,9
23042305,75800,75800,9
23042306,75800,75800,9
23042307,75800,75800,9
23042308,75800,75800,9
23042309,75800,75800,9
23042310,75800,75800,19
23042311,75800,75800,19
23042312,55500,75800,21
23042313,55500,75800,21
23042314,55500,75800,21
23042315,55500,75800,21
23042316,55500,75800,21
23042317,55500,75800,24
23042318,55500,75800,24
23042319,55500,75800,17
23042320,55500,75800,17
23042321,55500,75800,17
23042322,55500,75800,17
23042323,55500,75800,17
23042400,55500,75800,17
23042401,55500,75800,17
23042402,55500,75800,17
23042403,55500,75800,17
23042404,55500,75800,17
23042405,55500,75800,17
23042406,55500,75800,17
23042407,55500,75800,17
23042408,55499,55500,27
23042409,55499,55500,27
23042410,55499,55500,27
23042411,55499,55500,27
23042412,55499,55500,27
23042413,55499,55500,27
23042414,55499,55500,27
23042415,55499,55500,27
23042416,55499,55500,27
23042417,55499,55500,23
23042418,55499,55500,23
23042419,55499,55499,26
23042420,55499,55499,26
23042421,55499,55499,26
23042422,55499,55499,26
23042423,55499,55499,26
23042500,55499,55499,26
23042501,55499,55499,26
23042502,55499,55499,26
23042503,55499,55499,26
23042504,55499,55499,26
23042505,55499,55499,26
23042506,55499,55499,26
23042507,55499,55499,26
23042508,55499,55499,26
23042509,55499,55499,26
23042510,55499,55499,26
23042511,55499,55499,16
23042512,55499,55499,24
23042513,55499,55499,25
23042514,55499,55499,25
23042515,55499,55499,25
23042516,55499,55499,25
23042517,55499,55499,25
23042518,55499,55499,21
23042519,55499,55499,21
23042520,55499,55499,21
23042521,55499,55499,21
23042522,55499,55499,21
23042523,55499,55499,21
23042600,55499,55499,21
23042601,55499,55499,21
23042602,55499,55499,21
23042603,55499,55499,21
23042604,55499,55499,21
23042605,55499,55499,21
23042606,55499,55499,21
23042607,55499,55499,11
23042608,55499,55499,11
23042609,55499,55499,11
23042610,55499,55499,11
23042611,55499,55499,11
23042612,55499,55499,11
23042613,55499,55499,10
23042614,55499,55499,10
23042615,53300,55499,12
23042616,53300,55499,12
23042617,53300,55499,12
23042618,53300,55499,12
23042619,53300,55499,12
23042620,53300,55499,12
23042621,53300,55499,12
23042622,53300,55499,12
23042623,53300,55499,12
23042700,53300,55499,12
23042701,53300,55499,12
23042702,53300,55499,12
23042703,53300,55499,12
23042704,53300,55499,12
23042705,53300,55499,12
23042706,53300,55499,12
23042707,53300,55499,12
23042708,53300,55499,12
23042709,53300,55499,12
23042710,53300,55499,12
23042711,53300,55499,12
23042712,53300,53300,2
23042713,53300,53300,2
23042714,53300,53300,12
23042715,53300,53300,12
23042716,53300,53300,12
23042717,53300,53300,12
23042718,53300,53300,12
23042719,53300,53300,12
23042720,53300,53300,12
23042721,53300,53300,12
23042722,53300,53300,12
23042723,53300,53300,12
23042800,53300,53300,12
23042801,53300,53300,12
23042802,53300,53300,12
23042803,53300,53300,12
23042804,53300,53300,12
23042805,53300,53300,12
23042806,53300,53300,12
23042807,53300,53300,12
23042808,53300,53300,12
23042809,53300,53300,12
23042810,53300,53300,12
23042811,53300,53300,12
23042812,53300,53300,12
23042813,53300,53300,12
23042814,53300,53300,12
23042815,53300,53300,10
23042816,53300,53300,10
23042817,53300,53300,10
23042818,53300,53300,10
23042819,53300,53300,10
23042820,53300,53300,11
23042821,53300,53300,11
23042822,53300,53300,11
23042823,53300,53300,12
23042900,53300,53300,12
23042901,53300,53300,12
23042902,53300,53300,16
23042903,53300,53300,16
23042904,33300,53300,18
23042905,33300,53300,18
23042906,33300,53300,18
23042907,33300,53300,18
23042908,33300,53300,18
23042909,33300,53300,18
23042910,33300,53300,18
23042911,33300,53300,18
23042912,33300,53300,18
23042913,33300,53300,18
23042914,33300,33300,18
23042915,33300,33300,18
23042916,33300,33300,18
23042917,33300,33300,18
23042918,33300,33300,18
23042919,33300,33300,18
23042920,33300,33300,17
23042921,33300,33300,17
23042922,33300,33300,17
23042923,33300,33300,17
23043000,33300,33300,17
23043001,33300,33300,17
23043002,33300,33300,13
23043003,33300,33300,13
23043004,33300,33300,13
23043005,33300,33300,13
23043006,33300,33300,13
23043007,33300,33300,13
23043008,33300,33300,13
23043009,33300,33300,15
23043010,33300,33300,15
23043011,33300,33300,15
23043012,33300,33300,15
23043013,33300,33300,15
23043014,33300,33300,15
23043015,33300,33300,15
23043016,33300,33300,15
23043017,33300,33300,19
23043018,33300,33300,19
23043019,33300,33300,19
23043020,33300,33300,19
23043021,33300,33300,19
23043022,33300,33300,19
23043023,33300,33300,18
23050100,33300,33300,18
23050101,33300,33300,18
23050102,33300,33300,18
23050103,33300,33300,18
23050104,33300,33300,16
23050105,33300,33300,16
23050106,33300,33300,16
23050107,33300,33300,16
23050108,33300,33300,16
23050109,33300,33300,14
23050110,33300,33300,14
23050111,33300,33300,14
23050112,33300,33300,14
23050113,33300,33300,14
23050114,33300,33300,4
23050115,33300,33300,4
23050116,33300,33300,4
23050119,99223,99223,1
23050203,600,600,2
23050204,600,600,2
23050205,600,600,2
23050206,600,600,2
23050207,600,250300,2
23050208,600,600,12
23050209,600,600,12
23050210,600,600,12
23050211,600,600,12
23050212,600,600,12
23050213,600,600,12
23050214,600,600,12
23050215,600,600,12
23050216,600,600,12
23050217,600,600,12
23050218,600,600,12
23050219,600,600,12
23050220,600,600,12
23050221,600,600,12
23050222,600,600,12
23050223,600,600,12
23050300,600,600,12
23050301,600,600,12
23050302,600,600,12
23050303,600,600,12
23050304,600,600,12
23050305,600,600,12
23050306,600,600,12
23050307,600,600,22
23050308,600,600,22
23050309,600,600,22
23050310,600,600,22
23050311,600,600,22
23050312,600,600,22
23050313,600,600,22
23050314,600,600,22
23050315,600,600,22
23050316,600,600,22
23050317,600,600,26
23050318,600,600,26
23050319,600,600,16
23050320,600,600,16
23050321,600,600,16
23050322,600,600,16
23050323,600,600,16
23050400,600,600,16
23050401,600,600,16
23050402,600,600,16
23050403,600,600,15
23050404,600,600,15
23050405,600,600,15
23050406,600,600,15
23050407,600,600,15
23050408,600,600,13
23050410,376,376,10
23050411,376,376,10
23050412,2200000,2200000,1
23050413,2200000,2200000,1
23050414,2200000,2200000,1
23050415,2200000,2200000,1
23050416,2200000,2200000,1
23050417,2200000,2200000,1
23050418,2200000,2200000,1
23050419,2200000,2200000,1
23050420,2200000,2200000,1
23050421,2200000,2200000,1
23050422,500000,1350000,2
23050423,500000,1350000,2
23050500,500000,1350000,2
23050501,500000,1350000,2
23050502,500000,1350000,2
23050503,500000,1350000,2
23050504,500000,1350000,2
23050505,500000,1350000,2
23050506,500000,1350000,2
23050507,500000,1350000,2
23050508,500000,1350000,2
23050509,500000,1350000,2
23050510,500000,1350000,2
23050511,500000,1350000,2
23050512,500000,1350000,2
23050513,500000,1350000,2
23050514,500000,1350000,2
23050515,50000,50000,12
23050516,50000,50000,12
23050517,50000,50000,12
23050518,50000,50000,12
23050519,50000,50000,12
23050520,50000,50000,12
23050521,50000,50000,12
23050522,50000,50000,12
23050523,50000,50000,12
23050600,50000,50000,12
23050601,50000,50000,12
23050602,50000,50000,12
23050603,500000,1350000,2
23050604,500000,1350000,2
23050605,500000,1350000,2
23050606,500000,1350000,2
23050607,500000,1350000,2
23050608,500000,1350000,2
23050609,500000,500000,7
23050610,500000,500000,7
23050611,500000,500000,7
23050612,500000,500000,6
23050613,500000,500000,6
23050614,500000,500000,6
23050615,500000,500000,6
23050616,500000,500000,6
23050617,500000,500000,6
23050618,500000,500000,6
23050619,500000,500000,6
23050620,500000,500000,6
23050621,500000,500000,1
23050708,376,376,5
23050709,376,376,5
23050710,376,376,5
23050711,376,376,5
23050719,10000,10000,10
23050720,10000,10000,10
23050721,10000,10000,10
23050722,10000,10000,11
23050723,10000,10000,11
23050800,10000,10000,11
23050801,10000,10000,11
23050802,10000,10000,11
23050803,10000,10000,11
23050804,10000,10000,11
23050805,10000,10000,11
23050806,10000,10000,11
23050807,10000,10000,1
23050808,10000,10000,1
23050809,10000,255000,2
23050810,10000,255000,2
23050811,10000,255000,2
23050812,10000,255000,2
23050813,10000,255000,2
23050814,10000,255000,2
23050815,10000,255000,2
23050816,10000,255000,2
23050817,10000,255000,2
23050818,10000,255000,2
23050819,10000,255000,2
23050820,10000,255000,2
23050821,500000,500000,1
23050822,500000,500000,1
23050823,500000,500000,1
23050900,500000,500000,1
23050901,500000,500000,1
23050902,500000,500000,1
23050903,500000,500000,1
23050904,500000,500000,1
23050905,500000,500000,1
23050906,500000,500000,1
23050907,500000,500000,1
23050908,500000,500000,1
23050909,500000,500000,1
23050910,500000,500000,1
23050911,500000,500000,1
23050912,500000,500000,1
23050913,500000,500000,1
23050914,500000,500000,1
23050915,500000,500000,1
23050916,500000,500000,1
23050917,500000,500000,1
23050918,500000,500000,11
23050919,500000,500000,11
23050920,500000,500000,11
23050921,500000,500000,11
23050922,500000,500000,11
23050923,500000,500000,11
23051000,500000,500000,11
23051001,500000,500000,11
23051002,500000,500000,11
23051003,500000,500000,11
23051004,500000,500000,11
23051005,500000,500000,11
23051006,500000,500000,1
23051007,500000,500000,1
23051008,500000,500000,1
23051117,500000,500000,1
23051118,500000,500000,1
23051119,500000,500000,1
23051120,500000,500000,1
23051121,500000,500000,1
23051122,500000,500000,1
23051123,500000,500000,1
23051200,500000,500000,1
23051201,500000,500000,1
23051202,500000,500000,1
23051203,500000,500000,1
23051204,500000,500000,1
23051205,500000,500000,1
23051206,500000,500000,1
23051207,500000,500000,1
23051208,500000,500000,1
23051209,500000,500000,1
23051210,500000,500000,1
23051211,500000,500000,1
23051212,500000,500000,1
23051213,500000,500000,1
23051214,500000,500000,1
23051215,500000,500000,1
23051216,500000,500000,1
23051217,500000,500000,1
23051218,500000,500000,1
23051219,500000,500000,1
23051220,500000,500000,1
23051221,500000,500000,1
23051222,500000,500000,1
23051223,500000,500000,1
23051300,500000,500000,1
23051301,500000,500000,1
23051302,500000,500000,1
23051303,500000,500000,1
23051304,500000,500000,1
23051305,500000,500000,1
23051306,500000,500000,1
23051307,500000,500000,1
23051308,500000,500000,1
23051309,500000,500000,1
23051310,500000,500000,1
23051311,500000,500000,1
23051312,500000,500000,1
23051313,500000,500000,1
23051314,500000,500000,1
23051315,500000,500000,1
23051316,500000,500000,1
23051409,822994,822994,1
23051410,822994,822994,1
23051411,822994,822994,1
23051412,822994,822994,1
23051413,822994,822994,1
23051414,822994,822994,1
23051415,822994,822994,1
23051416,822994,822994,1
23051417,822994,822994,1
23051418,822994,822994,1
23051419,822994,822994,1
23051420,822994,822994,1
23051421,822994,822994,1
23051422,822994,822994,1
23051423,822994,822994,1
23051500,822994,822994,1
23051501,822994,822994,1
23051502,822994,822994,1
23051503,822994,822994,1
23051504,822994,822994,1
23051505,822994,822994,1
23051506,822994,822994,1
23051507,822994,822994,1
23051508,822994,822994,1
23051516,10000,10000,10
23051517,10000,10000,10
23051518,10000,10000,10
23051519,10000,10000,10
23051520,10000,10000,10
23051521,10000,10000,10
23051522,10000,10000,10
23051523,10000,10000,10
23051600,10000,10000,10
23051601,10000,10000,10
23051602,10000,10000,10
23051603,10000,10000,10
23051616,10000,10000,10
23051617,10000,10000,10
23051618,10000,10000,11
23051619,10000,10000,11
23051620,10000,10000,11
23051621,10000,10000,11
23051622,10000,10000,11
23051623,10000,10000,11
23051700,10000,10000,11
23051701,10000,10000,11
23051702,10000,10000,11
23051703,10000,10000,11
23051704,500000,500000,1
23051705,500000,500000,1
23051706,500000,500000,2
23051707,500000,500000,2
23051708,500000,500000,2
23051709,500000,500000,2
23051710,500000,500000,2
23051711,500000,500000,2
23051712,500000,500000,2
23051713,500000,500000,2
23051714,500000,500000,2
23051715,500000,500000,2
23051716,500000,500000,2
23051717,500000,500000,2
23051718,500000,500000,2
23051719,500000,500000,2
23051720,500000,500000,2
23051721,500000,500000,2
23051722,500000,500000,2
23051723,500000,500000,2
23051800,500000,500000,2
23051801,500000,500000,2
23051802,500000,500000,2
23051803,500000,500000,2
23051804,500000,500000,2
23051805,500000,500000,2
23051806,500000,500000,2
23051807,500000,500000,2
23051808,500000,500000,2
23051809,500000,500000,2
23051810,500000,500000,2
23051811,500000,500000,2
23051812,500000,500000,2
23051813,500000,500000,2
23051814,500000,500000,2
23051815,500000,500000,2
23051816,500000,500000,2
23051817,500000,500000,2
23051818,500000,500000,1
23051819,500000,500000,2
23051820,500000,500000,2
23051821,500000,500000,2
23051822,500000,500000,2
23051823,500000,500000,2
23051900,500000,500000,2
23051901,500000,500000,2
23051902,500000,500000,2
23051903,500000,500000,2
23051904,500000,500000,2
23051905,500000,500000,2
23051906,500000,500000,1
23051907,500000,500000,1
23051908,500000,500000,1
23051909,500000,500000,1
23051910,500000,500000,1
23051911,500000,500000,3
23051912,500000,500000,3
23051913,500000,500000,3
23051914,500000,500000,3
23051915,500000,500000,3
23051916,500000,500000,3
23051917,500000,500000,3
23051918,500000,500000,3
23051919,500000,500000,3
23051920,500000,500000,3
23051921,500000,500000,3
23051922,500000,500000,3
23051923,500000,500000,3
23052000,500000,500000,3
23052001,500000,500000,3
23052002,500000,500000,3
23052003,500000,500000,3
23052004,500000,500000,3
23052005,500000,500000,3
23052006,500000,500000,3
23052007,500000,500000,3
23052008,500000,500000,3
23052009,500000,500000,3
23052010,500000,500000,3
23052011,500000,500000,3
23052012,500000,500000,3
23052013,500000,500000,3
23052014,500000,500000,3
23052015,500000,500000,3
23052016,500000,500000,3
23052017,500000,500000,3
23052018,500000,500000,3
23052019,500000,500000,2
23052020,500000,500000,2
23052021,500000,500000,2
23052022,500000,500000,2
23052023,500000,500000,2
23052100,500000,500000,2
23052101,500000,500000,2
23052102,500000,500000,2
23052103,500000,500000,2
23052104,500000,500000,2
23052105,500000,500000,2
23052106,500000,500000,2
23052107,500000,500000,2
23052108,500000,500000,2
23052109,500000,500000,2
23052110,500000,500000,2
23052116,10000,10000,10
23052219,500000,500000,1
23052220,500000,500000,1
23052221,500000,500000,1
23052222,500000,500000,1
23052223,500000,500000,1
23052300,500000,500000,1
23052301,500000,500000,1
23052302,500000,500000,1
23052303,500000,500000,1
23052304,499999,499999,11
23052305,499999,499999,11
23052306,499999,499999,11
23052307,499999,499999,11
23052308,499999,499999,11
23052309,499999,499999,11
23052310,499999,499999,11
23052311,499999,499999,11
23052312,499999,499999,11
23052313,499999,499999,11
23052314,499999,499999,11
23052315,499999,499999,11
23052316,400000,499999,21
23052317,400000,499999,21
23052318,400000,499999,21
23052319,400000,400000,29
23052320,400000,400000,29
23052321,400000,400000,39
23052322,400000,400000,49
23052323,400000,400000,49
23052400,400000,400000,49
23052401,400000,400000,49
23052402,400000,400000,49
23052403,400000,400000,49
23052404,400000,400000,49
23052405,400000,400000,49
23052406,400000,400000,49
23052407,400000,400000,49
23052408,400000,400000,49
23052409,400000,400000,49
23052410,400000,400000,49
23052411,400000,400000,49
23052412,400000,400000,49
23052413,400000,400000,49
23052414,400000,400000,49
23052415,400000,400000,49
23052416,400000,400000,49
23052417,400000,400000,49
23052418,400000,400000,49
23052419,400000,400000,49
23052420,400000,400000,48
23052421,400000,400000,48
23052422,400000,400000,48
23052423,400000,400000,48
23052500,400000,400000,48
23052501,400000,400000,48
23052502,400000,400000,48
23052503,400000,400000,48
23052504,400000,400000,48
23052505,400000,400000,38
23052506,400000,400000,38
23052507,400000,400000,38
23052508,400000,400000,38
23052509,399999,400000,48
23052510,399999,400000,48
23052511,399999,400000,48
23052512,399999,400000,48
23052513,399999,400000,48
23052514,399999,400000,49
23052515,399999,400000,39
23052516,399999,400000,39
23052517,399999,400000,39
23052518,399999,400000,31
23052519,399999,400000,31
23052520,399999,400000,31
23052521,399999,399999,11
23052522,399999,399999,11
23052523,399999,399999,11
23052600,399999,399999,11
23052601,399999,399999,11
23052602,399999,399999,11
23052603,399999,399999,11
23052604,399999,399999,11
23052605,399999,399999,11
23052606,399999,399999,11
23052607,399999,399999,11
23052608,399999,399999,11
23052609,399999,399999,39
23052610,399999,399999,39
23052611,399999,399999,39
23052612,399999,399999,39
23052613,399999,399999,39
23052614,399999,399999,39
23052615,399999,399999,39
23052616,399999,399999,39
23052617,399999,399999,39
23052618,399999,399999,39
23052619,399999,399999,39
23052620,399999,399999,39
23052621,399999,399999,39
23052622,399999,399999,39
23052623,399999,399999,39
23052700,399999,399999,39
23052701,399999,399999,39
23052702,399999,399999,39
23052703,399999,399999,39
23052704,399999,399999,39
23052705,399999,399999,39
23052706,399999,399999,39
23052707,399999,399999,39
23052708,399999,399999,39
23052709,399999,399999,29
23052710,399999,399999,29
23052711,399999,399999,29
23052712,399999,399999,29
23052713,399999,399999,29
23052714,399999,399999,28
23052715,399999,399999,28
23052716,399999,399999,28
23052717,399999,399999,28
23052718,399999,399999,28
23052719,399999,399999,28
23052720,399999,399999,28
23052721,399999,399999,28
23052722,399999,399999,28
23052723,399999,399999,28
23052800,399999,399999,28
23052801,399999,399999,28
23052802,399999,399999,28
23052803,399999,399999,28
23052804,399999,399999,28
23052805,399999,399999,28
23052806,399999,399999,28
23052807,399999,399999,28
23052808,399999,399999,28
23052818,500000,500000,1
23052819,500000,500000,1
23052820,500000,500000,1
23052821,500000,500000,1
23052822,500000,500000,1
23052823,500000,500000,1
23052900,500000,500000,1
23052901,500000,500000,1
23052902,500000,500000,1
23052903,500000,500000,1
23052904,500000,500000,1
23052905,500000,500000,1
23052906,500000,500000,1
23052907,500000,500000,1
23052908,500000,500000,1
23052909,500000,500000,1
23052910,500000,500000,1
23052911,500000,500000,1
23052912,500000,500000,1
23052913,500000,500000,1
23052914,500000,500000,1
23052915,500000,500000,1
23052916,500000,500000,1
23052917,500000,500000,1
23052918,500000,500000,1
23052919,500000,500000,1
23052920,500000,500000,1
23052921,500000,500000,1
23052922,500000,500000,1
23052923,500000,500000,1
23053000,500000,500000,1
23053001,500000,500000,1
23053002,500000,500000,1
23053003,500000,500000,1
23053004,500000,500000,1
23053005,500000,500000,1
23053006,500000,500000,1
23053007,500000,500000,1
23053008,500000,500000,1
23053009,500000,500000,1
23053010,500000,500000,1
23053011,500000,500000,1
23053012,500000,500000,1
23053013,500000,500000,1
23053014,500000,500000,1
23053015,500000,500000,1
23053016,500000,500000,1
23053017,500000,500000,1
23053116,500000,500000,1
23053117,500000,500000,1
23053118,500000,500000,1
23053119,500000,500000,1
23053120,500000,500000,1
23053121,500000,500000,1
23053122,500000,500000,1
23053123,500000,500000,1
23060100,500000,500000,1
23060101,500000,500000,1
23060102,500000,500000,1
23060103,500000,500000,1
23060104,500000,500000,1
23060105,500000,500000,1
23060106,500000,500000,1
23060107,500000,500000,1
23060108,500000,500000,1
23060109,500000,500000,1
23060110,500000,500000,1
23060111,500000,500000,1
23060112,500000,500000,1
23060113,500000,500000,1
23060114,500000,500000,1
23060115,500000,500000,1
23060116,500000,500000,1
23060117,500000,500000,1
23060118,500000,500000,1
23060119,500000,500000,1
23060120,500000,500000,1
23060121,500000,500000,1
23060122,500000,500000,1
23060123,500000,500000,1
23060200,500000,500000,1
23060201,500000,500000,1
23060202,500000,500000,1
23060203,500000,500000,1
23060204,500000,500000,1
23060205,500000,500000,1
23060206,500000,500000,1
23060207,500000,500000,1
23060208,500000,500000,1
23060209,500000,500000,1
23060210,500000,500000,1
23060211,500000,500000,1
23060212,500000,500000,1
23060213,500000,500000,1
23060214,500000,500000,1
23060215,500000,500000,1
23060316,704084,704084,10
23060317,704084,704084,10
23060318,704084,704084,10
23060319,704084,704084,10
23060323,704084,704084,10
23060400,704084,704084,10
23060401,704084,704084,10
23060402,704084,704084,10
23060403,704084,704084,10
23060404,704084,704084,10
23060405,704084,704084,10
23060406,704084,704084,10
23060407,704084,704084,10
23060408,704084,704084,10
23060409,704084,704084,10
23060410,704084,704084,10
23060411,704084,704084,10
23060412,704084,704084,10
23060413,704084,704084,10
23060414,704084,704084,10
23060415,704084,704084,10
23060416,704084,704084,10
23060417,704084,704084,10
23060418,704084,704084,10
23060419,704084,704084,10
23060420,704084,704084,10
23060421,704084,704084,10
23060422,704084,704084,10
23060423,704084,704084,10
23060500,704084,704084,10
23060501,704084,704084,10
23060502,704084,704084,10
23060503,704084,704084,10
23060504,704084,704084,10
23060505,704084,704084,10
23060506,704084,704084,10
23060507,704084,704084,10
23060508,704084,704084,10
23060509,704084,704084,10
23060510,704084,704084,10
23060511,704084,704084,10
23060512,704084,704084,10
23060513,704084,704084,10
23060514,704084,704084,10
23060515,704084,704084,10
23060607,720543,720543,10
23060608,720543,720543,10
23060609,720543,720543,10
23060610,720543,720543,10
23060611,720543,720543,10
23060612,720543,720543,10
23060613,720543,720543,10
23060614,720543,720543,10
23060615,720543,720543,10
23060616,720543,720543,10
23060617,720543,720543,10
23060618,720543,720543,10
23060619,720543,720543,10
23060620,720543,720543,10
23060621,720543,720543,10
23060622,720543,720543,10
23060623,720543,720543,10
23060700,720543,720543,10
23060701,720543,720543,10
23060702,720543,720543,10
23060703,720543,720543,10
23060704,720543,720543,10
23060705,720543,720543,10
23060706,720543,720543,10
23060707,720543,720543,10
23060708,720543,720543,10
23060709,720543,720543,10
23060710,720543,720543,10
23060711,720543,720543,10
23060712,720543,720543,10
23060713,720543,720543,10
23060714,720543,720543,10
23060715,720543,720543,10
23060716,720543,720543,10
23060717,720543,720543,10
23060718,720543,720543,10
23060719,720543,720543,10
23060720,720543,720543,10
23060721,720543,720543,10
23060722,720543,720543,10
23060723,720543,720543,10
23060800,720543,720543,10
23060801,720543,720543,10
23060802,720543,720543,10
23060803,720543,720543,10
23060804,720543,720543,10
23060805,720543,720543,10
23060806,720543,720543,10
23060807,720543,720543,10
23060809,971119,971119,10
23060810,971119,971119,10
23060811,971119,971119,10
23060812,971119,971119,10
23060813,971119,971119,10
23060814,971119,971119,10
23060815,971119,971119,10
23060816,971119,971119,10
23060817,971119,971119,10
23060818,971119,971119,10
23060819,971119,971119,10
23060820,971119,971119,10
23060821,971119,971119,10
23060822,971119,971119,10
23060823,971119,971119,10
23060900,971119,971119,10
23060901,971119,971119,10
23060902,971119,971119,10
23060903,971119,971119,10
23060904,971119,971119,10
23060905,971119,971119,10
23060906,971119,971119,10
23060907,971119,971119,10
23060908,971119,971119,10
23060909,971119,971119,10
23060910,971119,971119,10
23060911,971119,971119,10
23060912,971119,971119,10
23060913,971119,971119,10
23060914,971119,971119,10
23060915,971119,971119,10
23060916,971119,971119,10
23060917,971119,971119,10
23060918,971119,971119,10
23060919,971119,971119,10
23060920,971119,971119,10
23060921,971119,971119,10
23060922,971119,971119,10
23060923,971119,971119,10
23061000,971119,971119,10
23061001,971119,971119,10
23061002,971119,971119,10
23061003,971119,971119,10
23061004,971119,971119,10
23061005,971119,971119,10
23061006,971119,971119,10
23061007,971119,971119,10
23061008,971119,971119,10
23061009,971119,971119,18
23061010,971119,971119,18
23061011,971119,971119,18
23061012,971119,971119,18
23061013,971119,971119,18
23061014,971119,971119,18
23061015,971119,971119,18
23061016,971119,971119,18
23061017,971119,971119,18
23061018,971119,971119,18
23061019,500000,971119,19
23061020,500000,971119,19
23061021,500000,971119,19
23061022,500000,971119,19
23061023,500000,971119,19
23061100,500000,971119,19
23061101,500000,971119,19
23061102,500000,971119,19
23061103,500000,971119,19
23061104,500000,971119,19
23061105,500000,971119,19
23061106,500000,971119,19
23061107,500000,971119,19
23061108,500000,971119,19
23061109,500000,971119,19
23061110,500000,971119,19
23061111,500000,971119,19
23061112,500000,971119,19
23061113,500000,971119,19
23061114,500000,971119,19
23061115,500000,971119,19
23061116,500000,971119,19
23061117,500000,971119,19
23061118,500000,971119,19
23061119,500000,971119,19
23061120,500000,971119,19
23061121,500000,971119,19
23061122,250000,971119,22
23061123,250000,971119,22
23061200,250000,971119,22
23061201,250000,971119,22
23061202,250000,971119,22
23061203,250000,971119,32
23061204,250000,971119,32
23061205,250000,971119,32
23061206,250000,971119,32
23061207,250000,971119,32
23061208,250000,971119,32
23061209,250000,453701,14
23061210,250000,453701,14
23061211,250000,453701,14
23061212,250000,453701,14
23061213,250000,453701,14
23061214,250000,453701,14
23061215,250000,453701,14
23061216,250000,453701,14
23061217,250000,453701,14
23061218,250000,453701,14
23061219,250000,453701,13
23061220,250000,453701,13
23061319,250000,453701,13
23061320,250000,453701,13
23061321,250000,453701,13
23061322,453701,453701,10
23061323,400000,453701,13
23061400,400000,453701,13
23061401,400000,453701,13
23061402,400000,453701,13
23061403,400000,400000,3
23061404,400000,400000,3
23061405,400000,400000,3
23061406,400000,400000,3
23061407,400000,400000,3
23061408,400000,400000,3
23061409,400000,453701,13
23061410,400000,453701,13
23061411,400000,453701,13
23061412,400000,453701,13
23061413,400000,453701,13
23061414,400000,400000,21
23061415,400000,400000,31
23061416,400000,400000,31
23061417,400000,400000,31
23061418,400000,400000,31
23061419,400000,400000,31
23061420,400000,400000,31
23061421,400000,400000,31
23061422,400000,400000,31
23061423,400000,400000,31
23061500,400000,400000,31
23061501,400000,400000,31
23061502,400000,400000,31
23061503,400000,400000,33
23061504,400000,400000,33
23061505,400000,400000,33
23061506,400000,400000,33
23061507,400000,400000,33
23061508,400000,400000,33
23061509,400000,400000,33
23061510,400000,400000,33
23061511,400000,400000,33
23061512,400000,400000,34
23061513,400000,400000,34
23061514,400000,400000,34
23061515,400000,400000,24
23061516,400000,400000,24
23061517,400000,400000,24
23061518,400000,400000,24
23061519,400000,400000,24
23061520,400000,400000,24
23061521,400000,400000,24
23061522,400000,400000,24
23061523,400000,400000,21
23061600,400000,400000,21
23061601,400000,400000,21
23061602,400000,400000,21
23061603,400000,400000,21
23061604,400000,400000,21
23061605,400000,400000,21
23061606,400000,400000,21
23061607,400000,400000,21
23061608,400000,400000,21
23061609,400000,400000,11
23061610,400000,400000,11
23061611,400000,400000,11
23061612,400000,400000,11
23061613,400000,400000,11
23061614,400000,400000,3
23061615,400000,400000,3
23061616,400000,400000,3
23061617,400000,400000,3
23061618,400000,400000,3
23061619,400000,400000,3
23061620,400000,400000,3
23061621,400000,400000,3
23061622,400000,400000,3
23061623,400000,400000,3
23061700,300000,350000,6
23061701,300000,350000,6
23061702,300000,350000,6
23061703,300000,300000,4
23061704,300000,300000,4
23061705,300000,300000,4
23061706,300000,300000,4
23061707,300000,300000,4
23061708,300000,300000,4
23061709,300000,300000,4
23061710,300000,300000,4
23061711,300000,300000,4
23061712,300000,300000,3
23061713,300000,300000,3
23061714,300000,300000,3
23061715,300000,300000,4
23061716,300000,300000,4
23061717,300000,300000,4
23061718,300000,300000,4
23061719,300000,300000,4
23061720,300000,300000,4
23061721,300000,300000,4
23061722,300000,300000,4
23061723,300000,300000,4
23061800,300000,300000,4
23061801,300000,300000,4
23061802,300000,300000,4
23061803,300000,300000,4
23061804,300000,300000,4
23061805,300000,300000,4
23061806,300000,300000,4
23061807,300000,300000,4
23061808,300000,300000,4
23061809,300000,300000,4
23061810,300000,300000,4
23061811,300000,300000,4
23061812,300000,300000,4
23061813,300000,300000,4
23061814,300000,300000,6
23061815,300000,300000,6
23061816,300000,300000,6
23061817,300000,300000,6
23061818,300000,300000,6
23061819,300000,300000,6
23061820,300000,300000,6
23061821,300000,300000,6
23061822,300000,300000,6
23061823,300000,300000,6
23061900,300000,300000,3
23061901,300000,300000,3
23061902,300000,300000,3
23061903,300000,300000,3
23061904,300000,300000,3
23061905,300000,300000,3
23061906,300000,300000,3
23061907,300000,300000,3
23061908,300000,300000,3
23061909,300000,300000,3
23061910,300000,300000,3
23061911,300000,300000,3
23061912,300000,300000,3
23061913,300000,300000,3
23061914,300000,300000,3
23061915,300000,300000,2
23061916,300000,300000,7
23061917,300000,300000,7
23061918,300000,300000,7
23061919,300000,300000,7
23061920,250000,300000,10
23061921,250000,300000,10
23061922,250000,300000,10
23061923,250000,300000,10
23062000,250000,300000,10
23062001,250000,300000,10
23062002,250000,300000,10
23062003,250000,300000,10
23062004,250000,300000,10
23062005,250000,300000,10
23062006,250000,300000,10
23062007,250000,300000,10
23062008,250000,300000,10
23062009,250000,300000,10
23062010,250000,300000,10
23062011,250000,300000,10
23062012,250000,300000,10
23062013,250000,300000,10
23062014,250000,300000,8
23062015,250000,300000,8
23062016,250000,250000,3
23062017,250000,250000,3
23062018,250000,250000,3
23062019,250000,250000,3
23062020,250000,250000,3
23062021,250000,250000,3
23062022,250000,250000,3
23062023,250000,250000,3
23062100,250000,250000,3
23062101,250000,250000,3
23062102,250000,250000,3
23062103,250000,250000,3
23062104,250000,250000,3
23062105,250000,250000,3
23062106,250000,250000,3
23062107,250000,250000,3
23062108,250000,250000,3
23062109,250000,250000,3
23062110,250000,250000,3
23062111,250000,250000,3
23062112,250000,250000,3
23062113,250000,250000,3
23062114,250000,250000,3
23062115,250000,250000,3
23062116,250000,250000,3
23062117,250000,250000,3
23062118,250000,250000,3
23062119,250000,250000,3
23062212,300000,300000,1
23062213,300000,300000,1
23062214,300000,300000,1
23062215,300000,300000,1
23062216,300000,300000,1
23062217,300000,300000,1
23062218,300000,300000,1
23062219,300000,300000,1
23062220,75000,75000,6
23062221,75000,75000,6
23062222,75000,75000,6
23062223,75000,75000,6
23062300,75000,75000,6
23062301,75000,75000,6
23062302,75000,75000,6
23062303,75000,75000,6
23062304,75000,75000,6
23062305,75000,75000,6
23062306,75000,453701,16
23062307,75000,75000,26
23062308,75000,75000,26
23062309,75000,75000,26
23062310,75000,75000,26
23062311,75000,75000,26
23062312,75000,75000,26
23062313,75000,75000,26
23062314,75000,75000,26
23062315,75000,75000,26
23062316,75000,75000,26
23062317,75000,75000,26
23062318,75000,75000,26
23062319,75000,75000,26
23062320,75000,75000,26
23062321,75000,75000,26
23062322,75000,75000,26
23062323,75000,75000,26
23062400,75000,75000,26
23062401,75000,75000,26
23062402,75000,75000,26
23062403,75000,75000,26
23062404,75000,75000,26
23062405,75000,75000,26
23062406,75000,75000,26
23062407,75000,453701,16
23062408,75000,453701,16
23062409,75000,453701,16
23062410,75000,453701,16
23062411,75000,453701,16
23062412,75000,453701,15
23062413,75000,453701,15
23062414,75000,453701,15
23062415,75000,453701,15
23062416,75000,453701,15
23062417,75000,453701,15
23062418,75000,453701,15
23062419,75000,453701,15
23062420,453701,453701,10
23062421,453701,453701,10
23062422,453701,453701,10
23062423,453701,453701,10
23062500,453701,453701,10
23062501,453701,453701,10
23062502,453701,453701,10
23062503,453701,453701,10
23062504,453701,453701,10
23062505,453701,453701,10
23062513,232741,232741,5
23062514,232741,232741,5
23062515,232741,232741,5
23062516,232741,232741,5
23062517,232741,232741,5
23062518,232741,232741,5
23062519,232741,232741,5
23062520,232741,232741,10
23062521,232741,232741,10
23062522,232741,232741,10
23062523,232741,232741,10
23062600,232741,232741,10
23062601,232741,232741,10
23062602,232741,232741,10
23062603,232741,232741,10
23062604,232741,232741,10
23062605,232741,232741,10
23062606,232741,232741,10
23062607,232741,232741,10
23062608,232741,232741,10
23062609,232741,232741,10
23062610,232741,232741,10
23062615,232741,232741,5
23062616,232741,232741,5
23062617,232741,232741,5
23062618,232741,232741,5
23062619,232741,232741,5
23062620,232741,232741,5
23062623,232741,232741,5
23062700,232741,232741,5
23062701,232741,232741,5
23062702,232741,232741,5
23062703,232741,232741,5
23062704,232741,232741,5
23062705,232741,232741,5
23062706,232741,453701,15
23062707,232741,453701,15
23062708,232741,453701,15
23062709,232741,453701,15
23062710,232741,453701,15
23062711,232741,453701,15
23062712,232741,453701,15
23062713,232741,453701,15
23062714,232741,453701,15
23062715,232741,453701,15
23062716,232741,453701,15
23062717,232741,453701,15
23062719,453701,453701,10
23062720,453701,453701,10
23062721,453701,453701,10
23062722,300000,453701,13
23062723,300000,453701,13
23062800,300000,453701,13
23062801,300000,453701,13
23062802,300000,453701,13
23062803,300000,453701,13
23062804,300000,453701,13
23062805,300000,453701,13
23062806,300000,453701,13
23062807,300000,453701,13
23062808,300000,453701,13
23062809,300000,453701,13
23062810,300000,453701,13
23062811,300000,453701,13
23062812,300000,453701,13
23062813,300000,453701,13
23062814,300000,453701,13
23062815,300000,453701,13
23062816,300000,453701,13
23062817,300000,453701,13
23062818,300000,453701,13
23062819,300000,453701,13
23062820,300000,453701,13
23062821,300000,453701,13
23062822,300000,453701,14
23062823,300000,453701,14
23062900,300000,453701,14
23062901,300000,453701,14
23062902,300000,453701,14
23062903,300000,453701,14
23062904,300000,453701,14
23062905,300000,300000,4
23062906,300000,300000,4
23062907,300000,300000,4
23062908,300000,300000,4
23062909,300000,300000,4
23062910,300000,300000,4
23062911,300000,453701,14
23062912,300000,453701,14
23062913,300000,453701,14
23062914,300000,453701,14
23062915,300000,453701,14
23062916,300000,453701,14
23062917,300000,453701,14
23062918,300000,453701,14
23062919,300000,453701,14
23062920,300000,453701,19
23062921,300000,453701,19
23062922,300000,453701,15
23062923,300000,453701,15
23063000,300000,453701,15
23063001,300000,453701,15
23063002,300000,453701,15
23063003,300000,453701,15
23063004,300000,453701,15
23063005,300000,453701,15
23063006,300000,453701,15
23063007,300000,453701,15
23063008,300000,453701,15
23063009,300000,453701,15
23063010,300000,453701,15
23063011,300000,453701,15
23063012,300000,453701,15
23063013,300000,453701,15
23063014,300000,453701,15
23063015,300000,453701,15
23063016,300000,453701,15
23063017,300000,453701,15
23063018,300000,376850,20
23063019,300000,376850,20
23063020,300000,376850,20
23063021,300000,376850,20
23063022,300000,376850,20
23063023,300000,376850,20
23070100,300000,376850,20
23070101,300000,376850,20
23070102,300000,376850,20
23070103,300000,376850,20
23070104,300000,376850,20
23070105,300000,376850,20
23070106,300000,376850,20
23070107,300000,376850,20
23070108,300000,376850,20
23070109,300000,376850,20
23070110,300000,376850,20
23070111,300000,300000,10
23070112,300000,300000,10
23070113,300000,300000,10
23070114,300000,300000,10
23070115,300000,300000,10
23070116,300000,300000,10
23070117,300000,300000,10
23070118,300000,300000,5
23070119,300000,300000,5
23070122,259794,259794,5
23070123,259794,259794,5
23070200,259794,259794,5
23070201,259794,259794,5
23070202,259794,259794,5
23070203,259794,259794,15
23070204,259794,259794,15
23070205,259794,259794,15
23070206,259794,259794,15
23070207,259794,259794,15
23070208,259794,259794,15
23070209,259794,259794,15
23070210,259794,259794,15
23070211,259794,259794,15
23070212,259794,259794,15
23070213,259794,259794,15
23070214,259794,259794,15
23070215,259794,259794,15
23070216,259794,259794,25
23070217,259794,259794,25
23070218,259794,259794,25
23070219,259794,259794,25
23070220,259794,259794,25
23070221,259794,259794,25
23070222,259794,259794,25
23070223,259794,259794,25
23070300,259794,259794,25
23070301,259794,259794,25
23070302,259794,259794,25
23070303,259794,259794,25
23070304,259794,259794,25
23070305,259794,259794,25
23070306,259794,259794,25
23070307,259794,259794,35
23070308,259794,259794,30
23070309,259794,259794,30
23070310,259794,259794,30
23070311,259794,259794,30
23070312,259794,259794,30
23070313,259794,259794,30
23070314,259794,259794,30
23070315,259794,259794,30
23070316,259794,259794,25
23070317,259794,259794,25
23070318,259794,259794,25
23070319,259794,259794,25
23070320,259794,259794,25
23070321,259794,259794,25
23070322,259794,259794,25
23070323,259794,259794,25
23070400,259794,259794,35
23070401,259794,259794,35
23070402,259794,259794,35
23070403,259794,259794,25
23070404,259794,259794,25
23070405,259794,259794,25
23070406,259794,259794,35
23070407,259794,259794,35
23070408,259794,259794,35
23070409,259794,259794,40
23070410,259794,259794,40
23070411,259794,259794,40
23070412,259794,259794,40
23070413,259794,259794,40
23070414,259794,259794,40
23070415,259794,259794,40
23070416,259794,259794,35
23070417,259794,259794,35
23070418,259794,259794,35
23070419,259794,259794,35
23070420,259794,259794,35
23070421,259794,259794,35
23070422,259794,259794,35
23070423,259794,259794,40
23070500,259794,259794,40
23070501,259794,259794,40
23070502,259794,259794,40
23070503,259794,259794,40
23070504,259794,259794,40
23070505,259794,259794,40
23070506,259794,259794,40
23070507,259794,259794,30
23070508,259794,259794,30
23070509,259794,259794,40
23070510,259794,259794,40
23070511,259794,259794,40
23070512,259794,259794,40
23070513,259794,259794,40
23070514,259794,259794,40
23070515,259794,259794,40
23070516,259794,259794,40
23070517,259794,259794,40
23070518,259794,259794,40
23070519,259794,259794,40
23070520,259794,259794,40
23070521,259794,259794,40
23070522,259794,259794,40
23070523,259794,259794,40
23070600,259794,259794,30
23070601,259794,259794,30
23070602,259794,259794,30
23070603,259794,259794,31
23070604,259794,259794,31
23070605,259794,259794,31
23070606,259794,259794,21
23070607,259794,259794,21
23070608,259794,259794,21
23070609,259794,453701,16
23070610,259794,259794,26
23070611,259794,259794,26
23070612,259794,259794,26
23070613,259794,259794,26
23070614,259794,259794,26
23070615,259794,259794,26
23070616,259794,259794,26
23070617,259794,259794,26
23070618,259794,259794,26
23070619,259794,259794,26
23070620,259794,259794,26
23070621,259794,259794,26
23070622,259794,259794,26
23070623,259794,259794,21
23070700,259794,259794,21
23070701,259794,259794,21
23070702,259794,259794,21
23070703,259794,259794,21
23070704,259794,259794,21
23070705,259794,259794,21
23070706,259794,259794,21
23070707,259794,259794,21
23070708,259794,259794,21
23070709,259794,259794,11
23070710,259794,259794,16
23070711,259794,259794,16
23070712,259794,259794,16
23070713,259794,259794,16
23070714,259794,259794,16
23070715,259794,259794,16
23070716,259794,259794,17
23070717,259794,259794,17
23070718,259794,259794,17
23070719,259794,259794,17
23070720,259794,259794,17
23070721,259794,259794,17
23070722,259794,259794,17
23070723,259794,259794,17
23070800,259794,259794,17
23070801,259794,259794,17
23070802,259794,259794,17
23070803,259794,259794,16
23070804,259794,259794,16
23070805,259794,259794,16
23070806,259794,259794,16
23070807,259794,259794,16
23070808,259794,259794,16
23070809,259794,259794,26
23070810,453701,453701,11
23070811,400001,453701,31
23070812,400001,453701,31
23070813,400001,453701,31
23070814,400001,453701,31
23070815,400001,453701,31
23070816,400001,453701,31
23070817,400001,453701,31
23070818,400001,453701,31
23070819,400001,453701,31
23070820,400001,453701,31
23070821,400001,453701,31
23070822,400001,453701,31
23070823,400001,453701,31
23070900,400001,453701,31
23070901,400001,453701,31
23070902,400001,453701,31
23070903,400001,453701,31
23070904,400001,453701,31
23070905,400001,453701,31
23070906,400001,453701,31
23070907,400001,453701,31
23070908,400001,453701,31
23070909,400001,453701,31
23070910,400001,453701,31
23070911,400001,453701,31
23070912,400001,453701,31
23070913,400001,453701,31
23070914,400001,453701,31
23070915,400001,453701,31
23070916,400001,453701,30
23070917,400001,453701,30
23070918,400001,453701,30
23070919,400001,453701,30
23070920,400001,453701,30
23070921,400001,453701,30
23070922,400001,453701,30
23070923,400001,453701,30
23071000,400001,453701,30
23071001,400001,453701,30
23071002,400001,453701,30
23071003,400001,453701,30
23071004,400001,453701,30
23071005,400001,453701,30
23071006,400001,453701,30
23071007,400001,453701,30
23071008,400001,453701,30
23071009,400001,426851,20
23071010,400001,426851,20
23071021,972216,972216,10
23071022,972216,972216,10
23071023,972216,972216,10
23071100,972216,972216,10
23071101,972216,972216,10
23071102,972216,972216,10
23071103,972216,972216,10
23071104,972216,972216,10
23071105,972216,972216,10
23071106,972216,972216,10
23071107,972216,972216,10
23071108,972216,972216,10
23071109,972216,972216,10
23071110,972216,972216,10
23071111,972216,972216,10
23071112,972216,972216,10
23071113,972216,972216,10
23071114,972216,972216,10
23071115,972216,972216,10
23071116,972216,972216,10
23071117,972216,972216,10
23071118,972216,972216,10
23071119,972216,972216,10
23071120,972216,972216,10
23071121,972216,972216,10
23071122,972216,972216,10
23071123,972216,972216,10
23071200,972216,972216,10
23071201,972216,972216,10
23071202,972216,972216,10
23071203,972216,972216,10
23071204,972216,972216,10
23071205,972216,972216,10
23071206,972216,972216,10
23071207,972216,972216,10
23071208,972216,972216,10
23071209,972216,972216,10
23071210,972216,972216,10
23071211,972216,972216,10
23071212,972216,972216,10
23071213,972216,972216,10
23071214,972216,972216,10
23071215,972216,972216,10
23071216,972216,972216,10
23071217,972216,972216,10
23071218,972216,972216,10
23071219,972216,972216,10
23071220,972216,972216,10
23071310,972216,972216,10
23071311,332818,972216,15
23071312,332818,972216,15
23071313,332818,972216,15
23071314,332818,972216,15
23071315,332818,972216,15
23071316,332818,972216,15
23071317,332818,972216,15
23071318,332818,972216,15
23071319,332818,972216,15
23071320,332818,972216,15
23071321,332818,972216,15
23071322,332818,972216,15
23071323,332818,972216,15
23071400,332818,972216,15
23071401,332818,972216,15
23071402,332818,972216,15
23071403,332818,972216,15
23071404,332818,972216,15
23071405,332818,972216,15
23071406,332818,972216,15
23071407,332818,972216,15
23071408,332818,972216,15
23071409,332818,972216,15
23071410,332818,972216,15
23071411,972216,972216,10
23071412,972216,972216,10
23071413,329395,972216,15
23071414,329395,972216,15
23071415,329395,972216,15
23071416,329395,972216,15
23071417,329395,972216,15
23071418,329395,972216,15
23071419,329395,972216,15
23071420,329395,972216,15
23071421,329395,972216,15
23071422,329395,972216,15
23071423,329395,972216,15
23071500,329395,972216,15
23071501,329395,972216,15
23071502,329395,972216,15
23071503,329395,972216,15
23071504,329395,972216,15
23071505,329395,972216,15
23071506,329395,972216,15
23071507,329395,972216,15
23071508,329395,972216,15
23071509,329395,972216,15
23071510,329395,329395,5
23071511,329395,329395,5
23071512,329395,329395,5
23071609,972216,972216,10
23071610,972216,972216,10
23071611,972216,972216,10
23071612,972216,972216,10
23071613,972216,972216,10
23071614,972216,972216,10
23071615,972216,972216,10
23071616,972216,972216,10
23071617,972216,972216,10
23071618,972216,972216,10
23071619,972216,972216,10
23071620,972216,972216,10
23071621,972216,972216,10
23071622,972216,972216,10
23071623,972216,972216,10
23071700,972216,972216,10
23071701,972216,972216,10
23071702,972216,972216,10
23071703,972216,972216,10
23071704,972216,972216,10
23071705,972216,972216,10
23071706,972216,972216,10
23071707,972216,972216,10
23071708,972216,972216,10
23071709,972216,972216,10
23071710,972216,972216,10
23071711,972216,972216,10
23071712,972216,972216,10
23071713,972216,972216,10
23071714,972216,972216,10
23071715,972216,972216,10
23071716,972216,972216,10
23071717,972216,972216,10
23071718,972216,972216,10
23071719,972216,972216,10
23071720,972216,972216,10
23071721,972216,972216,10
23071722,972216,972216,10
23071723,972216,972216,10
23071800,972216,972216,10
23071801,972216,972216,10
23071802,972216,972216,10
23071803,972216,972216,10
23071804,972216,972216,10
23071812,972216,972216,10
23071813,972216,972216,10
23071814,972216,972216,10
23071815,972216,972216,10
23071816,972216,972216,10
23071817,972216,972216,10
23071818,972216,972216,10
23071819,972216,972216,10
23071820,972216,972216,10
23071821,972216,972216,10
23071822,972216,972216,10
23071823,972216,972216,10
23071900,972216,972216,10
23071901,972216,972216,10
23071902,972216,972216,10
23071903,972216,972216,10
23071904,972216,972216,10
23071905,972216,972216,10
23071906,972216,972216,10
23071907,972216,972216,10
23071908,972216,972216,10
23071909,972216,972216,10
23071910,972216,972216,10
23071911,972216,972216,10
23071912,972216,972216,10
23071913,972216,972216,10
23071914,972216,972216,10
23071915,972216,972216,10
23071916,972216,972216,10
23071917,972216,972216,15
23071918,972216,972216,15
23071919,972216,972216,15
23071920,972216,972216,15
23071921,972216,972216,15
23071922,972216,972216,15
23071923,972216,972216,15
23072000,972216,972216,15
23072001,972216,972216,15
23072002,972216,972216,15
23072003,972216,972216,15
23072004,972216,972216,15
23072005,972216,972216,15
23072006,972216,972216,15
23072007,972216,972216,15
23072008,972216,972216,15
23072009,972216,972216,15
23072010,972216,972216,15
23072011,972216,972216,5
23072012,972216,972216,10
23072013,972216,972216,10
23072014,972216,972216,10
23072015,972216,972216,10
23072016,972216,972216,10
23072017,972216,972216,5
23072018,972216,972216,5
23072019,972216,972216,5
23072020,972216,972216,5
23072021,972216,972216,5
23072022,972216,972216,5
23072023,972216,972216,5
23072100,972216,972216,5
23072101,972216,972216,5
23072102,972216,972216,5
23072103,972216,972216,5
23072104,972216,972216,5
23072105,972216,972216,5
23072106,1016,972216,6
23072107,1016,972216,6
23072108,1016,453701,16
23072109,1016,453701,16
23072110,1016,453701,16
23072111,1016,453701,16
23072112,1016,453701,16
23072113,1016,453701,16
23072114,1016,453701,16
23072116,1016,453701,16
23072117,1016,453701,16
23072118,1016,453701,16
23072119,1016,453701,16
23072120,1016,453701,16
23072121,1016,453701,16
23072122,1016,453701,16
23072123,1016,453701,16
23072200,1016,453701,16
23072201,1016,453701,16
23072202,1016,453701,16
23072203,1016,453701,16
23072204,1016,453701,16
23072205,1016,453701,16
23072206,1016,453701,16
23072208,1016,453701,16
23072209,1016,453701,16
23072210,1016,453701,16
23072211,1016,453701,16
23072212,1016,453701,16
23072213,1016,453701,16
23072214,1016,453701,16
23072215,1016,453701,16
23072216,1016,453701,16
23072217,1016,453701,16
23072218,1016,453701,16
23072219,1016,453701,16
23072220,1016,453701,16
23072221,1016,453701,16
23072222,1016,453701,16
23072223,1016,453701,16
23072300,1016,453701,16
23072301,1016,453701,16
23072302,1016,453701,16
23072303,1016,453701,16
23072304,1016,453701,16
23072305,1016,453701,16
23072306,57516,453701,15
23072307,57516,453701,15
23072308,53490,57516,6
23072309,53490,57516,6
23072310,53490,57516,6
23072311,53490,57516,6
23072312,53490,57516,6
23072313,53490,57516,6
23072314,53490,453701,16
23072315,53490,453701,16
23072316,53490,453701,16
23072317,53490,453701,16
23072318,53490,453701,16
23072319,53490,453701,16
23072320,53490,453701,16
23072321,53490,453701,16
23072322,53490,453701,16
23072323,53490,57516,21
23072400,53490,57516,21
23072401,53490,57516,21
23072402,53490,57516,21
23072403,53490,57516,21
23072404,53490,57516,21
23072405,53490,57516,21
23072406,53490,57516,21
23072407,53490,57516,21
23072408,53490,57516,21
23072409,53490,57516,21
23072410,53490,57516,21
23072411,53490,57516,21
23072412,53490,453701,16
23072413,53490,453701,16
23072414,53490,453701,16
23072415,53490,453701,16
23072416,53490,453701,16
23072417,53490,453701,16
23072418,53490,453701,16
23072419,53490,453701,16
23072420,53490,453701,16
23072421,53490,453701,16
23072422,53490,453701,16
23072423,53490,453701,16
23072500,53490,453701,16
23072501,53490,453701,11
23072502,53490,453701,11
23072503,53490,453701,11
23072504,53490,453701,11
23072505,53490,453701,11
23072506,53490,453701,11
23072507,53490,453701,11
23072508,453701,453701,10
23072509,453701,453701,10
23072510,453701,453701,10
23072511,453701,453701,10
23072512,453701,453701,10
23072513,453701,453701,10
23072515,53490,53490,1
23072516,53490,53490,1
23072517,53490,53490,1
23072518,53490,53490,1
23072519,53490,53490,1
23072520,53490,53490,1
23072521,53490,53490,1
23072522,53490,53490,1
23072523,53490,53490,6
23072600,53490,53490,6
23072601,53490,53490,6
23072602,53490,53490,6
23072603,53490,53490,6
23072604,53490,53490,6
23072605,53490,53490,6
23072606,53490,53490,6
23072607,53490,53490,6
23072608,53490,453701,16
23072609,53490,453701,16
23072610,53490,453701,16
23072611,53490,453701,16
23072612,53490,453701,16
23072613,53490,453701,16
23072614,53490,453701,16
23072615,53490,453701,16
23072616,53490,453701,16
23072617,53490,453701,16
23072618,53490,453701,16
23072619,53490,453701,16
23072620,53490,453701,16
23072621,53490,453701,16
23072622,53490,453701,16
23072623,53490,453701,16
23072700,53490,453701,16
23072701,53490,453701,16
23072702,53490,453701,16
23072703,53490,453701,16
23072704,53490,453701,16
23072705,53490,453701,16
23072706,53490,453701,16
23072707,53490,453701,16
23072708,53490,453701,16
23072709,53490,453701,16
23072710,53490,453701,16
23072711,53490,453701,16
23072712,53490,453701,16
23072713,53490,453701,16
23072714,53490,453701,16
23072715,53490,453701,15
23072716,49746,453701,16
23072717,49746,453701,16
23072718,49746,453701,16
23072719,49746,453701,16
23072720,49746,453701,16
23072721,49746,453701,16
23072722,49746,453701,11
23072723,49746,453701,16
23072800,49746,453701,16
23072801,49746,453701,16
23072802,49746,453701,16
23072803,49746,453701,16
23072805,49746,453701,16
23072806,49746,453701,16
23072807,49746,49746,6
23072808,49746,49746,6
23072809,49746,49746,6
23072810,49746,49746,6
23072811,49746,49746,6
23072812,49746,49746,6
23072813,49746,49746,6
23072814,49746,49746,6
23072815,49746,49746,6
23072816,49746,49746,6
23072817,49746,49746,6
23072818,49746,49746,6
23072819,49746,49746,6
23072820,49746,49746,6
23072821,49746,49746,6
23072822,49746,49746,6
23072823,49746,49746,6
23072900,49746,49746,6
23072901,49746,49746,6
23072902,49746,49746,6
23072903,49746,49746,6
23072904,49746,49746,6
23072905,49746,49746,6
23072906,49746,49746,6
23072907,49746,49746,6
23072908,49746,49746,6
23072909,49746,49746,6
23072910,49746,49746,6
23072911,49746,49746,6
23072912,49746,49746,6
23072913,49746,49746,6
23072914,49746,49746,6
23072915,49746,49746,6
23072916,49746,49746,5
23072917,46264,49746,6
23072918,46264,49746,6
23072919,46264,49746,6
23072920,43951,49746,7
23072921,43951,49746,7
23072922,43951,49746,7
23072923,43951,43951,6
23073000,43951,43951,6
23073001,43951,43951,6
23073002,43951,43951,6
23073003,43951,43951,6
23073004,43951,43951,6
23073005,43951,43951,6
23073006,43951,43951,6
23073007,43951,43951,6
23073008,43951,43951,6
23073009,43951,453701,16
23073010,43951,453701,16
23073011,43951,453701,16
23073012,43951,453701,16
23073013,43951,46264,21
23073014,43951,46264,21
23073015,43951,46264,21
23073016,43951,46264,21
23073017,43951,46264,21
23073018,43951,46264,21
23073019,43951,46264,21
23073020,43951,46264,21
23073021,43951,46264,21
23073022,43951,46264,21
23073023,43951,46264,21
23073100,43951,46264,21
23073101,43951,46264,21
23073102,43951,46264,21
23073103,43951,46264,21
23073104,43951,46264,21
23073105,43951,46264,21
23073106,43951,46264,21
23073107,43951,46264,21
23073108,43951,46264,21
23073109,43951,46264,21
23073110,43951,46264,21
23073111,43951,46264,21
23073112,43951,46264,21
23073113,43951,46264,21
23073114,43951,46264,21
23073115,43951,46264,21
23073116,43951,46264,21
23073117,43951,248826,20
23073118,43951,248826,20
23073119,43951,248826,20
23073120,43951,453701,19
23073121,40875,248826,20
23073122,40875,248826,20
23073123,40875,453701,16
23080100,40875,453701,16
23080101,40875,453701,16
23080102,40875,453701,16
23080103,40875,453701,16
23080104,40875,453701,16
23080105,40875,453701,16
23080106,40875,453701,16
23080107,40875,453701,16
23080108,40875,453701,16
23080109,40875,453701,16
23080110,40875,453701,16
23080111,40875,43951,6
23080112,40875,43951,6
23080113,40875,40875,1
23080114,40875,40875,1
23080115,40875,40875,1
23080116,40875,40875,1
23080117,40875,40875,1
23080118,40875,40875,1
23080119,40875,40875,1
23080120,40875,40875,1
23080121,40875,453701,11
23080122,40875,453701,11
23080123,40875,453701,11
23080209,40875,453701,11
23080210,40875,453701,11
23080211,40875,453701,11
23080212,40875,453701,11
23080213,40875,453701,11
23080214,40875,453701,11
23080215,40875,453701,11
23080216,40875,453701,15
23080217,40875,453701,15
23080218,40875,247288,20
23080219,40875,247288,20
23080220,40875,247288,20
23080221,40875,453701,19
23080222,40875,40875,24
23080223,40875,40875,24
23080300,40875,40875,24
23080301,38014,40875,25
23080302,38014,40875,25
23080303,38014,40875,25
23080304,38014,40875,25
23080305,38014,40875,25
23080306,38014,40875,25
23080307,38014,40875,25
23080308,38014,40875,25
23080309,38014,40875,25
23080310,38014,40875,25
23080311,38014,40875,25
23080312,38014,40875,25
23080313,38014,40875,25
23080314,38014,40875,25
23080315,38014,40875,25
23080316,38014,40875,25
23080317,38014,40875,25
23080318,38014,40875,25
23080319,38014,40875,25
23080320,38014,40875,25
23080321,38014,40875,15
23080322,38014,40875,10
23080323,38014,40875,10
23080400,38014,40875,10
23080401,38014,40875,10
23080402,38014,40875,10
23080403,38014,40875,10
23080404,38014,40875,10
23080405,38014,40875,10
23080406,38014,40875,10
23080407,38014,40875,10
23080408,38014,40875,25
23080409,38014,40875,25
23080410,38014,40875,25
23080411,38014,40875,25
23080412,38014,40875,25
23080413,38014,40875,25
23080414,38014,40875,25
23080415,38014,40875,25
23080416,38014,40875,21
23080417,38014,40875,21
23080418,38014,453701,16
23080419,38014,453701,16
23080420,38014,453701,16
23080421,38014,453701,16
23080422,38014,453701,16
23080423,38014,453701,16
23080500,38014,453701,16
23080501,35354,453701,16
23080502,35354,453701,16
23080503,35354,453701,16
23080504,35354,453701,16
23080505,35354,453701,16
23080506,35354,453701,16
23080507,35354,453701,16
23080508,35354,453701,11
23080509,35354,453701,11
23080510,35354,453701,11
23080511,35354,453701,11
23080512,35354,453701,11
23080513,35354,453701,11
23080514,3054,453701,12
23080515,3054,453701,12
23080516,3054,453701,12
23080517,3054,453701,12
23080518,3054,453701,12
23080519,3054,453701,12
23080520,3054,453701,12
23080521,3054,453701,12
23080522,3054,453701,12
23080523,3054,453701,12
23080600,3054,453701,12
23080601,3054,453701,12
23080602,3054,453701,12
23080603,3054,453701,12
23080604,3054,453701,12
23080605,3054,453701,12
23080606,3054,453701,12
23080607,3054,453701,12
23080608,3054,19204,2
23080609,3054,19204,2
23080610,3054,19204,2
23080611,3054,19204,2
23080612,3054,19204,2
23080613,3054,19204,2
23080614,3054,19204,2
23080615,3054,453701,12
23080616,3054,453701,17
23080617,3054,453701,17
23080618,3054,453701,17
23080619,3054,453701,17
23080620,3054,453701,17
23080621,3054,453701,17
23080622,3054,453701,17
23080623,3054,453701,17
23080700,3054,453701,17
23080701,3054,453701,16
23080702,3054,453701,16
23080703,3054,453701,16
23080704,3054,453701,16
23080705,3054,453701,16
23080706,3054,453701,16
23080707,2841,453701,17
23080708,2841,453701,17
23080709,2841,453701,17
23080710,2841,453701,17
23080711,2841,453701,17
23080712,2841,453701,17
23080713,2841,453701,17
23080714,2841,453701,16
23080715,2841,453701,16
23080716,2841,453701,16
23080717,2841,453701,16
23080718,2841,453701,16
23080719,2841,264377,20
23080720,2841,264377,20
23080722,2841,264377,20
23080723,2841,264377,20
23080800,2841,264377,20
23080801,2841,264377,20
23080802,2841,264377,20
23080803,2841,264377,20
23080804,2841,264377,20
23080805,2841,264377,20
23080806,2841,264377,20
23080807,2841,264377,20
23080808,2841,264377,20
23080809,2841,264377,20
23080810,2841,264377,20
23080811,2841,264377,20
23080812,2841,264377,20
23080813,2841,264377,20
23080814,2841,264377,20
23080815,2841,38947,10
23080816,2841,38947,10
23080817,2841,2841,5
23080818,2841,2841,5
23080819,2841,2841,5
23080820,2841,2841,5
23080821,2841,2841,5
23080822,2841,2841,5
23080823,2841,2841,5
23080900,2841,2841,5
23080901,2841,2841,5
23080902,2841,2841,5
23080903,2841,2841,5
23080904,2841,2841,5
23080905,2841,2841,5
23080906,2841,2841,5
23080907,2841,2841,5
23080908,2841,2841,4
23080909,2841,2841,4
23080910,2841,2841,4
23080911,2841,2841,4
23080912,2841,2841,4
23080913,2841,2841,4
23080914,2841,2841,4
23080915,2841,2841,4
23080916,2841,2841,4
23080917,2841,2841,4
23080918,2841,2841,4
23080919,2841,2841,4
23080921,376,376,4
23080922,372,376,6
23080923,372,376,6
23081000,372,376,6
23081001,372,376,6
23081002,372,376,6
23081003,346,376,7
23081004,346,376,7
23081005,346,376,7
23081006,346,376,7
23081007,346,453701,17
23081008,346,453701,17
23081009,346,453701,17
23081010,346,453701,17
23081011,346,453701,17
23081012,346,453701,17
23081013,346,453701,17
23081014,346,453701,17
23081015,346,453701,17
23081016,346,453701,17
23081017,346,453701,17
23081018,346,453701,17
23081019,326,453701,17
23081020,326,453701,17
23081021,326,453701,17
23081022,326,453701,17
23081023,326,453701,17
23081100,326,453701,17
23081101,326,453701,17
23081102,326,453701,17
23081103,326,453701,17
23081104,326,453701,17
23081105,326,453701,17
23081106,326,453701,17
23081107,326,453701,17
23081108,326,453701,17
23081109,326,453701,17
23081110,326,453701,17
23081111,326,453701,17
23081112,326,453701,17
23081113,326,453701,17
23081114,326,453701,17
23081115,346,453701,15
23081116,320,453701,17
23081117,320,453701,17
23081118,320,453701,17
23081119,320,453701,17
23081120,320,453701,17
23081121,320,453701,13
23081122,320,453701,13
23081123,320,453701,13
23081200,320,453701,13
23081201,320,453701,13
23081202,320,453701,13
23081203,320,453701,12
23081204,320,453701,12
23081205,298,453701,13
23081206,298,453701,13
23081207,298,320,3
23081208,298,320,3
23081209,298,320,3
23081210,298,320,3
23081211,298,320,3
23081212,298,320,3
23081213,298,320,3
23081214,298,320,3
23081215,298,320,3
23081216,298,320,3
23081217,298,320,3
23081218,298,320,3
23081219,298,320,3
23081220,298,75098,8
23081221,298,75098,9
23081222,298,75098,9
23081223,298,75098,7
23081300,295,75098,9
23081301,295,75098,9
23081302,295,75098,9
23081303,295,75098,9
23081304,295,75098,9
23081305,295,75098,9
23081306,295,75098,9
23081307,295,75098,9
23081308,295,75098,9
23081309,295,75098,9
23081310,295,75098,9
23081311,295,75098,9
23081312,295,75098,9
23081313,295,298,13
23081314,295,298,13
23081315,295,298,13
23081316,295,71344,11
23081317,295,71344,11
23081318,295,71344,11
23081319,295,71344,11
23081320,295,71344,11
23081321,295,71344,11
23081322,295,71344,11
23081323,295,71344,11
23081400,295,71344,11
23081401,295,71344,11
23081402,295,71344,11
23081403,295,75098,21
23081404,295,75098,21
23081405,295,264399,20
23081406,295,264399,20
23081407,295,264399,20
23081408,295,264399,20
23081409,295,264399,20
23081410,295,264399,20
23081411,295,264399,20
23081412,295,264399,20
23081413,295,264399,20
23081414,295,264399,20
23081415,295,264399,20
23081416,295,264399,20
23081417,295,264399,20
23081418,295,264399,20
23081419,295,264399,20
23081420,295,453701,15
23081421,295,453701,14
23081422,295,453701,14
23081423,295,453701,14
23081500,295,453701,14
23081501,295,453701,14
23081502,295,453701,14
23081503,295,453701,14
23081504,295,453701,14
23081505,295,453701,14
23081506,295,453701,14
23081507,295,453701,14
23081508,295,453701,14
23081509,295,453701,14
23081510,295,453701,14
23081511,295,453701,14
23081512,453701,453701,10
23081513,453701,453701,10
23081514,453701,453701,10
23081515,453701,453701,10
23081516,453701,453701,10
23081517,453701,453701,10
23081518,453701,453701,10
23081519,453701,453701,10
23081520,453701,453701,10
23081521,453701,453701,10
23081522,453701,453701,10
23081523,453701,453701,14
23081600,453701,453701,14
23081601,453701,453701,14
23081602,453701,453701,4
23081603,453701,453701,4
23081604,453701,453701,4
23081605,453701,453701,4
23081606,453701,453701,4
23081607,453701,453701,4
23081608,453701,453701,4
23081609,453701,453701,4
23081610,453701,453701,4
23081611,453701,453701,4
23081612,453701,453701,4
23081613,453701,453701,4
23081614,453701,453701,4
23081615,453701,453701,4
23081616,453701,453701,4
23081617,453701,453701,4
23081618,431016,453701,5
23081619,431016,453701,5
23081620,431016,453701,5
23081621,431016,453701,5
23081622,431016,453701,5
23081623,431016,453701,5
23081700,431016,453701,5
23081701,431016,453701,5
23081702,431016,453701,5
23081703,431016,453701,5
23081704,431016,453701,5
23081705,431016,453701,5
23081706,431016,453701,5
23081707,431016,453701,5
23081708,431016,453701,5
23081709,431016,453701,5
23081710,431016,453701,5
23081711,431016,453701,5
23081712,431016,453701,5
23081713,431016,453701,5
23081714,431016,453701,5
23081715,431016,453701,5
23081716,431016,453701,5
23081717,431016,453701,5
23081718,431016,453701,5
23081719,431016,431016,10
23081720,431016,431016,10
23081721,431016,431016,10
23081722,431016,431016,10
23081800,431016,431016,6
23081801,431016,431016,6
23081802,431016,431016,6
23081803,431016,431016,6
23081804,431016,431016,6
23081805,431016,431016,6
23081806,431016,431016,6
23081807,431016,431016,6
23081808,431016,431016,6
23081809,431016,431016,6
23081810,431016,431016,6
23081811,431016,431016,6
23081812,431016,431016,6
23081813,431016,431016,6
23081814,431016,431016,6
23081815,431016,431016,6
23081816,431016,431016,6
23081817,431016,431016,6
23081818,431016,431016,5
23081819,1823,216419,10
23082015,453776,453776,5
23082016,453776,453776,5
23082017,453776,453776,5
23082018,453776,453776,5
23082019,453776,453776,5
23082020,453776,453776,5
23082021,453776,453776,5
23082022,453776,453776,5
23082023,453776,453776,5
23082100,453776,453776,5
23082101,453776,453776,5
23082102,453776,453776,5
23082103,453776,453776,5
23082104,453776,453776,5
23082105,453776,453776,5
23082106,453776,453776,5
23082107,453776,453776,5
23082108,453776,453776,5
23082109,453776,453776,5
23082110,453776,453776,5
23082111,453776,453776,5
23082112,453776,453776,5
23082113,453776,453776,5
23082114,453776,453776,5
23082115,453776,453776,5
23082116,453776,453776,5
23082117,453776,453776,5
23082118,453776,453776,5
23082119,453776,453776,5
23082120,453776,453776,5
23082121,453776,453776,5
23082122,453776,453776,5
23082123,453776,453776,5
23082200,453776,453776,5
23082201,453776,453776,5
23082202,453776,453776,5
23082203,453776,453776,5
23082204,453776,453776,5
23082205,453776,453776,5
23082206,453776,453776,5
23082207,453776,453776,5
23082208,453776,453776,5
23082209,453776,453776,5
23082210,453776,453776,5
23082211,453776,453776,5
23082212,453776,453776,5
23082213,453776,453776,5
23082214,453776,453776,5
23082215,453776,453776,5
23082310,601053,601053,5
23082311,601053,601053,5
23082312,601053,601053,10
23082313,601053,601053,10
23082314,601053,601053,10
23082315,601053,601053,10
23082316,601053,601053,10
23082317,601053,601053,10
23082318,601053,601053,10
23082319,601053,601053,10
23082320,601053,601053,10
23082321,601053,601053,10
23082322,601053,601053,10
23082323,600000,600526,20
23082400,600000,600526,20
23082401,600000,600526,20
23082402,600000,600526,20
23082403,600000,600526,20
23082404,600000,600526,20
23082405,600000,600526,20
23082406,600000,600526,20
23082407,600000,600526,20
23082408,600000,600526,20
23082409,600000,600526,20
23082410,600000,600000,15
23082411,600000,600000,15
23082412,600000,600000,15
23082413,600000,600000,15
23082414,600000,600000,15
23082415,600000,600000,15
23082416,600000,600000,15
23082417,600000,600000,15
23082418,600000,600000,15
23082419,600000,600000,15
23082420,600000,600000,15
23082421,600000,600000,15
23082422,600000,600000,15
23082423,601053,601053,5
23082500,601053,601053,5
23082501,601053,601053,5
23082502,601053,601053,5
23082503,601053,601053,5
23082504,601053,601053,5
23082505,601053,601053,5
23082506,601053,601053,5
23082507,601053,601053,5
23082508,601053,601053,5
23082509,601053,601053,5
23082510,601053,601053,5
23082511,601053,601053,5
23082517,500076,500076,1
23082518,500076,500076,1
23082519,500076,500076,1
23082520,500076,500076,1
23082521,500076,500076,1
23082522,500076,500076,1
23082523,500076,500076,1
23082600,500076,500076,1
23082601,500076,500076,1
23082602,500076,500076,1
23082603,500076,500076,1
23082604,500076,500076,1
23082605,500076,500076,1
23082606,500076,500076,1
23082607,500076,500076,1
23082608,500076,500076,1
23082609,500076,500076,1
23082610,500076,500076,1
23082611,500076,500076,1
23082612,500076,500076,1
23082613,500076,500076,1
23082614,500076,500076,1
23082615,500076,500076,1
23082616,500076,500076,1
23082617,500076,500076,1
23082618,500076,500076,1
23082619,500076,500076,1
23082620,500076,500076,1
23082621,500076,500076,1
23082622,500076,500076,1
23082623,500076,500076,1
23082700,500076,500076,1
23082701,500076,500076,1
23082702,500076,500076,1
23082703,500076,500076,1
23082704,500076,500076,1
23082705,500076,500076,1
23082706,500076,500076,1
23082707,500076,500076,1
23082708,500076,500076,1
23082709,500076,500076,1
23082710,500076,500076,1
23082711,500076,500076,1
23082712,500076,500076,1
23082713,500076,500076,1
23082714,500076,500076,1
23082715,500076,500076,1
23082716,500076,500076,1
23082811,478814,478814,5
23082812,471997,475405,10
23082813,471997,475405,10
23082814,471997,475405,10
23082815,471997,475405,10
23082816,471997,475405,10
23082817,471997,471997,12
23082818,471997,471997,12
23082819,471997,471997,12
23082820,471997,471997,12
23082821,471997,471997,12
23082822,471997,471997,12
23082823,471997,471997,12
23082900,471997,471997,12
23082901,471997,471997,12
23082902,471997,471997,12
23082903,471997,471997,12
23082904,471997,471997,12
23082905,471997,471997,12
23082906,471997,471997,12
23082907,471997,471997,12
23082908,471997,471997,12
23082909,471997,471997,12
23082910,471997,471997,7
23082911,471997,471997,7
23082912,471997,471997,7
23082913,471997,471997,7
23082914,471997,471997,7
23082915,471997,471997,7
23082916,471997,471997,7
23082917,471997,471997,7
23082918,471997,471997,7
23082919,471997,471997,7
23082920,471997,471997,10
23082921,471997,471997,10
23082922,471997,471997,10
23082923,471997,471997,10
23083000,471997,471997,10
23083001,471997,471997,10
23083002,471997,471997,10
23083003,471997,471997,10
23083004,471997,471997,10
23083005,471997,471997,10
23083006,471997,471997,10
23083007,471997,471997,10
23083008,471997,471997,10
23083009,471997,471997,10
23083010,471997,471997,10
23083011,471997,471997,10
23083012,471997,471997,5
23083013,471997,471997,5
23083014,471997,471997,5
23083015,471997,471997,5
23083016,471997,471997,5
23083017,471997,471997,3
23083018,471997,471997,3
23083019,471997,471997,3
23083020,471997,471997,3
23083021,471997,471997,3
23083023,471997,471997,3
23083100,471997,471997,3
23083101,471997,471997,3
23083102,471997,471997,3
23083103,471997,471997,3
23083104,471997,471997,3
23083105,471997,471997,3
23083106,471997,471997,3
23083107,471997,471997,3
23083108,471997,471997,3
23083109,471997,471997,3
23083110,471997,471997,3
23083111,471997,471997,3
23083112,471997,471997,3
23083113,471997,471997,3
23083114,471997,471997,3
23083115,471997,471997,3
23083116,471997,471997,3
23083117,471997,471997,3
23083118,10000,471997,4
23083119,10000,471997,4
23083120,700,700,6
23083121,10000,10000,1
23083122,10000,10000,1
23083123,10000,10000,1
23090100,10000,10000,1
23090101,10000,10000,1
23090102,10000,10000,1
23090103,10000,10000,1
23090104,10000,10000,1
23090105,10000,10000,1
23090106,10000,10000,1
23090107,10000,10000,1
23090108,8000,8000,4
23090109,8000,8000,4
23090110,8000,8000,4
23090111,8000,8000,4
23090112,8000,8000,4
23090113,8000,8000,4
23090114,8000,8000,4
23090115,8000,10000,9
23090116,8000,10000,9
23090117,8000,10000,9
23090118,8000,10000,8
23090119,8000,10000,8
23090120,8000,10000,8
23090121,8000,10000,8
23090122,8000,10000,8
23090123,8000,10000,8
23090200,8000,10000,8
23090201,8000,10000,8
23090202,8000,10000,8
23090203,8000,10000,8
23090204,8000,10000,8
23090205,8000,10000,8
23090206,8000,10000,8
23090207,8000,10000,8
23090208,8000,10000,8
23090209,8000,10000,8
23090210,8000,10000,8
23090211,8000,10000,8
23090212,8000,10000,8
23090213,8000,10000,8
23090214,8000,10000,8
23090215,8000,10000,8
23090216,8000,10000,8
23090217,8000,10000,8
23090218,8000,10000,8
23090219,8000,10000,8
23090220,8000,10000,8
23090221,8000,10000,8
23090222,8000,10000,8
23090223,8000,10000,8
23090300,8000,10000,8
23090301,8000,10000,8
23090302,8000,10000,8
23090303,8000,10000,8
23090304,8000,10000,8
23090305,8000,10000,8
23090306,8000,10000,8
23090307,8000,10000,8
23090308,10000,10000,5
23090309,10000,10000,5
23090310,10000,10000,5
23090311,10000,10000,5
23090312,10000,10000,5
23090313,10000,10000,5
23090314,10000,10000,5
23090315,10000,10000,5
23090408,200000,200000,2
23090409,200000,200000,2
23090410,200000,200000,2
23090411,200000,200000,2
23090412,200000,200000,2
23090413,200000,200000,2
23090414,200000,200000,2
23090415,200000,200000,2
23090416,200000,200000,2
23090417,200000,200000,2
23090418,200000,200000,2
23090419,200000,200000,2
23090420,200000,200000,2
23090421,200000,200000,2
23090422,200000,200000,2
23090423,200000,200000,2
23090500,200000,200000,2
23090501,200000,200000,2
23090502,198000,198000,6
23090503,198000,198000,6
23090504,198000,198000,6
23090505,198000,198000,6
23090506,198000,198000,6
23090507,198000,198000,6
23090508,198000,198000,6
23090509,198000,198000,6
23090510,198000,198000,6
23090511,198000,198000,6
23090512,198000,198000,6
23090513,198000,198000,6
23090514,198000,198000,6
23090515,198000,198000,6
23090516,198000,198000,6
23090517,198000,198000,6
23090518,198000,198000,6
23090519,198000,198000,6
23090520,198000,198000,6
23090521,198000,198000,6
23090522,198000,198000,6
23090523,198000,198000,6
23090600,198000,198000,6
23090601,198000,198000,6
23090602,198000,198000,6
23090603,198000,198000,6
23090604,198000,198000,6
23090605,198000,198000,6
23090606,198000,198000,6
23090607,198000,198000,6
23090608,198000,198000,4
23090609,198000,198000,6
23090610,198000,198000,6
23090611,198000,198000,6
23090612,198000,198000,6
23090613,198000,198000,6
23090614,198000,198000,6
23090615,198000,198000,6
23090616,198000,198000,6
23090617,198000,198000,6
23090618,198000,198000,6
23090619,198000,198000,11
23090620,198000,198000,11
23090621,198000,198000,11
23090622,198000,198000,11
23090623,198000,198000,11
23090700,198000,198000,11
23090701,198000,198000,7
23090702,198000,198000,7
23090703,198000,198000,7
23090704,198000,198000,7
23090705,198000,198000,7
23090706,198000,198000,7
23090707,198000,198000,7
23090708,198000,198000,7
23090709,198000,198000,5
23090710,198000,198000,5
23090711,198000,198000,5
23090712,198000,198000,5
23090713,198000,198000,5
23090714,198000,198000,5
23090715,198000,198000,5
23090716,198000,198000,5
23090717,198000,198000,5
23090718,198000,198000,5
23090719,125000,198000,8
23090720,125000,198000,8
23090721,125000,198000,8
23090722,125000,198000,8
23090723,125000,198000,8
23090800,125000,198000,8
23090801,125000,198000,8
23090802,125000,198000,8
23090803,125000,198000,8
23090804,125000,198000,8
23090805,125000,198000,8
23090806,125000,198000,8
23090807,125000,198000,8
23090808,125000,198000,8
23090809,125000,198000,8
23090810,125000,198000,8
23090811,125000,198000,8
23090812,125000,198000,8
23090813,125000,198000,8
23090814,125000,198000,8
23090815,125000,198000,8
23090816,125000,198000,8
23090817,125000,198000,8
23090818,125000,198000,8
23090819,125000,125000,3
23090820,125000,125000,3
23090821,125000,125000,3
23090822,125000,125000,3
23090823,125000,125000,3
23090902,125000,125000,3
23090914,125000,125000,6
23090915,125000,125000,6
23090916,125000,125000,6
23090917,125000,125000,6
23090918,125000,125000,6
23090919,125000,125000,3
23090920,125000,125000,3
23090921,125000,125000,3
23090922,125000,125000,3
23090923,125000,125000,3
23091000,125000,125000,3
23091001,125000,125000,3
23091002,125000,125000,3
23091003,125000,125000,3
23091004,125000,125000,3
23091005,125000,125000,3
23091006,125000,125000,3
23091007,125000,125000,3
23091008,125000,125000,3
23091009,125000,125000,1
23091010,125000,125000,1
23091011,125000,125000,1
23091012,125000,125000,1
23091013,125000,125000,1
23091014,100000,100000,3
23091015,100000,100000,3
23091016,100000,100000,3
23091017,100000,100000,3
23091018,100000,100000,3
23091019,100000,100000,3
23091020,100000,100000,4
23091021,100000,100000,4
23091022,100000,100000,4
23091023,100000,100000,4
23091100,100000,100000,4
23091101,100000,100000,4
23091102,100000,100000,4
23091103,100000,100000,4
23091104,100000,100000,4
23091105,100000,100000,4
23091106,100000,100000,6
23091107,100000,100000,6
23091108,100000,100000,6
23091109,100000,100000,6
23091110,100000,100000,6
23091111,100000,100000,6
23091112,100000,100000,6
23091113,100000,100000,6
23091114,100000,100000,6
23091115,100000,100000,6
23091116,100000,100000,6
23091117,100000,100000,6
23091118,100000,100000,6
23091119,100000,100000,6
23091120,100000,100000,5
23091121,100000,100000,5
23091122,100000,100000,5
23091123,100000,100000,5
23091200,100000,100000,5
23091201,100000,100000,10
23091202,100000,100000,10
23091203,100000,100000,10
23091204,100000,100000,10
23091205,100000,100000,10
23091206,100000,100000,8
23091207,100000,100000,8
23091208,100000,100000,8
23091209,100000,100000,10
23091210,100000,100000,10
23091211,100000,100000,10
23091212,100000,100000,10
23091213,100000,100000,10
23091214,100000,100000,7
23091215,100000,100000,7
23091216,100000,100000,7
23091217,100000,100000,7
23091218,100000,100000,7
23091219,100000,100000,7
23091220,100000,100000,7
23091221,99000,100000,11
23091222,94050,100000,12
23091223,94050,100000,12
23091300,94050,100000,12
23091301,94050,100000,12
23091302,94050,100000,12
23091303,94050,100000,12
23091304,94050,100000,12
23091305,94050,100000,12
23091306,94050,100000,12
23091307,94050,100000,12
23091308,94050,100000,12
23091309,94050,99000,12
23091310,94050,99000,12
23091311,94050,99000,12
23091312,94050,99000,12
23091313,94050,99000,12
23091314,94050,99000,12
23091315,94050,99000,12
23091316,94050,99000,12
23091317,94050,99000,12
23091318,94050,99000,12
23091319,94050,99000,12
23091320,94050,99000,12
23091321,94050,99000,12
23091322,94050,99000,12
23091323,94050,99000,12
23091400,94050,99000,13
23091401,94050,96525,8
23091402,94050,96525,8
23091403,94050,96525,8
23091404,94050,96525,8
23091405,94050,96525,8
23091406,94050,96525,8
23091407,94050,96525,8
23091408,94050,96525,8
23091409,94050,99000,6
23091410,94050,99000,6
23091411,94050,99000,6
23091412,94050,99000,6
23091413,94050,94050,16
23091414,94050,94050,16
23091415,94050,94050,16
23091416,94050,94050,16
23091417,94050,94050,16
23091418,94050,94050,16
23091419,94050,94050,16
23091420,94050,94050,16
23091421,94050,94050,12
23091422,94050,94050,11
23091423,94050,94050,11
23091500,94050,94050,11
23091501,94050,94050,11
23091502,94050,94050,11
23091503,94050,94050,11
23091504,94050,94050,11
23091505,94050,94050,11
23091506,94050,94050,11
23091507,94050,94050,11
23091508,94050,94050,11
23091509,94050,94050,11
23091510,94050,94050,11
23091511,94050,94050,11
23091513,94050,94050,11
23091514,94050,94050,11
23091515,94050,94050,11
23091516,94050,94050,11
23091517,94050,94050,11
23091518,94050,94050,11
23091519,94050,94050,11
23091520,94050,94050,11
23091521,94050,94050,11
23091522,94050,94050,11
23091523,94050,94050,11
23091600,94050,94050,10
23091601,94050,94050,10
23091602,94050,94050,10
23091603,94050,94050,10
23091604,94050,94050,10
23091605,94050,94050,15
23091606,94050,94050,15
23091607,94050,94050,15
23091608,94050,94050,15
23091609,94050,94050,15
23091610,94050,94050,15
23091611,94050,94050,15
23091612,94050,94050,15
23091613,94050,94050,5
23091614,94050,94050,5
23091615,94050,94050,5
23091616,94050,94050,5
23091617,94050,94050,5
23091618,94050,94050,5
23091619,94050,94050,5
23091620,94050,94050,5
23091621,94050,94050,5
23091622,94050,94050,5
23091623,94050,94050,5
23091700,94050,94050,5
23091701,94050,94050,5
23091702,94050,94050,7
23091703,94050,94050,7
23091704,94050,94050,7
23091705,94050,94050,7
23091706,94050,94050,7
23091707,94050,94050,7
23091708,94050,94050,7
23091709,94050,94050,7
23091710,94050,94050,7
23091711,94050,94050,7
23091712,94050,94050,7
23091713,94050,94050,7
23091714,94050,94050,7
23091715,94050,94050,7
23091716,94050,94050,7
23091717,94050,94050,7
23091718,94050,94050,7
23091719,94050,94050,7
23091720,94050,94050,7
23091721,94050,94050,7
23091722,94050,94050,7
23091723,94050,94050,7
23091800,94050,94050,7
23091801,94050,94050,7
23091802,94050,94050,5
23091803,94050,94050,7
23091804,94050,94050,7
23091805,94050,94050,2
23091806,94050,94050,2
23091807,94050,94050,2
23091808,94050,94050,2
23091809,94050,94050,2
23091810,94050,94050,2
23091811,94050,94050,2
23091812,94050,94050,2
23091813,94050,94050,2
23091814,94050,94050,2
23091815,94050,94050,2
23091816,94050,94050,2
23091817,94050,94050,2
23091818,94050,94050,2
23091819,94050,94050,2
23091820,94050,94050,2
23091821,94050,94050,2
23091822,94050,94050,2
23091823,94050,94050,2
23091900,94050,94050,2
23091901,94050,94050,2
23091902,94050,94050,2
23091904,100000,100000,2
23091905,100000,100000,2
23091906,100000,100000,2
23091907,100000,100000,2
23091908,100000,100000,2
23091909,100000,100000,2
23091910,100000,100000,2
23091911,100000,100000,2
23091912,100000,100000,2
23091913,100000,100000,2
23091914,100000,100000,2
23091915,100000,100000,2
23091916,100000,100000,2
23091917,100000,100000,2
23091918,100000,100000,2
23092116,94076,94076,5
23092117,94076,94076,5
23092118,94076,94076,5
23092119,94076,94076,5
23092120,94076,94076,5
23092121,94076,94076,5
23092122,94076,94076,5
23092123,94076,94076,5
23092200,94076,94076,5
23092201,94076,94076,5
23092202,94076,94076,5
23092203,94076,94076,5
23092204,94076,94076,5
23092205,94076,94076,5
23092206,94076,94076,5
23092207,94076,94076,5
23092208,94076,94076,5
23092209,94076,94076,5
23092210,94076,94076,5
23092211,94076,94076,5
23092212,94076,94076,5
23092213,94076,94076,5
23092214,94076,94076,5
23092215,94076,94076,5
23092216,94076,94076,5
23092217,94076,94076,5
23092218,94076,94076,5
23092219,94076,94076,5
23092220,94076,94076,5
23092221,94076,94076,5
23092222,94076,94076,5
23092223,94076,94076,5
23092300,94076,94076,5
23092301,94076,94076,5
23092302,94076,94076,5
23092303,94076,94076,5
23092304,94076,94076,5
23092305,94076,94076,5
23092306,94076,94076,5
23092307,94076,94076,5
23092308,94076,94076,5
23092309,94076,94076,5
23092310,94076,94076,5
23092311,94076,94076,5
23092312,94076,94076,5
23092313,94076,94076,5
23092314,94076,94076,5
23092315,94076,94076,5
23092418,99000,99000,4
23092419,99000,99000,4
23092420,99000,99000,4
23092421,99000,99000,4
23092422,99000,99000,4
23092423,99000,99000,4
23092500,99000,99000,4
23092501,99000,99000,4
23092502,99000,99000,4
23092503,99000,99000,4
23092504,99000,99000,4
23092505,99000,99000,4
23092506,99000,99000,4
23092507,99000,99000,4
23092508,99000,99000,4
23092509,99000,99000,4
23092510,99000,99000,4
23092511,99000,99000,4
23092512,99000,99000,4
23092513,99000,99000,4
23092514,99000,99000,4
23092515,99000,99000,4
23092516,99000,99000,4
23092517,99000,99000,4
23092518,99000,99000,4
23092519,99000,99000,4
23092520,99000,99000,4
23092521,99000,99000,4
23092522,99000,99000,4
23092523,99000,99000,4
23092600,99000,99000,4
23092601,99000,99000,4
23092602,99000,99000,4
23092603,99000,99000,4
23092604,99000,99000,4
23092605,99000,99000,4
23092606,99000,99000,4
23092607,99000,99000,4
23092608,99000,99000,4
23092609,99000,99000,4
23092610,99000,99000,4
23092611,99000,99000,4
23092612,99000,99000,4
23092613,99000,99000,4
23092614,99000,99000,4
23092615,99000,99000,4
23092616,99000,99000,4
23092617,99000,99000,4
23092618,99000,99000,4
23092622,94050,94050,1
23092623,94050,94050,1
23092821,99000,99000,9
23092822,99000,99000,9
23092823,99000,99000,9
23092900,99000,99000,9
23092901,99000,99000,9
23092902,99000,99000,9
23092903,99000,99000,9
23092904,99000,99000,9
23092905,99000,99000,9
23092906,99000,99000,9
23092907,99000,99000,9
23092908,99000,99000,9
23092909,99000,99000,9
23092910,99000,99000,9
23092911,99000,99000,9
23092912,99000,99000,9
23092913,99000,99000,9
23092914,99000,99000,9
23092915,99000,99000,9
23092916,99000,99000,9
23092917,99000,99000,9
23092918,99000,99000,9
23092919,99000,99000,9
23092920,99000,99000,9
23092921,99000,99000,4
23092922,99000,99000,4
23092923,99000,99000,4
23093000,99000,99000,4
23093001,99000,99000,4
23093002,99000,99000,4
23093003,99000,99000,4
23093004,99000,99000,4
23093005,99000,99000,4
23093006,99000,99000,4
23093007,99000,99000,4
23093008,99000,99000,4
23093009,99000,99000,4
23093010,99000,99000,9
23093011,99000,99000,9
23093012,99000,99000,9
23093013,99000,99000,9
23093014,99000,99000,9
23093015,99000,99000,9
23093016,99000,99000,9
23093017,99000,99000,9
23093018,99000,99000,9
23093019,99000,99000,9
23093020,99000,99000,5
23093021,99000,99000,5
23093022,99000,99000,5
23093023,99000,99000,5
23100100,99000,99000,5
23100101,99000,99000,5
23100102,99000,99000,5
23100103,99000,99000,5
23100104,99000,99000,5
23100105,99000,99000,5
23100106,99000,99000,5
23100107,99000,99000,5
23100108,99000,99000,5
23100109,99000,99000,5
23100110,99000,99000,5
23100111,99000,99000,5
23100112,99000,99000,5
23100113,99000,99000,5
23100114,99000,99000,5
23100115,99000,99000,5
23100116,99000,99000,5
23100117,99000,99000,5
23100118,99000,99000,5
23100119,98010,99000,9
23100120,98010,99000,9
23100121,98010,99000,9
23100122,98010,99000,9
23100123,98010,99000,9
23100200,98010,99000,9
23100201,98010,99000,9
23100202,98010,99000,9
23100203,98010,99000,9
23100204,98010,99000,9
23100205,98010,99000,9
23100206,98010,99000,9
23100207,98010,99000,9
23100208,98010,99000,9
23100209,98010,99000,9
23100210,98010,98010,4
23100211,98010,98010,4
23100212,98010,98010,4
23100213,98010,98010,4
23100214,98010,98010,4
23100215,98010,98010,9
23100216,98010,98010,9
23100217,98010,98010,9
23100218,98010,98010,9
23100219,98010,98010,9
23100220,98010,98010,9
23100221,98010,98010,9
23100222,98010,98010,9
23100223,98010,98010,9
23100300,98010,98010,9
23100301,98010,98010,9
23100302,98010,98010,9
23100303,98010,98010,9
23100304,98010,98010,9
23100305,98010,98010,9
23100306,98010,98010,9
23100307,98010,98010,9
23100308,98010,98010,9
23100309,98010,98010,9
23100310,98010,98010,9
23100311,98010,98010,9
23100312,98010,98010,9
23100313,98010,98010,9
23100314,98010,98010,9
23100315,98010,98010,4
23100316,98010,98010,4
23100317,98010,98010,4
23100318,98010,98010,4
23100323,98076,98076,5
23100400,98076,98076,5
23100401,98076,98076,5
23100402,98076,98076,5
23100403,98076,98076,5
23100404,98076,98076,5
23100405,98076,98076,5
23100406,98076,98076,5
23100407,98076,98076,5
23100408,98076,98076,5
23100409,98076,98076,5
23100410,98076,98076,5
23100411,98076,98076,5
23100412,98076,98076,5
23100413,98076,98076,5
23100414,98076,98076,5
23100415,98076,98076,5
23100416,98076,98076,5
23100417,98076,98076,5
23100418,98076,98076,5
23100419,98076,98076,5
23100420,98076,98076,5
23100421,98076,98076,5
23100422,98076,98076,5
23100423,98076,98076,15
23100500,98076,98076,15
23100501,98076,98076,15
23100502,98076,98076,15
23100503,98076,98076,15
23100504,98076,98076,15
23100505,98076,98076,15
23100506,98076,98076,15
23100507,98076,98076,15
23100508,98076,98076,15
23100509,98076,98076,15
23100510,98076,98076,15
23100511,98076,98076,15
23100512,98076,98076,15
23100513,98076,98076,15
23100514,98076,98076,15
23100515,98076,98076,15
23100516,98076,98076,15
23100517,98076,98076,15
23100518,98076,98076,15
23100519,98076,98076,15
23100520,97096,98076,19
23100521,97096,98076,19
23100522,97096,98076,19
23100523,97096,98076,14
23100600,97096,98076,14
23100601,97096,98076,14
23100602,97096,98076,14
23100603,97096,98076,14
23100604,97096,98076,14
23100605,97096,98076,14
23100606,97096,98076,14
23100607,97096,98076,14
23100608,97096,98076,14
23100609,97096,98076,14
23100610,97096,98076,14
23100611,97096,98076,14
23100612,97096,98076,14
23100613,97096,98076,14
23100614,97096,98076,14
23100615,97096,98076,14
23100616,97096,98076,14
23100617,97096,98076,14
23100618,97096,98076,14
23100619,97096,98076,14
23100620,97096,98076,14
23100621,97096,98076,14
23100622,97096,98076,14
23100623,97096,98076,14
23100700,97096,97096,4
23100701,97096,97096,4
23100702,97096,97096,4
23100703,97096,97096,4
23100704,97096,97096,4
23100705,97096,97096,4
23100706,97096,97096,4
23100707,97096,97096,4
23100708,97096,97096,4
23100709,97096,97096,4
23100710,97096,97096,6
23100711,97096,97096,6
23100712,97096,97096,6
23100713,97096,97096,6
23100714,97096,97096,6
23100715,97096,97096,6
23100716,97096,97096,6
23100717,97096,97096,6
23100718,97096,97096,6
23100720,97096,97096,6
23100721,97096,97096,1
23100722,97096,97096,1
23100809,97096,97096,5
23100810,97096,97096,5
23100811,97096,97096,5
23100812,97096,97096,5
23100813,97096,97096,5
23100814,97096,97096,5
23100815,97096,97096,5
23100816,97096,97096,5
23100818,96126,97096,9
23100819,96126,97096,9
23100820,96126,97096,9
23100821,96126,97096,9
23100822,96126,97096,9
23100823,96126,97096,9
23100900,96126,97096,9
23100901,96126,97096,9
23100902,96126,97096,9
23100903,96126,97096,9
23100904,96126,97096,9
23100905,96126,97096,9
23100906,96126,97096,9
23100907,96126,97096,9
23100908,96126,97096,9
23100909,96126,97096,9
23100910,96126,96126,4
23100911,96126,96126,4
23100912,96126,96126,4
23100913,96126,96126,4
23100914,96126,96126,4
23100915,96126,96126,4
23100916,96126,96126,4
23100917,96126,96126,4
23100918,96126,96126,4
23100919,96126,96126,4
23100920,96126,96126,4
23100921,96126,96126,4
23100922,96126,96126,4
23100923,96126,96126,4
23101000,96126,96126,4
23101001,96126,96126,4
23101002,96126,96126,4
23101003,96126,96126,4
23101004,96126,96126,14
23101005,96126,96126,14
23101006,96126,96126,14
23101007,96126,96126,14
23101008,96126,96126,14
23101009,96126,96126,14
23101010,96126,96126,14
23101011,96126,96126,14
23101012,96126,96126,14
23101013,96126,96126,14
23101014,96126,96126,14
23101015,96126,96126,14
23101016,96126,96126,10
23101017,96126,96126,10
23101018,96126,96126,10
23101019,96126,96126,10
23101020,96126,96126,10
23101021,96126,96126,10
23101022,96126,96126,10
23101023,96126,96126,10
23101100,96126,96126,10
23101101,96126,96126,10
23101102,96126,96126,10
23101103,96126,96126,10
23101104,96126,96126,10
23101105,96126,96126,10
23101106,96126,96126,10
23101107,96126,96126,10
23101108,96126,96126,10
23101109,96126,96126,10
23101110,96126,96126,10
23101111,96126,96126,10
23101112,96126,96126,10
23101113,96126,96126,10
23101114,96126,96126,10
23101115,96126,96126,10
23101116,96126,96126,10
23101117,96126,96126,10
23101118,95165,96126,14
23101119,95165,96126,14
23101120,95165,96126,14
23101121,95165,96126,14
23101122,95165,96126,17
23101123,95165,96126,17
23101200,95165,96126,17
23101201,95165,96126,17
23101202,95165,96126,17
23101203,95165,96126,17
23101204,95165,95165,7
23101205,95165,95165,7
23101206,95165,95165,7
23101207,95165,95165,7
23101208,95165,95165,7
23101209,95165,95165,7
23101210,95165,95165,7
23101211,95165,95165,7
23101212,95165,95165,7
23101213,95165,95165,7
23101214,95165,95165,7
23101215,95165,95165,7
23101216,95165,95165,7
23101217,95165,95165,7
23101218,95165,95165,7
23101219,95165,95165,17
23101220,95165,95165,17
23101221,95165,95165,17
23101222,95165,95165,17
23101223,95165,95165,17
23101300,95165,95165,17
23101301,95165,95165,17
23101302,50000,95165,20
23101303,50000,95165,20
23101304,50000,95165,20
23101305,50000,95165,20
23101306,50000,95165,20
23101307,50000,95165,20
23101308,50000,95165,20
23101309,50000,95165,20
23101310,50000,95165,20
23101311,50000,95165,20
23101312,50000,95165,20
23101313,50000,95165,20
23101314,50000,95165,20
23101315,50000,95165,20
23101316,50000,95165,20
23101317,50000,95165,20
23101318,50000,95165,16
23101319,50000,95165,16
23101320,50000,95165,16
23101321,50000,95165,16
23101322,50000,95165,13
23101323,50000,95165,13
23101400,50000,95165,13
23101401,50000,95165,13
23101402,50000,95165,13
23101403,50000,95165,13
23101404,50000,95165,13
23101405,50000,95165,13
23101406,50000,95165,13
23101407,50000,95165,13
23101408,50000,95165,13
23101409,50000,95165,13
23101410,50000,95165,13
23101411,50000,95165,13
23101412,50000,95165,13
23101413,50000,95165,13
23101414,50000,95165,13
23101415,50000,95165,13
23101416,50000,95165,13
23101417,50000,95165,13
23101418,50000,95165,13
23101419,50000,50000,13
23101420,50000,50000,13
23101421,50000,50000,13
23101422,50000,50000,13
23101423,50000,50000,13
23101500,50000,50000,13
23101501,50000,50000,13
23101502,50000,50000,10
23101503,50000,50000,10
23101504,50000,50000,10
23101505,50000,50000,10
23101506,50000,50000,10
23101507,50000,50000,10
23101508,50000,50000,10
23101509,49500,50000,14
23101510,49500,50000,14
23101511,49500,50000,14
23101512,49500,50000,14
23101513,49500,50000,14
23101514,49500,50000,14
23101515,49500,50000,14
23101516,49500,50000,14
23101517,49500,50000,14
23101518,49500,50000,14
23101519,49500,50000,14
23101520,49500,50000,14
23101521,49500,50000,14
23101522,49500,50000,14
23101523,49500,50000,14
23101600,49500,50000,14
23101601,49500,50000,14
23101602,49500,50000,14
23101603,49500,50000,14
23101604,49500,50000,14
23101605,49500,50000,14
23101606,49500,50000,14
23101607,49500,50000,14
23101608,49500,50000,14
23101609,49500,50000,14
23101610,49500,50000,14
23101611,49500,50000,14
23101612,49500,50000,14
23101613,49500,50000,14
23101614,49500,50000,14
23101615,49500,50000,14
23101616,49500,50000,14
23101617,49500,50000,14
23101618,49500,50000,14
23101619,49500,49500,4
23101620,49500,49500,4
23101621,49500,49500,4
23101622,49500,49500,4
23101623,49500,49500,4
23101700,49500,49500,4
23101701,49500,49500,4
23101702,49500,49500,4
23101703,49500,49500,4
23101704,49500,49500,4
23101705,49500,49500,4
23101706,49500,49500,4
23101707,49500,49500,4
23101708,49500,49500,4
23101709,49500,49500,4
23101710,49500,49500,4
23101917,376,376,10
23101918,376,376,10
23101919,376,376,10
23101920,376,376,10
23101921,376,376,10
23101922,376,376,10
23101923,376,376,10
23102000,376,376,10
23102001,100000,100000,3
23102002,100000,100000,3
23102003,100000,100000,3
23102004,100000,100000,3
23102005,100000,100000,3
23102006,100000,100000,3
23102007,100000,100000,3
23102008,100000,100000,3
23102009,100000,100000,3
23102010,100000,100000,3
23102011,100000,100000,3
23102012,100000,100000,3
23102013,99000,99000,7
23102014,99000,99000,7
23102015,99000,99000,7
23102016,99000,99000,7
23102017,99000,99000,7
23102018,99000,99000,7
23102019,99000,99000,7
23102020,99000,99000,7
23102021,99000,99000,7
23102022,99000,99000,7
23102023,99000,99000,7
23102100,99000,99000,7
23102101,99000,99000,7
23102102,99000,99000,7
23102103,99000,99000,7
23102104,99000,99000,7
23102105,99000,99000,7
23102106,99000,99000,8
23102107,99000,99000,8
23102108,99000,99000,9
23102109,99000,99000,9
23102110,99000,99000,9
23102111,99000,99000,9
23102112,99000,99000,9
23102113,99000,99000,9
23102114,99000,99000,9
23102115,99000,99000,9
23102116,99000,99000,9
23102117,99000,99000,14
23102118,99000,99000,14
23102119,99000,99000,14
23102120,99000,99000,14
23102121,99000,99000,14
23102122,99000,99000,14
23102123,99000,99000,14
23102200,99000,99000,14
23102201,99000,99000,11
23102202,99000,99000,11
23102203,99000,99000,11
23102204,99000,99000,11
23102205,99000,99000,11
23102206,99000,99000,11
23102207,99000,99000,11
23102208,99000,99000,11
23102209,99000,99000,11
23102210,99000,99000,6
23102211,99000,99000,11
23102212,99000,99000,11
23102213,99000,99000,7
23102214,99000,99000,7
23102215,99000,99000,7
23102216,99000,99000,7
23102217,99000,99000,7
23102218,99000,99000,7
23102219,99000,99000,7
23102220,99000,99000,7
23102221,99000,99000,7
23102222,99000,99000,7
23102223,99000,99000,7
23102300,99000,99000,7
23102301,99000,99000,7
23102302,99000,99000,7
23102303,99000,99000,7
23102304,99000,99000,7
23102305,99000,99000,7
23102306,99000,99000,6
23102307,99000,99000,7
23102308,99000,99000,6
23102309,99000,99000,7
23102310,99000,99000,7
23102311,99000,99000,7
23102312,99000,99000,7
23102313,99000,99000,7
23102314,99000,99000,7
23102315,99000,99000,7
23102316,99000,99000,7
23102317,99000,99000,7
23102318,99000,99000,7
23102319,99000,99000,7
23102320,99000,99000,7
23102321,99000,99000,7
23102322,99000,99000,7
23102323,98010,99000,11
23102400,98010,99000,11
23102401,98010,99000,11
23102402,98010,99000,11
23102403,98010,99000,11
23102404,98010,99000,11
23102405,98010,99000,11
23102406,98010,99000,11
23102407,98010,99000,11
23102408,98010,99000,11
23102409,98010,99000,11
23102410,98010,99000,11
23102411,98010,99000,11
23102412,98010,99000,11
23102413,98010,99000,11
23102414,98010,98010,5
23102415,98010,98010,6
23102416,98010,98010,6
23102417,98010,98010,6
23102418,98010,98010,6
23102419,98010,98010,6
23102420,98010,98010,6
23102421,98010,98010,6
23102422,98010,98010,10
23102423,98010,98010,10
23102500,98010,98010,10
23102501,98010,98010,10
23102502,98010,98010,10
23102503,98010,98010,10
23102504,98010,98010,10
23102505,98010,98010,10
23102506,98010,98010,9
23102507,98010,98010,9
23102508,98010,98010,9
23102509,98010,98010,9
23102510,98010,98010,9
23102511,98010,98010,9
23102512,98010,98010,9
23102513,98010,98010,9
23102514,98010,98010,9
23102515,98010,98010,8
23102516,98010,98010,8
23102517,98010,98010,8
23102518,98010,98010,8
23102519,98010,98010,8
23102520,98010,98010,8
23102521,98010,98010,8
23102522,98010,98010,8
23102523,98010,98010,4
23102600,98010,98010,4
23102601,98010,98010,4
23102602,98010,98010,4
23102603,98010,98010,4
23102604,98010,98010,4
23102605,98010,98010,4
23102606,98010,98010,4
23102607,98010,98010,4
23102608,98010,98010,4
23102609,98010,98010,4
23102610,98010,98010,4
23102611,98010,98010,4
23102612,98010,98010,4
23102613,98010,98010,4
23102614,98010,98010,4
23102615,98010,98010,4
23102616,98010,98010,4
23102617,98010,98010,4
23102618,98010,98010,4
23102619,98010,98010,4
23102620,98010,98010,4
23102621,98010,98010,4
23102719,100000,100000,2
23102720,100000,100000,2
23102721,100000,100000,2
23102722,99000,99000,6
23102723,99000,99000,6
23102800,99000,99000,6
23102801,99000,99000,6
23102802,99000,99000,6
23102803,99000,99000,7
23102804,99000,99000,7
23102805,99000,99000,7
23102806,99000,99000,7
23102807,99000,99000,7
23102808,99000,99000,7
23102809,99000,99000,7
23102810,99000,99000,7
23102811,99000,99000,12
23102812,99000,99000,12
23102813,99000,99000,12
23102814,99000,99000,12
23102815,99000,99000,12
23102816,99000,99000,12
23102817,99000,99000,12
23102818,99000,99000,12
23102819,99000,99000,12
23102820,99000,99000,12
23102821,99000,99000,12
23102822,99000,99000,12
23102823,99000,99000,12
23102900,99000,99000,12
23102901,99000,99000,12
23102902,99000,99000,12
23102903,99000,99000,12
23102904,99000,99000,12
23102905,99000,99000,12
23102906,99000,99000,12
23102907,99000,99000,12
23102908,99000,99000,12
23102909,99000,99000,12
23102910,99000,99000,12
23102911,99000,99000,12
23102912,99000,99000,12
23102913,99000,99000,12
23102914,99000,99000,12
23102915,99000,99000,12
23102916,99000,99000,12
23102917,99000,99000,12
23102918,99000,99000,12
23102919,99000,99000,10
23102920,99000,99000,10
23102921,99000,99000,10
23102922,99000,99000,6
23102923,99000,99000,6
23103000,99000,99000,6
23103001,99000,99000,6
23103002,99000,99000,6
23103003,99000,99000,5
23103004,99000,99000,5
23103005,99000,99000,5
23103006,99000,99000,5
23103007,99000,99000,5
23103008,99000,99000,5
23103009,99000,99000,5
23103010,99000,99000,5
23103012,99000,99000,6
23103013,99000,99000,6
23103014,99000,99000,6
23103015,99000,99000,6
23103016,99000,99000,7
23103017,99000,99000,7
23103018,99000,99000,7
23103019,99000,99000,7
23103020,99000,99000,7
23103021,99000,99000,7
23103022,99000,99000,7
23103023,99000,99000,7
23103100,99000,99000,7
23103101,99000,99000,7
23103102,99000,99000,7
23103103,99000,99000,7
23103104,99000,99000,7
23103105,99000,99000,7
23103106,99000,99000,7
23103107,99000,99000,7
23103108,99000,99000,7
23103109,99000,99000,7
23103110,99000,99000,7
23103111,99000,99000,7
23103112,99000,99000,7
23103113,99000,99000,6
23103114,99000,99000,6
23103115,99000,99000,6
23103116,99000,99000,6
23103117,99000,99000,5
23103118,99000,99000,5
23103119,99000,99000,5
23103120,99000,99000,5
23103121,99000,99000,5
23103122,99000,99000,7
23103123,99000,99000,7
23110100,99000,99000,7
23110101,99000,99000,7
23110102,99000,99000,7
23110103,99000,99000,7
23110104,99000,99000,7
23110105,99000,99000,7
23110106,99000,99000,7
23110107,99000,99000,7
23110108,99000,99000,7
23110109,99000,99000,7
23110110,99000,99000,7
23110111,99000,99000,7
23110112,99000,99000,7
23110113,99000,99000,7
23110114,99000,99000,7
23110115,99000,99000,2
23110116,99000,99000,2
23110117,99000,99000,2
23110118,99000,99000,2
23110119,99000,99000,2
23110120,99000,99000,2
23110121,99000,99000,2
23110122,99000,99000,2
23110123,99000,99000,2
23110200,99000,99000,2
23110201,99000,99000,2
23110202,99000,99000,2
23110203,99000,99000,2
23110204,99000,99000,2
23110205,99000,99000,2
23110206,99000,99000,2
23110207,99000,99000,2
23110208,99000,99000,2
23110209,99000,99000,2
23110210,99000,99000,2
23110211,99000,99000,2
23110212,99000,99000,2
23110213,99000,99000,2
23110214,99000,99000,2
23110215,99000,99000,2
23110216,99000,99000,2
23110217,99000,99000,2
23110218,99000,99000,2
23110219,99000,99000,2
23110220,99000,99000,2
23110221,99000,99000,2
23110223,100000,100000,1
23110300,100000,100000,2
23110301,100000,100000,2
23110302,100000,100000,2
23110304,100000,100000,2
23110305,100000,100000,2
23110306,100000,100000,2
23110307,100000,100000,2
23110308,100000,100000,2
23110309,100000,100000,2
23110310,100000,100000,2
23110311,100000,100000,2
23110312,100000,100000,2
23110313,100000,100000,2
23110314,100000,100000,2
23110315,100000,100000,2
23110316,100000,100000,2
23110317,100000,100000,2
23110318,100000,100000,2
23110319,100000,100000,2
23110320,100000,100000,2
23110321,100000,100000,2
23110322,100000,100000,2
23110323,100000,100000,2
23110400,100000,100000,1
23110401,100000,100000,1
23110402,100000,100000,1
23110403,100000,100000,1
23110404,100000,100000,1
23110405,100000,100000,1
23110406,100000,100000,1
23110407,100000,100000,1
23110408,100000,100000,1
23110409,100000,100000,6
23110410,100000,100000,6
23110411,100000,100000,6
23110412,100000,100000,6
23110413,100000,100000,6
23110414,100000,100000,6
23110415,100000,100000,6
23110416,100000,100000,6
23110417,100000,100000,6
23110418,100000,100000,6
23110419,100000,100000,6
23110420,100000,100000,6
23110421,100000,100000,6
23110422,100000,100000,6
23110423,100000,100000,5
23110500,100000,100000,5
23110501,100000,100000,5
23110502,100000,100000,5
23110503,100000,100000,5
23110504,100000,100000,5
23110505,100000,100000,5
23110506,100000,100000,5
23110507,100000,100000,5
23110510,100076,100076,1
23110511,100076,100076,1
23110512,100076,100076,1
23110513,100076,100076,1
23110514,100076,100076,1
23110515,100076,100076,1
23110516,100076,100076,1
23110517,100076,100076,1
23110518,100076,100076,1
23110519,100076,100076,1
23110520,99076,99076,5
23110521,99076,99076,5
23110522,99076,99076,5
23110523,99076,99076,5
23110600,90000,99076,7
23110601,90000,99076,7
23110602,90000,99076,7
23110603,90000,99076,7
23110604,90000,99076,7
23110605,90000,99076,7
23110606,90000,99076,7
23110607,90000,99076,7
23110608,90000,99076,7
23110609,90000,99076,7
23110610,90000,99076,7
23110611,90000,99076,7
23110612,90000,99076,7
23110613,90000,99076,7
23110614,90000,99076,7
23110615,90000,99076,7
23110616,90000,99076,7
23110617,90000,99076,7
23110618,90000,99076,7
23110619,90000,99076,7
23110620,90000,99076,7
23110621,90000,99076,7
23110622,80000,90000,11
23110623,80000,90000,12
23110700,80000,90000,12
23110701,80000,90000,12
23110702,80000,90000,12
23110703,80000,90000,12
23110704,80000,90000,12
23110705,80000,90000,12
23110706,80000,90000,12
23110707,80000,90000,11
23110708,80000,90000,11
23110709,80000,90000,12
23110710,80000,90000,11
23110711,80000,90000,11
23110712,80000,90000,11
23110713,80000,90000,11
23110714,80000,90000,11
23110715,80000,90000,11
23110716,80000,90000,11
23110717,80000,90000,11
23110718,80000,90000,11
23110719,80000,90000,11
23110720,80000,80000,7
23110721,80000,80000,7
23110722,80000,80000,7
23110723,80000,80000,5
23110800,80000,80000,5
23110801,80000,80000,5
23110802,80000,80000,5
23110803,80000,80000,5
23110804,80000,80000,5
23110805,80000,80000,5
23110806,80000,80000,5
23110807,80000,80000,5
23110808,80000,80000,5
23110809,80000,80000,5
23110810,80000,80000,5
23110811,80000,80000,5
23110812,80000,80000,5
23110813,80000,80000,5
23110814,80000,80000,5
23110815,80000,80000,5
23110816,80000,80000,5
23110817,80000,80000,5
23110818,80000,80000,5
23110819,80000,80000,5
23110820,80000,80000,5
23110821,80000,80000,1
23110822,80000,80000,1
23110902,80000,80000,1
23110903,80000,80000,1
23110904,80000,80000,1
23110905,80000,80000,1
23110906,80000,80000,1
23110907,80000,80000,1
23111007,80000,80000,1
23111008,80000,80000,6
23111009,80000,80000,6
23111010,80000,80000,6
23111011,80000,80000,6
23111012,80000,80000,6
23111013,80000,80000,6
23111014,80000,80000,6
23111015,80000,80000,6
23111016,80000,80000,6
23111017,80000,80000,6
23111018,80000,80000,6
23111019,80000,80000,6
23111020,80000,80000,6
23111021,80000,80000,6
23111022,80000,80000,6
23111023,80000,80000,6
23111100,80000,80000,6
23111101,80000,80000,6
23111102,80000,80000,6
23111103,80000,80000,6
23111104,80000,80000,6
23111105,80000,80000,6
23111106,80000,80000,6
23111107,80000,80000,6
23111108,80000,80000,3
23111109,80000,80000,3
23111110,80000,80000,8
23111111,80000,80000,8
23111112,80000,80000,18
23111113,80000,80000,18
23111114,80000,80000,18
23111115,80000,80000,18
23111116,80000,80000,18
23111117,80000,80000,18
23111118,80000,80000,18
23111119,80000,80000,18
23111120,80000,80000,18
23111121,80000,80000,18
23111122,80000,80000,18
23111123,80000,80000,18
23111200,80000,80000,18
23111201,80000,80000,18
23111202,80000,80000,18
23111203,80000,80000,18
23111204,80000,80000,18
23111205,80000,80000,18
23111206,80000,80000,18
23111207,80000,80000,17
23111208,80000,80000,15
23111209,80000,80000,15
23111210,80000,80000,16
23111211,80000,80000,16
23111212,80000,80000,16
23111213,80000,80000,16
23111214,80000,80000,16
23111215,80000,80000,16
23111216,80000,80000,16
23111217,80000,80000,16
23111218,80000,80000,16
23111219,80000,80000,16
23111220,80000,80000,16
23111221,80000,80000,16
23111222,80000,80000,17
23111223,80000,80000,17
23111300,80000,80000,17
23111301,80000,80000,17
23111302,80000,80000,17
23111303,80000,80000,17
23111304,80000,80000,17
23111305,80000,80000,17
23111306,80000,80000,17
23111307,80000,80000,17
23111308,80000,80000,17
23111309,80000,80000,18
23111310,80000,80000,17
23111311,80000,80000,17
23111312,80000,80000,7
23111313,80000,80000,7
23111314,80000,80000,7
23111315,80000,80000,7
23111316,80000,80000,7
23111317,80000,80000,7
23111318,80000,80000,7
23111319,80000,80000,7
23111320,80000,80000,7
23111321,80000,80000,7
23111322,79200,80000,11
23111323,79200,80000,11
23111400,79200,80000,11
23111401,79200,80000,11
23111402,79200,80000,11
23111403,79200,80000,11
23111404,79200,80000,11
23111405,79200,80000,11
23111406,79200,80000,11
23111407,79200,80000,11
23111408,79200,80000,11
23111409,79200,80000,11
23111410,79200,80000,11
23111411,79200,80000,10
23111412,79200,80000,10
23111413,79200,79200,5
23111414,79200,79200,5
23111415,79200,79200,5
23111416,79200,79200,5
23111417,79200,79200,5
23111418,79200,79200,5
23111419,79200,79200,5
23111420,79200,79200,5
23111421,79200,79200,5
23111422,79200,79200,4
23111423,79200,79200,4
23111500,79200,79200,4
23111501,79200,79200,4
23111502,79200,79200,4
23111503,79200,79200,4
23111504,79200,79200,4
23111505,79200,79200,4
23111506,79200,79200,4
23111507,79200,79200,4
23111508,79200,79200,4
23111509,79200,79200,4
23111510,79200,79200,4
23111511,79200,79200,4
23111512,79200,79200,4
23111513,79200,79200,4
23111514,79200,79200,4
23111515,79200,79200,4
23111516,79200,79200,4
23111517,79200,79200,4
23111518,79200,79200,4
23111519,79200,79200,4
23111520,79200,79200,4
23111521,79200,79200,4
23111522,79200,79200,4
23111620,79200,79200,4
23111621,79200,79200,4
23111622,79200,79200,4
23111623,79200,79200,5
23111700,79200,79200,5
23111701,79200,79200,5
23111702,79200,79200,5
23111703,79200,79200,5
23111704,79200,79200,5
23111705,79200,79200,5
23111706,79200,79200,5
23111707,79200,79200,5
23111708,79200,79200,5
23111709,79200,79200,5
23111710,79200,79200,5
23111711,79200,79200,5
23111712,79200,79200,5
23111713,79200,79200,5
23111714,79200,79200,5
23111715,79200,79200,5
23111716,79200,79200,5
23111717,79200,79200,5
23111720,79200,79200,5
23111721,79200,79200,5
23111722,75000,75000,11
23111723,75000,75000,11
23111800,75000,75000,11
23111801,75000,75000,11
23111802,75000,75000,11
23111803,75000,75000,11
23111804,75000,75000,11
23111805,75000,75000,11
23111806,75000,75000,11
23111807,75000,75000,11
23111808,75000,75000,11
23111809,75000,75000,11
23111810,75000,75000,11
23111811,75000,75000,11
23111812,75000,75000,11
23111813,75000,75000,11
23111814,75000,75000,11
23111815,75000,75000,12
23111816,75000,75000,12
23111817,75000,75000,12
23111818,75000,75000,12
23111819,75000,75000,12
23111820,75000,75000,8
23111821,75000,75000,8
23111822,75000,75000,8
23111823,75000,75000,7
23111900,75000,75000,7
23111901,75000,75000,7
23111902,75000,75000,7
23111903,75000,75000,7
23111904,75000,75000,7
23111905,75000,75000,7
23111906,75000,75000,7
23111907,75000,75000,7
23111908,75000,75000,7
23111909,75000,75000,7
23111910,75000,75000,7
23111911,75000,75000,7
23111912,75000,75000,7
23111913,75000,75000,7
23111914,75000,75000,7
23111915,75000,75000,7
23111916,75000,75000,7
23111917,75000,75000,8
23111918,75000,75000,8
23111919,75000,75000,8
23111920,75000,75000,8
23111921,75000,75000,8
23111922,75000,75000,7
23111923,75000,75000,7
23112000,75000,75000,7
23112001,75000,75000,7
23112002,75000,75000,7
23112003,75000,75000,7
23112004,75000,75000,7
23112005,75000,75000,7
23112006,75000,75000,7
23112007,75000,75000,7
23112008,75000,75000,7
23112009,75000,75000,7
23112010,75000,75000,7
23112011,75000,75000,7
23112012,75000,75000,7
23112013,75000,75000,11
23112014,75000,75000,11
23112015,75000,75000,10
23112016,75000,75000,10
23112017,75000,75000,10
23112018,75000,75000,10
23112019,75000,75000,10
23112020,74000,75000,12
23112021,74000,75000,12
23112022,74000,75000,12
23112023,74000,75000,12
23112100,74000,75000,12
23112101,74000,75000,12
23112102,74000,75000,12
23112103,74000,75000,12
23112104,74000,75000,12
23112105,74000,75000,12
23112106,74000,75000,12
23112107,74000,75000,12
23112108,74000,75000,12
23112109,74000,75000,12
23112110,74000,75000,12
23112111,74000,75000,12
23112112,74000,75000,12
23112113,74000,75000,8
23112114,74000,75000,8
23112115,74000,75000,8
23112116,74000,75000,8
23112117,74000,75000,7
23112118,74000,74000,2
23112119,74000,74000,2
23112120,74000,74000,2
23112121,74000,74000,2
23112122,74000,74000,2
23112123,74000,74000,2
23112200,74000,74000,2
23112201,74000,74000,2
23112202,74000,74000,2
23112203,74000,74000,2
23112204,74000,74000,2
23112205,74000,74000,2
23112206,74000,74000,2
23112207,74000,74000,2
23112208,74000,74000,2
23112209,74000,74000,2
23112210,74000,74000,2
23112211,74000,74000,2
23112212,74000,74000,2
23112213,74000,74000,11
23112214,74000,74000,11
23112215,74000,74000,11
23112216,74000,74000,11
23112217,74000,74000,11
23112218,74000,74000,11
23112219,74000,74000,11
23112220,74000,74000,9
23112221,72000,74000,10
23112222,72000,74000,10
23112223,72000,74000,10
23112300,72000,74000,10
23112301,72000,74000,10
23112302,72000,74000,10
23112303,72000,74000,10
23112304,72000,74000,10
23112305,72000,74000,10
23112306,72000,74000,10
23112307,72000,74000,10
23112308,72000,74000,10
23112309,72000,74000,10
23112310,72000,74000,10
23112311,72000,74000,10
23112312,72000,74000,10
23112313,72000,72000,1
23112314,72000,72000,1
23112315,72000,72000,1
23112316,72000,72000,1
23112317,72000,72000,1
23112318,72000,72000,1
23112319,72000,72000,1
23112320,72000,72000,1
23112321,72000,72000,1
23112322,72000,72000,1
23112323,72000,72000,1
23112400,72000,72000,1
23112401,72000,72000,1
23112402,72000,72000,1
23112403,72000,72000,1
23112404,72000,72000,1
23112405,72000,72000,2
23112406,72000,72000,2
23112407,72000,72000,2
23112408,72000,72000,2
23112409,72000,72000,2
23112410,72000,72000,2
23112411,72000,72000,2
23112412,72000,72000,10
23112413,72000,72000,10
23112414,72000,72000,10
23112415,72000,72000,10
23112416,72000,72000,10
23112417,72000,72000,10
23112418,72000,72000,10
23112419,72000,72000,10
23112420,72000,72000,10
23112421,72000,72000,9
23112422,72000,72000,9
23112423,72000,72000,9
23112500,72000,72000,9
23112501,72000,72000,9
23112502,72000,72000,10
23112503,72000,72000,10
23112504,72000,72000,10
23112505,72000,72000,10
23112506,72000,72000,10
23112507,72000,72000,10
23112508,72000,72000,10
23112509,72000,72000,10
23112510,72000,72000,10
23112511,72000,72000,10
23112512,72000,72000,2
23112513,72000,72000,2
23112514,72000,72000,2
23112515,72000,72000,2
23112516,72000,72000,2
23112517,72000,72000,2
23112518,72000,72000,2
23112519,72000,72000,2
23112520,72000,72000,2
23112521,72000,72000,2
23112522,40000,72000,9
23112523,40000,72000,9
23112600,40000,72000,9
23112601,40000,72000,9
23112602,40000,72000,9
23112603,40000,72000,9
23112604,40000,72000,9
23112605,40000,56000,8
23112606,40000,56000,8
23112607,40000,56000,8
23112608,40000,56000,8
23112609,40000,56000,8
23112610,40000,56000,8
23112611,40000,56000,8
23112612,40000,56000,8
23112613,40000,56000,8
23112614,40000,56000,8
23112615,40000,56000,8
23112616,40000,56000,8
23112617,40000,56000,8
23112618,40000,56000,8
23112619,40000,56000,8
23112620,40000,56000,8
23112621,40000,56000,8
23112622,40000,56000,8
23112623,40000,56000,8
23112700,40000,56000,8
23112701,40000,56000,8
23112702,40000,40000,7
23112703,40000,40000,7
23112704,40000,40000,7
23112705,40000,40000,7
23112706,40000,40000,7
23112707,40000,40000,7
23112708,40000,40000,7
23112709,40000,40000,7
23112710,40000,40000,7
23112711,40000,40000,7
23112712,40000,40000,7
23112713,40000,40000,7
23112714,40000,40000,7
23112715,40000,40000,7
23112716,40000,40000,7
23112717,40000,40000,7
23112718,40000,40000,7
23112719,40000,40000,7
23112720,40000,40000,7
23112721,40000,40000,7
23112800,75000,75000,4
23112801,75000,75000,4
23112802,75000,75000,4
23112803,75000,75000,4
23112804,75000,75000,4
23112805,75000,75000,9
23112806,75000,75000,9
23112807,75000,75000,9
23112808,75000,75000,9
23112809,75000,75000,9
23112810,75000,75000,9
23112811,75000,75000,9
23112812,75000,75000,9
23112813,75000,75000,9
23112814,75000,75000,9
23112815,75000,75000,9
23112816,75000,75000,9
23112817,75000,75000,9
23112818,75000,75000,9
23112819,75000,75000,9
23112820,75000,75000,9
23112821,75000,75000,9
23112822,75000,75000,9
23112823,75000,75000,5
23112900,75000,75000,5
23112901,75000,75000,6
23112902,75000,75000,6
23112903,75000,75000,6
23112904,75000,75000,6
23112905,75000,75000,6
23112907,75000,75000,6
23112908,75000,75000,6
23112909,75000,75000,6
23112910,75000,75000,6
23112911,75000,75000,6
23112912,75000,75000,6
23112913,75000,75000,6
23112914,75000,75000,6
23112915,75000,75000,11
23112916,75000,75000,11
23112917,75000,75000,11
23112918,75000,75000,11
23112919,75000,75000,11
23112920,75000,75000,1
23112921,75000,75000,2
23112922,75000,75000,1
23112923,75000,75000,1
23113000,75000,75000,1
23113001,75000,75000,1
23113002,75000,75000,1
23113003,75000,75000,1
23113004,75000,75000,1
23113005,75000,75000,1
23113006,75000,75000,1
23113007,75000,75000,1
23113008,75000,75000,2
23113009,75000,75000,4
23113010,75000,75000,4
23113011,75000,75000,4
23113012,75000,75000,4
23113013,75000,75000,4
23113014,75000,75000,4
23113015,75000,75000,4
23113016,75000,75000,4
23113017,75000,75000,4
23113018,75000,75000,4
23113019,75000,75000,4
23113020,75000,75000,4
23113021,75000,75000,4
23113022,75000,75000,5
23113023,75000,75000,5
23120100,75000,75000,5
23120101,75000,75000,5
23120102,75000,75000,5
23120103,73500,75000,9
23120104,73500,75000,9
23120105,73500,75000,9
23120106,73500,75000,9
23120107,73500,75000,9
23120108,73500,75000,9
23120109,73500,75000,9
23120110,73500,75000,9
23120111,73500,75000,9
23120112,73500,75000,9
23120113,73500,75000,9
23120114,73500,75000,9
23120115,73500,75000,9
23120116,73500,75000,9
23120117,73500,75000,9
23120118,73500,75000,9
23120119,73500,75000,9
23120120,73500,75000,9
23120121,73500,74250,8
23120122,73500,74250,8
23120123,73500,74250,8
23120200,73500,74250,8
23120201,73500,74250,8
23120202,73500,74250,8
23120203,73500,74250,8
23120204,73500,74250,8
23120205,73500,74250,8
23120206,73500,74250,8
23120207,73500,74250,8
23120208,73500,73500,7
23120209,73500,73500,5
23120210,73500,73500,5
23120211,73500,73500,5
23120212,73500,73500,5
23120213,73500,73500,5
23120214,73500,73500,5
23120215,73500,73500,5
23120216,73500,73500,5
23120217,73500,73500,5
23120218,73500,73500,5
23120219,73500,73500,5
23120220,73500,73500,5
23120221,73500,73500,6
23120222,73500,73500,5
23120223,73500,73500,5
23120300,73500,73500,5
23120301,73500,73500,5
23120302,73500,73500,5
23120303,73500,73500,1
23120304,73500,73500,1
23120305,73500,73500,1
23120306,73500,73500,1
23120307,73500,73500,1
23120308,73500,73500,1
23120309,73500,73500,1
23120310,73500,73500,1
23120311,73500,73500,1
23120312,73500,73500,1
23120313,73500,73500,1
23120314,73500,73500,1
23120315,73500,73500,1
23120316,73500,73500,1
23120317,73500,73500,1
23120318,73500,73500,1
23120319,73500,73500,1
23120320,73500,73500,1
23120321,73500,73500,1
23120322,73500,73500,1
23120323,73500,73500,1
23120400,73500,73500,1
23120401,73500,73500,1
23120402,73500,73500,1
23120403,73500,73500,1
23120404,73500,73500,1
23120405,73500,73500,1
23120406,73500,73500,1
23120407,73500,73500,1
23120408,73500,73500,1
23120409,73500,73500,1
23120410,73500,73500,1
23120411,73500,73500,1
23120516,72030,72030,8
23120517,72030,72030,8
23120518,72030,72030,8
23120519,72030,72030,8
23120520,72030,72030,8
23120521,72030,72030,8
23120522,72030,72030,8
23120523,72030,72030,8
23120600,72030,72030,8
23120601,72030,72030,8
23120602,72030,72030,8
23120603,72030,72030,8
23120604,72030,72030,8
23120605,72030,72030,8
23120606,72030,72030,8
23120607,72030,72030,8
23120608,72030,72030,8
23120609,72030,72030,8
23120610,72030,72030,8
23120611,72030,72030,8
23120612,72030,72030,8
23120613,72030,72030,8
23120614,72030,72030,8
23120615,72030,72030,4
23120616,72030,72030,4
23120617,72030,72030,4
23120618,72030,72030,4
23120701,500076,500076,10
23120702,500076,500076,10
23120703,500076,500076,10
23120704,500076,500076,10
23120705,500076,500076,10
23120706,500076,500076,10
23120707,500076,500076,10
23120708,500076,500076,10
23120709,500076,500076,10
23120710,500076,500076,10
23120711,500076,500076,10
23120712,500076,500076,10
23120713,500076,500076,10
23120714,500076,500076,10
23120715,500076,500076,10
23120716,500076,500076,10
23120717,500076,500076,10
23120718,500076,500076,10
23120719,500076,500076,10
23120720,500076,500076,10
23120721,500076,500076,10
23120722,500076,500076,10
23120723,500076,500076,10
23120800,500076,500076,10
23120801,500076,500076,10
23120802,500076,500076,10
23120803,500076,500076,10
23120804,500076,500076,10
23120805,500076,500076,10
23120806,500076,500076,10
23120807,500076,500076,10
23120808,100000,500076,13
23120809,100000,500076,13
23120810,100000,500076,14
23120811,100000,500076,14
23120812,100000,500076,14
23120813,100000,500076,14
23120814,100000,500076,14
23120815,100000,500076,14
23120816,100000,500076,14
23120817,100000,500076,14
23120818,100000,500076,14
23120819,100000,500076,14
23120820,100000,500076,14
23120821,100000,500076,15
23120822,100000,500076,15
23120823,98000,500076,19
23120900,98000,500076,19
23120901,98000,100000,9
23120902,98000,100000,9
23120903,98000,100000,9
23120904,98000,100000,9
23120905,98000,100000,9
23120906,98000,100000,9
23120907,98000,100000,9
23120908,98000,100000,9
23120909,98000,100000,9
23120910,98000,100000,9
23120911,98000,100000,9
23120912,98000,100000,9
23120913,98000,100000,9
23120914,98000,100000,9
23120915,98000,100000,9
23120916,98000,100000,9
23120917,98000,100000,9
23120918,78800,99000,10
23120919,78800,99000,10
23120920,78800,99000,10
23120921,78800,99000,10
23120922,78800,99000,10
23120923,78800,99000,10
23121000,78800,99000,10
23121001,78800,99000,10
23121002,78800,99000,10
23121003,78800,99000,10
23121004,78800,99000,10
23121005,78800,99000,10
23121006,78800,99000,10
23121007,78800,99000,10
23121008,78800,98000,7
23121009,78800,98000,7
23121010,78800,98000,6
23121011,78800,98000,6
23121012,78800,98000,6
23121013,78800,98000,6
23121014,78800,98000,6
23121015,78800,98000,6
23121016,78800,98000,6
23121017,78800,98000,7
23121018,78800,98000,7
23121019,78800,98000,7
23121020,78800,98000,7
23121021,78800,98000,6
23121022,78800,98000,6
23121023,78800,78800,2
23121100,78800,78800,2
23121101,78800,78800,2
23121102,78800,78800,2
23121103,78800,78800,2
23121104,77224,77224,6
23121105,77224,77224,6
23121106,77224,77224,6
23121107,77224,77224,6
23121108,77224,77224,6
23121109,77224,77224,6
23121110,77224,77224,6
23121111,77224,77224,6
23121112,77224,77224,6
23121113,77224,77224,6
23121114,77224,77224,6
23121115,77224,77224,6
23121116,77224,77224,6
23121117,77224,77224,6
23121118,77224,77224,5
23121119,77224,77224,5
23121120,77224,77224,5
23121121,77224,77224,5
23121122,77224,77224,5
23121123,77224,77224,5
23121200,77224,77224,5
23121201,77224,77224,5
23121202,77224,77224,5
23121203,77224,77224,5
23121204,77224,77224,5
23121205,77224,77224,5
23121206,77224,77224,5
23121207,77224,77224,5
23121208,77224,77224,5
23121209,77224,77224,5
23121210,77224,77224,5
23121211,77224,77224,5
23121212,77224,77224,5
23121213,77224,77224,5
23121214,77224,77224,5
23121215,77224,77224,5
23121216,77224,77224,5
23121217,77224,77224,4
23121218,77224,77224,4
23121219,77224,77224,4
23121220,77224,77224,14
23121221,77224,77224,14
23121222,77224,77224,14
23121223,77224,77224,14
23121300,58824,77224,15
23121301,58824,77224,15
23121302,58824,77224,15
23121303,58824,77224,11
23121304,58824,77224,11
23121305,58824,77224,11
23121306,58824,77224,11
23121307,58824,77224,11
23121308,58824,77224,11
23121309,58824,77224,11
23121310,58824,77224,11
23121311,58824,77224,11
23121312,58824,77224,11
23121313,58824,77224,11
23121314,58824,77224,11
23121315,58824,77224,11
23121316,58824,77224,11
23121317,58824,77224,11
23121318,58824,77224,11
23121319,58824,77224,11
23121320,58824,58824,1
23121321,58824,58824,1
23121322,58824,58824,1
23121323,58824,58824,1
23121400,58824,58824,1
23121401,58824,58824,1
23121402,58824,58824,1
23121403,58824,58824,1
23121404,58824,58824,1
23121405,57648,57648,5
23121406,57648,57648,5
23121407,57648,57648,5
23121408,57648,57648,5
23121409,57648,57648,5
23121410,57648,57648,15
23121411,57648,57648,15
23121412,57648,57648,15
23121413,57648,57648,15
23121414,57648,57648,15
23121415,57648,57648,15
23121416,57648,57648,15
23121417,57648,57648,15
23121418,57648,57648,15
23121419,57648,57648,15
23121420,57648,57648,15
23121421,57648,57648,15
23121422,57648,57648,15
23121423,57648,57648,15
23121500,57648,57648,14
23121501,57648,57648,14
23121502,57648,57648,14
23121503,57648,57648,14
23121504,57648,57648,14
23121505,57648,57648,14
23121506,57648,57648,14
23121507,57648,57648,14
23121508,57648,57648,14
23121509,57648,57648,14
23121510,57648,57648,4
23121511,57648,57648,4
23121512,57648,57648,4
23121513,57648,57648,4
23121514,57648,57648,4
23121515,57648,57648,4
23121516,10048,10048,14
23121517,10048,10048,14
23121518,10048,10048,14
23121519,10048,10048,14
23121520,10048,10048,14
23121521,10048,10048,14
23121522,10048,10048,14
23121523,10048,10048,14
23121600,10048,10048,14
23121601,10048,10048,14
23121602,10048,10048,14
23121603,10048,10048,14
23121604,10048,10048,14
23121605,10048,10048,10
23121606,10048,10048,10
23121607,10048,10048,10
23121608,10048,10048,10
23121609,10048,10048,10
23121610,10048,10048,10
23121611,10048,10048,10
23121612,10048,10048,10
23121613,10048,10048,10
23121614,10048,10048,10
23121615,10048,10048,10
23121621,376,376,4
23121622,376,376,4
23121623,376,376,4
23121700,376,376,4
23121701,376,376,4
23121702,376,376,4
23121703,369,372,8
23121704,369,372,8
23121705,369,372,8
23121706,369,372,8
23121707,369,372,8
23121708,369,372,8
23121709,369,372,8
23121710,369,369,18
23121711,369,369,18
23121712,369,369,18
23121713,369,369,18
23121714,369,369,18
23121715,369,369,18
23121716,369,369,27
23121717,369,369,27
23121718,369,369,27
23121719,369,369,27
23121720,369,369,27
23121721,369,369,23
23121722,369,369,23
23121723,369,369,23
23121800,369,369,23
23121801,369,369,23
23121802,369,369,23
23121803,369,369,23
23121804,369,369,23
23121805,369,369,23
23121806,369,369,23
23121807,369,369,23
23121808,369,369,23
23121809,369,369,23
23121810,369,369,13
23121811,369,369,13
23121812,369,369,13
23121813,369,369,13
23121814,369,369,13
23121815,369,369,13
23121816,369,369,13
23121817,369,369,13
23121818,369,369,13
23121819,369,369,18
23121820,369,369,18
23121821,369,369,18
23121822,369,369,18
23121823,369,369,18
23121900,369,369,18
23121901,369,369,18
23121902,369,369,18
23121903,369,369,14
23121904,369,369,14
23121905,369,369,14
23121906,369,369,14
23121907,369,369,14
23121908,369,369,14
23121909,369,369,16
23121910,369,369,16
23121911,369,369,16
23121912,369,369,16
23121913,369,369,16
23121914,369,369,16
23121915,369,369,16
23121916,369,369,7
23121917,369,369,7
23121918,369,369,7
23121919,369,369,7
23121920,369,369,7
23121921,369,369,7
23122116,376,376,9
23122117,376,376,9
23122118,376,376,9
23122119,376,376,9
23122120,376,376,9
23122121,376,376,9
23122122,376,376,9
23122123,376,376,9
23122200,376,376,9
23122201,376,376,9
23122202,376,376,9
23122203,376,376,9
23122204,376,376,9
23122205,376,376,9
23122206,376,376,9
23122207,376,376,9
23122208,376,376,9
23122209,376,376,9
23122210,376,376,9
23122211,376,376,9
23122212,376,376,9
23122213,376,376,9
23122214,50000,50000,3
23122215,50000,50000,3
23122216,50000,50000,3
23122217,50000,50000,3
23122218,50000,50000,3
23122219,50000,50000,3
23122220,50000,50000,3
23122221,50000,50000,3
23122222,50000,50000,3
23122223,50000,50000,3
23122300,50000,50000,3
23122301,50000,50000,3
23122302,50000,50000,3
23122303,50000,50000,3
23122304,50000,50000,3
23122305,50000,50000,3
23122306,50000,50000,3
23122307,50000,50000,3
23122308,50000,50000,3
23122309,50000,50000,3
23122310,50000,50000,3
23122311,50000,50000,3
23122312,50000,50000,3
23122313,50000,50000,3
23122314,50000,50000,3
23122315,50000,50000,3
23122316,50000,50000,3
23122317,50000,50000,3
23122318,50000,50000,3
23122319,50000,50000,3
23122320,50000,50000,3
23122321,50000,50000,3
23122322,50000,50000,3
23122323,50000,50000,3
23122400,50000,50000,3
23122401,50000,50000,3
23122402,50000,50000,3
23122403,50000,50000,3
23122404,50000,50000,3
23122405,50000,50000,3
23122406,50000,50000,3
23122407,50000,50000,3
23122408,50000,50000,3
23122409,50000,50000,3
23122410,50000,50000,3
23122411,50000,50000,3
23122412,50000,50000,3
23122413,50000,50000,3
23122520,25069,25069,4
23122521,25069,25069,4
23122522,25069,25069,4
23122523,25069,25069,4
23122600,25069,25069,4
23122601,25069,25069,4
23122602,25069,25069,4
23122603,25069,25069,4
23122604,25069,25069,4
23122605,25069,25069,4
23122606,25069,25069,4
23122607,25069,25069,4
23122608,25069,25069,4
23122609,25069,25069,4
23122610,25069,25069,4
23122611,25069,25069,4
23122612,25069,25069,4
23122613,25069,25069,4
23122614,25069,25069,4
23122615,25069,25069,4
23122616,25069,25069,4
23122617,25069,25069,4
23122618,25069,25069,4
23122619,25069,25069,4
23122620,25069,25069,4
23122621,25069,25069,4
23122622,25069,25069,11
23122623,25069,25069,11
23122700,25069,25069,11
23122701,25069,25069,11
23122702,25069,25069,11
23122703,25069,25069,11
23122704,25069,25069,11
23122705,25069,25069,11
23122706,25069,25069,11
23122707,25069,25069,11
23122708,25069,25069,11
23122709,25069,25069,11
23122710,25069,25069,11
23122711,25069,25069,11
23122712,25069,25069,11
23122713,25069,25069,11
23122714,25069,25069,11
23122715,25069,25069,11
23122716,25069,25069,11
23122717,25069,25069,11
23122718,25069,25069,11
23122719,25069,25069,11
23122720,25069,25069,7
23122721,25069,25069,7
23122817,25069,25069,4
23122818,25069,25069,4
23122819,25069,25069,4
23122820,25069,25069,4
23122821,25069,25069,4
23122822,25069,25069,4
23122823,25069,25069,4
23122900,25069,25069,4
23122901,25069,25069,4
23122902,25069,25069,4
23122903,25069,25069,4
23122904,25069,25069,4
23122905,25069,25069,4
23122906,25069,25069,4
23122907,25069,25069,4
23122908,25069,25069,4
23122909,25069,25069,4
23122910,25069,25069,4
23122911,25069,25069,4
23122912,25069,25069,4
23122913,25069,25069,4
23122914,25069,25069,4
23122915,25069,25069,4
23122916,25069,25069,4
23122917,25069,25069,4
23122918,25069,25069,4
23122919,25069,25069,4
23122920,25069,25069,4
23122921,25069,25069,4
23122922,25069,25069,4
23122923,25069,25069,4
23123000,25069,25069,5
23123001,25069,25069,5
23123002,25069,25069,5
23123003,25069,25069,5
23123004,25069,25069,5
23123005,25069,25069,5
23123006,25069,25069,5
23123007,25069,25069,5
23123008,25069,25069,5
23123009,25069,25069,5
23123010,25069,25069,5
23123011,25069,25069,5
23123012,25069,25069,5
23123013,25069,25069,5
23123100,70000,70000,2
23123101,70000,70000,2
23123102,70000,70000,2
23123103,70000,70000,2
23123104,70000,70000,2
23123105,70000,70000,2
23123106,70000,70000,2
23123107,70000,70000,2
23123108,70000,70000,2
23123109,70000,70000,2
23123110,70000,70000,2
23123111,70000,70000,2
23123112,70000,70000,2
23123113,70000,70000,2
23123114,70000,70000,2
23123115,70000,70000,2
23123116,70000,70000,2
23123117,70000,70000,2
23123118,70000,70000,2
23123119,70000,70000,2
23123120,70000,70000,2
23123121,70000,70000,3
23123122,70000,70000,3
23123123,70000,70000,3
24010100,70000,70000,3
24010101,70000,70000,3
24010102,70000,70000,3
24010103,70000,70000,3
24010104,70000,70000,3
24010105,70000,70000,3
24010106,70000,70000,3
24010107,70000,70000,3
24010108,70000,70000,3
24010109,70000,70000,3
24010110,70000,70000,3
24010111,70000,70000,3
24010112,70000,70000,3
24010113,70000,70000,3
24010114,70000,70000,3
24010115,70000,70000,3
24010116,70000,70000,3
24010117,70000,70000,3
24010118,70000,70000,3
24010119,70000,70000,3
24010120,70000,70000,3
24010121,70000,70000,2
24010122,70000,70000,2
24010123,70000,70000,2
24010200,50000,50000,3
24010201,50000,50000,3
24010202,50000,50000,3
24010203,50000,50000,3
24010204,50000,50000,3
24010205,50000,50000,3
24010206,50000,50000,3
24010207,50000,50000,3
24010208,50000,50000,3
24010209,50000,50000,3
24010210,50000,50000,3
24010211,50000,50000,3
24010212,50000,50000,3
24010213,50000,50000,3
24010214,50000,50000,4
24010215,50000,50000,4
24010216,50000,50000,4
24010217,50000,50000,4
24010218,50000,50000,4
24010219,50000,50000,4
24010220,50000,50000,4
24010221,50000,50000,4
24010222,50000,50000,4
24010223,50000,50000,4
24010300,50000,50000,4
24010301,50000,50000,4
24010302,50000,50000,4
24010303,50000,50000,4
24010304,50000,50000,4
24010305,50000,50000,4
24010306,50000,50000,4
24010307,50000,50000,4
24010308,50000,50000,4
24010309,50000,50000,4
24010310,50000,50000,4
24010311,50000,50000,4
24010312,50000,50000,4
24010313,50000,50000,4
24010314,50000,50000,4
24010315,50000,50000,4
24010316,50000,50000,4
24010317,50000,50000,4
24010318,50000,50000,4
24010319,50000,50000,4
24010320,50000,50000,4
24010321,50000,50000,4
24010322,50000,50000,4
24010323,50000,50000,4
24010400,50000,50000,1
24010401,50000,50000,2
24010402,50000,50000,2
24010403,50000,50000,2
24010404,50000,50000,2
24010405,50000,50000,2
24010406,50000,50000,2
24010407,50000,50000,2
24010408,50000,50000,2
24010409,50000,50000,2
24010410,50000,50000,2
24010411,50000,50000,2
24010412,50000,50000,2
24010413,50000,50000,2
24010414,50000,50000,1
24010415,50000,50000,1
24010416,50000,50000,1
24010417,50000,50000,1
24010418,50000,50000,1
24010419,50000,50000,1
24010420,50000,50000,1
24010421,50000,50000,1
24010422,50000,50000,1
24010423,50000,50000,1
24010500,50000,50000,1
24010501,50000,50000,1
24010502,50000,50000,1
24010503,50000,50000,1
24010504,50000,50000,1
24010505,50000,50000,1
24010506,50000,50000,1
24010507,50000,50000,1
24010508,50000,50000,1
24010509,50000,50000,1
24010510,50000,50000,1
24010511,50000,50000,1
24010512,50000,50000,1
24010513,50000,50000,1
24010514,50000,50000,1
24010515,50000,50000,1
24010516,50000,50000,1
24010517,50000,50000,1
24010518,50000,50000,1
24010519,50000,50000,1
24010520,50000,50000,2
24010521,50000,50000,2
24010522,50000,50000,2
24010523,50000,50000,7
24010600,50000,50000,7
24010601,50000,50000,6
24010602,50000,50000,6
24010603,50000,50000,6
24010604,50000,50000,6
24010605,50000,50000,6
24010606,50000,50000,6
24010607,50000,50000,6
24010608,50000,50000,6
24010609,50000,50000,6
24010610,50000,50000,6
24010611,50000,50000,6
24010612,50000,50000,6
24010613,50000,50000,6
24010614,50000,50000,6
24010615,50000,50000,6
24010616,50000,50000,6
24010617,50000,50000,6
24010618,50000,50000,6
24010619,50000,50000,6
24010620,50000,50000,5
24010621,50000,50000,5
24010622,50000,50000,5
24010823,100000,100000,1
24010900,100000,100000,1
24010901,100000,100000,1
24010902,100000,100000,1
24010903,100000,100000,1
24010904,100000,100000,1
24010905,100000,100000,1
24010906,100000,100000,1
24010907,100000,100000,1
24010908,100000,100000,1
24010909,100000,100000,1
24010910,100000,100000,1
24010911,100000,100000,1
24010912,100000,100000,1
24010913,100000,100000,1
24010914,100000,100000,1
24010915,100000,100000,1
24010916,100000,100000,1
24010917,100000,100000,1
24010918,100000,100000,1
24010919,100000,100000,1
24010920,100000,100000,1
24010921,100000,100000,1
24010922,100000,100000,1
24010923,100000,100000,1
24011000,100000,100000,1
24011001,100000,100000,1
24011002,100000,100000,1
24011003,100000,100000,1
24011004,100000,100000,1
24011005,100000,100000,1
24011006,100000,100000,1
24011007,100000,100000,1
24011008,100000,100000,1
24011009,100000,100000,1
24011010,100000,100000,1
24011011,100000,100000,1
24011012,100000,100000,1
24011013,100000,100000,1
24011014,100000,100000,1
24011015,100000,100000,1
24011016,100000,100000,1
24011017,100000,100000,1
24011018,100000,100000,1
24011019,100000,100000,1
24011020,100000,100000,1
24011021,100000,100000,1
24011022,100000,100000,2
24011023,100000,100000,2
24011100,100000,100000,2
24011101,100000,100000,2
24011102,100000,100000,2
24011103,100000,100000,2
24011104,100000,100000,2
24011105,100000,100000,2
24011106,100000,100000,2
24011107,100000,100000,2
24011108,100000,100000,2
24011109,100000,100000,2
24011110,100000,100000,2
24011111,100000,100000,2
24011112,100000,100000,2
24011113,100000,100000,2
24011114,100000,100000,2
24011115,100000,100000,2
24011116,100000,100000,2
24011117,100000,100000,2
24011118,100000,100000,2
24011119,100000,100000,2
24011120,100000,100000,2
24011121,100000,100000,2
24011122,100000,100000,2
24011123,100000,100000,2
24011200,100000,100000,2
24011201,95000,95000,10
24011202,95000,95000,10
24011203,95000,95000,10
24011204,95000,95000,10
24011205,95000,95000,10
24011206,95000,95000,10
24011207,95000,95000,10
24011208,95000,95000,10
24011209,95000,95000,10
24011210,95000,95000,10
24011211,95000,95000,10
24011212,95000,95000,10
24011213,95000,95000,10
24011214,95000,95000,10
24011215,95000,95000,10
24011216,95000,95000,10
24011217,95000,95000,10
24011218,95000,95000,10
24011219,95000,95000,10
24011220,95000,95000,10
24011221,95000,95000,10
24011222,95000,95000,9
24011223,95000,95000,8
24011300,95000,95000,8
24011301,95000,95000,8
24011302,95000,95000,8
24011303,95000,95000,8
24011304,95000,95000,8
24011305,95000,95000,8
24011306,95000,95000,8
24011307,95000,95000,8
24011308,95000,95000,8
24011309,95000,95000,8
24011310,95000,95000,8
24011311,95000,95000,8
24011312,95000,95000,8
24011313,95000,95000,8
24011314,95000,95000,8
24011315,95000,95000,8
24011316,95000,95000,8
24011317,95000,95000,8
24011318,95000,95000,8
24011319,95000,95000,8
24011320,95000,95000,8
24011321,95000,95000,8
24011322,95000,95000,8
24011323,95000,95000,8
24011400,95000,95000,8
24011411,95076,95076,2
24011412,95076,95076,2
24011413,95076,95076,2
24011414,95076,95076,2
24011415,95076,95076,2
24011416,95076,95076,2
24011417,95076,95076,2
24011418,95076,95076,2
24011419,95076,95076,2
24011420,95076,95076,2
24011421,95076,95076,2
24011422,95076,95076,2
24011423,95076,95076,2
24011500,95076,95076,2
24011501,95076,95076,2
24011502,95076,95076,2
24011503,95076,95076,2
24011504,95076,95076,2
24011505,95076,95076,2
24011506,95076,95076,2
24011507,95076,95076,2
24011508,95076,95076,2
24011509,95076,95076,2
24011510,95076,95076,2
24011511,95076,95076,2
24011512,95076,95076,2
24011513,95076,95076,2
24011514,95076,95076,2
24011515,95076,95076,2
24011516,95076,95076,2
24011517,95076,95076,2
24011518,95076,95076,2
24011519,95076,95076,2
24011520,95076,95076,2
24011521,95076,95076,2
24011522,95076,95076,2
24011523,95076,95076,2
24011600,95076,95076,2
24011601,95076,95076,2
24011602,95076,95076,2
24011603,95076,95076,2
24011604,95076,95076,2
24011605,95076,95076,2
24011606,95076,95076,2
24011607,95076,95076,2
24011608,95076,95076,2
24011609,95076,95076,2
24011610,95076,95076,2
24011611,95076,95076,2
24011612,95076,95076,2
24011613,95076,95076,2
24011614,95076,95076,2
24012215,191988,191988,1
24012216,191988,191988,1
24012217,191988,191988,1
24012218,191988,191988,1
24012219,191988,191988,1
24012408,95076,95076,1
24012409,95076,95076,1
24012410,95076,95076,1
24012411,95076,95076,1
24012412,95076,95076,1
24012413,95076,95076,1
24012414,95076,95076,1
24012415,95076,95076,1
24012416,95076,95076,1
24012417,95076,95076,1
24012418,95076,95076,1
24012419,95076,95076,1
24012420,95076,95076,1
24012421,95076,95076,1
24012422,95076,95076,1
24012423,95076,95076,1
24012500,95076,95076,1
24012501,95076,95076,1
24012502,95076,95076,1
24012503,95076,95076,1
24012504,95076,95076,1
24012505,95076,95076,1
24012506,95076,95076,1
24012507,95076,95076,1
24012508,95076,95076,1
24012509,95076,95076,1
24012510,95076,95076,4
24012511,95076,95076,4
24012512,95076,95076,4
24012513,95076,95076,4
24012514,95076,95076,4
24012515,95076,95076,4
24012516,95076,95076,4
24012517,95076,95076,4
24012518,95076,95076,4
24012519,95076,95076,4
24012520,95076,95076,4
24012521,95076,95076,4
24012522,95076,95076,4
24012523,95076,95076,6
24012600,95076,95076,6
24012601,95076,95076,6
24012602,95076,95076,6
24012603,95076,95076,6
24012604,95076,95076,6
24012605,95076,95076,6
24012606,95076,95076,6
24012607,95076,95076,6
24012608,95076,95076,5
24012609,95076,95076,5
24012610,95076,95076,2
24012611,95076,95076,2
24012612,95076,95076,2
24012613,95076,95076,2
24012614,95076,95076,2
24012615,95076,95076,2
24012616,95076,95076,2
24012617,95076,95076,2
24012618,95076,95076,2
24012619,95076,95076,2
24012620,95076,95076,2
24012621,95076,95076,2
24012622,95076,95076,2
24012623,95076,95076,2
24012704,95076,95076,2
24012705,95076,95076,2
24012706,95076,95076,2
24012707,95076,95076,2
24012708,95076,95076,2
24012709,95076,95076,2
24012710,95076,95076,2
24012711,95076,95076,2
24012712,90000,92538,4
24012713,90000,92538,4
24012714,90000,92538,4
24012715,90000,92538,4
24012716,90000,92538,4
24012717,90000,92538,4
24012718,90000,92538,4
24012719,90000,92538,4
24012720,90000,92538,4
24012721,90000,92538,4
24012722,90000,92538,4
24012723,90000,92538,4
24012800,90000,92538,4
24012801,90000,92538,4
24012802,90000,92538,4
24012803,90000,92538,4
24012804,90000,92538,4
24012805,90000,92538,4
24012806,90000,92538,4
24012807,90000,92538,4
24012808,90000,92538,4
24012809,90000,92538,4
24012810,90000,92538,4
24012811,90000,92538,4
24012812,95076,95076,2
24012813,95076,95076,2
24012814,95076,95076,2
24012815,95076,95076,2
24012816,95076,95076,2
24012817,95076,95076,2
24012818,95076,95076,2
24012819,95076,95076,2
24012820,95076,95076,2
24012821,95076,95076,2
24012822,95076,95076,2
24012823,95076,95076,2
24012900,95076,95076,2
24012901,95076,95076,2
24012902,90323,92699,4
24012903,90323,92699,4
24012904,90323,90323,2
24012905,90323,90323,2
24012906,90323,90323,2
24012907,90323,90323,2
24012908,90323,90323,2
24012909,90323,90323,2
24012910,90323,90323,2
24012911,90323,90323,2
24012912,90323,90323,2
24012913,90323,90323,2
24012914,90323,90323,2
24012915,90323,90323,2
24012916,60023,90323,3
24012917,60023,90323,3
24012918,60023,90323,3
24012919,60023,90323,3
24012920,60023,90323,3
24012921,60023,90323,3
24012922,60023,90323,3
24012923,60023,90323,3
24013000,60023,90323,3
24013001,60023,90323,3
24013002,60023,90323,3
24013003,60023,90323,3
24013004,60023,90323,3
24013005,60023,90323,3
24013006,60023,90323,3
24013007,60023,90323,3
24013008,60023,90323,3
24013009,60023,90323,3
24013010,60023,90323,3
24013011,60023,90323,3
24013012,60023,90323,3
24013013,60023,90323,3
24013014,60023,90323,3
24013015,60023,90323,3
24013016,60023,60023,6
24013017,60023,60023,6
24013018,60023,60023,6
24013019,60023,60023,6
24013020,60023,60023,6
24013021,60023,60023,6
24013022,60023,60023,6
24013023,60023,60023,6
24013100,60023,60023,6
24013101,60023,60023,6
24013102,60023,60023,4
24013103,60023,60023,4
24013104,60023,60023,4
24013105,60023,60023,4
24013106,60023,60023,4
24013107,60023,60023,4
24013108,60023,60023,4
24013109,60023,60023,4
24013110,60023,60023,4
24013111,60023,60023,4
24013112,60023,60023,4
24013113,60023,60023,4
24013114,60023,60023,4
24013115,60023,60023,1
24013122,90000,90323,3
24013123,90000,90323,3
24020100,90000,90323,3
24020101,90000,90323,3
24020102,90000,90323,3
24020103,90000,90323,3
24020104,90000,90323,3
24020105,90000,90323,3
24020106,90000,90323,3
24020107,90000,90323,3
24020108,90000,90323,3
24020109,90000,90323,3
24020110,90323,90323,2
24020111,90323,90323,2
24020112,90323,90323,2
24020113,90323,90323,2
24020114,90323,90323,2
24020115,90323,90323,2
24020116,90323,90323,2
24020117,90323,90323,2
24020118,90323,90323,2
24020119,90323,90323,2
24020120,90323,90323,2
24020121,90323,90323,2
24020122,90323,90323,2
24020123,90323,90323,2
24020200,90323,90323,2
24020201,90323,90323,2
24020202,90323,90323,2
24020203,90323,90323,2
24020204,90323,90323,2
24020205,90323,90323,2
24020206,90323,90323,2
24020207,90323,90323,2
24020208,90323,90323,2
24020209,90323,90323,2
24020210,90323,90323,2
24020211,90323,90323,2
24020212,90323,90323,2
24020213,90323,90323,2
24020214,90323,90323,2
24020215,90323,90323,2
24020216,90323,90323,2
24020217,90323,90323,2
24020218,90323,90323,2
24020219,90323,90323,2
24020220,90323,90323,2
24020221,90323,90323,2
24020422,90000,90000,1
24020423,90000,90000,1
24020500,90000,90000,1
24020501,90000,90000,1
24020502,90000,90000,1
24020503,90000,90000,1
24020504,90000,90000,1
24020505,90000,90000,1
24020506,90000,90000,1
24020507,90000,90000,1
24020508,90000,90000,1
24020509,90000,90000,1
24020510,90000,90000,1
24020511,90000,90000,1
24020512,90000,90000,1
24020513,90000,90000,1
24020514,90000,90000,1
24020515,90000,90000,1
24020516,90000,90000,1
24020517,90000,90000,1
24020518,85500,85500,3
24020519,85500,85500,3
24020520,85500,85500,3
24020521,85500,85500,3
24020522,85500,85500,3
24020523,85500,85500,3
24020600,85500,85500,3
24020601,85500,85500,3
24020602,85500,85500,3
24020603,85500,85500,3
24020604,85500,85500,3
24020605,85500,85500,3
24020606,85500,85500,3
24020607,85500,85500,3
24020608,85500,85500,3
24020609,85500,85500,3
24020610,85500,85500,3
24020611,85500,85500,3
24020612,85500,85500,3
24020911,90376,90376,1
24020912,90376,90376,1
24020913,90376,90376,1
24020914,90376,90376,1
24020915,90376,90376,1
24020916,90376,90376,1
24020917,90376,90376,1
24020918,90376,90376,1
24020919,90376,90376,1
24020920,90376,90376,1
24020921,90376,90376,1
24020922,80000,80000,4
24020923,80000,80000,4
24021000,80000,80000,4
24021001,80000,80000,4
24021002,80000,80000,4
24021003,80000,80000,4
24021004,80000,80000,4
24021005,80000,80000,4
24021006,80000,80000,4
24021007,80000,80000,4
24021008,80000,80000,4
24021009,80000,80000,4
24021010,80000,80000,4
24021011,80000,80000,4
24021012,80000,80000,4
24021013,80000,80000,4
24021014,80000,80000,4
24021015,80000,80000,4
24021016,80000,80000,4
24021017,80000,80000,4
24021018,80000,80000,4
24021019,80000,80000,4
24021020,80000,80000,4
24021021,80000,80000,4
24021022,80000,80000,4
24021023,80000,80000,4
24021100,80000,80000,4
24021101,80000,80000,4
24021102,80000,80000,4
24021103,80000,80000,4
24021104,80000,80000,4
24021105,80000,80000,4
24021106,80000,80000,4
24021107,80000,80000,4
24021108,80000,80000,4
24021109,80000,80000,4
24021110,80000,80000,4
24021111,80000,80000,3
24021112,80000,80000,3
24021113,80000,80000,3
24021114,80000,80000,3
24021115,80000,80000,3
24021116,80000,80000,3
24021117,80000,80000,3
24021118,80000,80000,3
24021119,80000,80000,3
24021120,80000,80000,3
24021121,80000,80000,3
24021218,500076,500076,6
24021219,500076,500076,6
24021220,500076,500076,6
24021221,500076,500076,6
24021222,500076,500076,6
24021223,100000,500076,9
24021300,100000,500076,9
24021301,100000,500076,9
24021302,100000,500076,9
24021303,100000,500076,9
24021304,100000,500076,9
24021305,100000,500076,9
24021306,100000,100000,3
24021307,100000,100000,3
24021308,100000,100000,3
24021309,100000,100000,3
24021310,100000,100000,3
24021311,100000,100000,3
24021312,100000,100000,3
24021313,100000,100000,4
24021314,100000,100000,4
24021315,100000,100000,4
24021316,100000,100000,4
24021317,100000,100000,4
24021318,100000,100000,4
24021319,100000,100000,4
24021320,100000,100000,4
24021321,100000,100000,4
24021322,100000,100000,4
24021323,100000,100000,4
24021400,100000,100000,4
24021401,100000,100000,4
24021402,100000,100000,4
24021403,100000,100000,4
24021404,100000,100000,4
24021405,100000,100000,4
24021406,100000,100000,4
24021407,100000,100000,4
24021408,100000,100000,4
24021409,100000,100000,4
24021410,100000,100000,4
24021411,100000,100000,4
24021412,100000,100000,4
24021413,100000,100000,4
24021414,100000,100000,4
24021415,100000,100000,4
24021416,100000,100000,4
24021417,100000,100000,4
24021418,100000,100000,4
24021419,100000,100000,4
24021420,100000,100000,4
24021421,80000,100000,5
24021422,80000,100000,5
24021423,80000,90000,2
24021500,80000,90000,2
24021502,80000,90000,2
24021503,80000,90000,2
24021504,80000,90000,2
24021505,80000,90000,2
24021506,80000,90000,2
24021507,80000,90000,2
24021508,80000,90000,2
24021509,80000,90000,2
24021510,80000,90000,2
24021511,80000,90000,2
24021512,80000,90000,2
24021513,80000,80000,1
24021514,80000,80000,1
24021515,80000,80000,1
24021516,80000,80000,1
24021517,80000,80000,1
24021518,80000,80000,1
24021519,80000,80000,1
24021520,80000,80000,1
24021521,80000,80000,1
24021522,80000,80000,1
24021523,80000,80000,1
24021600,80000,80000,1
24021601,80000,80000,1
24021602,80000,80000,1
24021603,80000,80000,1
24021604,80000,80000,1
24021605,80000,80000,1
24021606,80000,80000,1
24021607,80000,80000,1
24021608,80000,80000,1
24021609,80000,80000,1
24021610,80000,80000,1
24021611,80000,80000,1
24021612,80000,80000,1
24021613,80000,80000,1
24021614,80000,80000,1
24021615,80000,80000,1
24021616,80000,80000,1
24021617,80000,80000,1
24021618,80000,80000,1
24021619,80000,80000,1
24021622,376,376,1
24021623,376,376,1
24021700,376,376,1
24021701,376,376,1
24021702,376,376,1
24021703,376,376,1
24021704,376,376,1
24021705,376,376,1
24021706,376,376,1
24021707,376,376,1
24021708,80000,80000,2
24021709,80000,80000,2
24021710,80000,80000,2
24021711,80000,80000,2
24021712,80000,80000,2
24021713,80000,80000,2
24021714,80000,80000,2
24021715,80000,80000,2
24021716,80000,80000,2
24021717,80000,80000,2
24021718,80000,80000,2
24021719,80000,80000,2
24021720,80000,80000,2
24021721,80000,80000,2
24021722,80000,80000,2
24021723,80000,80000,2
24021800,80000,80000,2
24021801,80000,80000,2
24021802,80000,80000,2
24021803,80000,80000,2
24021804,80000,80000,2
24021805,80000,80000,2
24021806,80000,80000,2
24021807,80000,80000,2
24021808,80000,80000,2
24021809,80000,80000,2
24021810,80000,80000,2
24021811,80000,80000,2
24021812,80000,80000,2
24021813,80000,80000,2
24021814,80000,80000,2
24021815,80000,80000,2
24021816,80000,80000,2
24021817,80000,80000,2
24021818,80000,80000,2
24021819,80000,80000,2
24021820,80000,80000,2
24021821,80000,80000,2
24021822,80000,80000,2
24021823,80000,80000,2
24021900,80000,80000,2
24021901,80000,80000,2
24021902,80000,80000,2
24021903,80000,80000,2
24021904,80000,80000,2
24021905,80000,80000,2
24021906,80000,80000,2
24022012,157195,157195,9
24022013,157195,157195,9
24022014,157195,157195,9
24022015,157195,157195,9
24022016,157195,157195,9
24022017,157195,157195,9
24022018,157195,157195,9
24022020,100000,157195,11
24022021,100000,157195,11
24022022,100000,157195,11
24022023,100000,157195,11
24022100,100000,157195,11
24022101,100000,157195,11
24022102,100000,157195,11
24022103,100000,157195,11
24022104,100000,157195,11
24022105,100000,157195,11
24022106,100000,157195,11
24022107,100000,157195,11
24022108,100000,157195,11
24022109,100000,157195,11
24022110,100000,157195,11
24022111,100000,157195,11
24022112,100000,157195,11
24022113,100000,157195,11
24022114,100000,157195,11
24022115,100000,157195,11
24022116,100000,157195,11
24022117,100000,157195,11
24022118,100000,157195,11
24022119,100000,157195,11
24022120,100000,157195,11
24022121,100000,100000,21
24022122,100000,100000,21
24022123,100000,100000,21
24022200,100000,100000,21
24022201,100000,100000,21
24022202,100000,100000,21
24022203,100000,100000,22
24022204,100000,100000,22
24022205,100000,100000,22
24022206,100000,100000,22
24022207,100000,100000,22
24022208,100000,100000,22
24022209,100000,157195,12
24022210,100000,157195,12
24022211,100000,157195,12
24022212,100000,100000,3
24022213,100000,100000,3
24022214,100000,100000,13
24022215,100000,100000,13
24022216,100000,100000,13
24022217,100000,100000,13
24022218,100000,100000,13
24022219,100000,100000,13
24022220,100000,100000,20
24022221,100000,100000,20
24022222,100000,100000,20
24022223,10000,100000,30
24022300,10000,100000,30
24022301,10000,100000,30
24022302,10000,55000,20
24022303,10000,55000,20
24022304,10000,55000,20
24022305,10000,10000,19
24022306,10000,10000,19
24022307,10000,10000,19
24022308,10000,10000,19
24022309,10000,10000,19
24022310,10000,10000,19
24022311,10000,10000,19
24022312,10000,10000,19
24022313,10000,10000,19
24022314,10000,10000,19
24022315,10000,10000,29
24022316,10000,10000,29
24022317,10000,10000,29
24022318,10000,10000,29
24022319,9000,10000,30
24022320,9000,10000,30
24022321,9000,10000,30
24022322,9000,10000,40
24022323,9000,10000,30
24022400,9000,10000,30
24022401,9000,10000,30
24022402,9000,10000,30
24022403,9000,9000,30
24022404,9000,9000,30
24022405,9000,9000,30
24022406,9000,9000,30
24022407,9000,9000,30
24022408,9000,9000,30
24022409,9000,9000,30
24022410,9000,9000,30
24022411,8800,9000,40
24022412,8800,9000,40
24022413,8800,9000,40
24022414,8800,9000,40
24022415,8800,8900,40
24022416,8800,8900,40
24022417,8800,8800,41
24022418,8800,8800,41
24022419,8800,8800,40
24022420,8800,8800,31
24022421,8800,8800,31
24022422,8800,8800,31
24022423,8800,8800,31
24022500,8800,8800,31
24022501,8800,8800,31
24022502,8800,8800,31
24022503,8800,8800,21
24022504,8800,8800,21
24022505,8800,8800,21
24022506,8800,8800,21
24022507,8800,8800,21
24022508,8800,8800,21
24022509,8800,8800,21
24022510,8800,8800,21
24022511,8800,8800,21
24022512,8800,8800,21
24022513,8800,8800,21
24022514,8800,8800,31
24022515,8800,8800,31
24022516,8800,8800,31
24022517,8800,8800,31
24022518,8800,8800,31
24022519,8800,8800,31
24022520,8800,8800,40
24022521,8800,8800,40
24022522,8800,8800,40
24022523,8800,8800,30
24022600,8800,8800,30
24022601,8800,8800,30
24022602,8800,8800,20
24022603,8800,8800,20
24022604,8800,8800,20
24022605,8800,8800,20
24022606,8800,8800,20
24022607,8800,8800,20
24022608,8800,8800,20
24022609,8800,8800,20
24022610,8800,8800,20
24022611,8800,13892,10
24022612,8800,13892,10
24022613,8800,13892,10
24022614,8800,13892,10
24022615,8800,8800,20
24022616,8800,8800,20
24022617,8800,8800,19
24022618,8800,8800,19
24022619,8800,8800,19
24022620,8800,8800,19
24022621,8800,8800,19
24022622,8800,8800,19
24022623,8800,8800,22
24022700,8800,8800,32
24022701,8800,8800,32
24022702,8800,8800,32
24022703,8800,8800,23
24022704,8800,8800,23
24022705,8800,8800,23
24022706,8800,8800,23
24022707,8800,8800,23
24022708,8800,8800,23
24022709,8800,8800,23
24022710,8800,8800,23
24022711,8800,8800,23
24022712,8800,8800,23
24022713,8800,8800,23
24022714,8800,8800,33
24022715,8800,8800,33
24022716,8800,8800,33
24022717,8800,8800,33
24022718,8800,8800,33
24022719,8800,8800,33
24022720,8800,8800,33
24022721,8800,8800,25
24022722,8800,8800,25
24022723,8800,8800,22
24022800,8700,8800,25
24022801,8700,8800,25
24022802,8000,8800,16
24022803,8000,8800,16
24022804,8000,8700,26
24022805,8000,8700,26
24022806,8000,8700,26
24022807,8000,8800,18
24022808,8000,8800,18
24022809,8000,8800,16
24022810,8000,8800,16
24022811,8000,8800,16
24022812,8000,8800,15
24022813,8000,8800,15
24022814,8000,8800,16
24022815,8000,8800,17
24022816,8000,8800,17
24022817,8000,8800,17
24022818,8000,8800,17
24022819,8000,8800,17
24022820,8000,8800,17
24022821,8000,8800,17
24022822,8000,8800,17
24022823,8000,8800,17
24022900,8000,8800,17
24022901,8000,8000,7
24022902,8000,8000,7
24022903,8000,8000,7
24022904,8000,8000,6
24022905,8000,8000,6
24022906,8000,8000,6
24022907,8000,8000,6
24022908,8000,8000,6
24022909,8000,8000,6
24022910,8000,8000,6
24022911,8000,8000,6
24022912,8000,8000,6
24022913,8000,8000,6
24022914,8000,8000,6
24022915,8000,8000,6
24022916,8000,8000,6
24022917,8000,8000,7
24022918,8000,8000,7
24022919,8000,8000,7
24022920,8000,8000,7
24022921,8000,8000,7
24022922,8000,8000,9
24022923,8000,8000,9
24030100,4400,8000,7
24030101,4400,8000,8
24030102,4400,8000,7
24030103,4400,8000,7
24030104,4400,8000,7
24030105,4400,8000,6
24030106,4400,8000,6
24030107,4400,8000,6
24030108,4400,8000,6
24030109,4400,8000,6
24030110,4400,6200,4
24030111,4400,6200,4
24030112,4400,6200,4
24030113,4400,6200,4
24030114,4400,4400,3
24030115,4400,4400,2
24030116,4400,4400,2
24030117,4400,4400,4
24030118,4400,4400,4
24030119,4400,4400,4
24030120,4400,4400,4
24030121,4400,4400,4
24030122,4400,4400,4
24030123,4400,4400,7
24030200,4400,4400,7
24030201,4400,4400,6
24030202,4400,4400,6
24030203,4400,4400,6
24030204,4400,4400,6
24030205,4400,4400,4
24030206,4400,4400,4
24030207,4400,4400,4
24030208,4400,4400,4
24030209,4400,4400,4
24030210,4400,4400,4
24030211,4400,4400,4
24030212,4400,4400,4
24030213,4400,4400,4
24030214,4400,4400,4
24030215,4400,4400,4
24030216,4400,4400,4
24030217,4400,4400,4
24030218,4400,4400,4
24030219,4400,4400,5
24030220,4400,4400,5
24030221,4400,4400,5
24030222,4400,4400,5
24030223,4400,4400,5
24030300,4400,4400,4
24030301,4400,4400,4
24030302,4400,4400,4
24030303,4400,4400,5
24030304,4400,4400,5
24030305,4400,4400,5
24030306,4400,4400,5
24030307,4400,4400,5
24030308,4400,4400,5
24030309,4400,4400,5
24030310,4400,4400,5
24030311,4400,4400,5
24030312,4400,4400,5
24030313,4400,4400,7
24030314,4400,4400,7
24030315,4400,4400,7
24030316,4400,4400,7
24030317,4400,4400,7
24030318,4400,4400,7
24030319,4400,4400,6
24030320,4400,4400,6
24030321,4400,4400,7
24030322,4400,4400,7
24030323,4400,4400,4
24030400,4400,4400,4
24030401,4400,4400,3
24030402,4400,4400,3
24030403,4400,4400,3
24030404,4400,4400,3
24030405,4400,4400,3
24030406,4400,4400,3
24030407,4400,4400,3
24030408,4400,4400,4
24030409,4400,4400,4
24030410,4400,4400,4
24030411,4400,4400,4
24030412,4400,4400,4
24030413,4400,4400,4
24030414,4400,4400,4
24030415,4400,4400,6
24030416,4400,4400,6
24030417,4400,4400,6
24030418,4400,4400,6
24030419,4400,4400,6
24030420,4400,4400,6
24030421,4400,4400,6
24030422,4400,4400,6
24030423,4400,4400,6
24030500,4400,4400,6
24030501,4400,4400,5
24030502,4400,4400,5
24030503,4400,4400,2
24030504,4400,4400,2
24030505,4400,4400,2
24030506,4400,4400,2
24030507,4400,4400,2
24030508,4400,4400,1
24030509,4400,4400,1
24030510,4400,4400,1
24030511,4400,4400,1
24030512,4400,4400,3
24030513,4400,4400,3
24030514,4400,4400,3
24030515,4400,4400,3
24030516,4400,4400,3
24030517,4400,4400,4
24030518,4400,4400,4
24030519,4400,4400,4
24030520,4400,4400,4
24030521,4400,4400,3
24030522,4400,4400,3
24030523,4400,4400,3
24030600,4400,4400,1
24030601,4400,4400,11
24030602,4400,4400,11
24030603,4400,4400,11
24030604,4400,4400,11
24030605,4400,4400,11
24030606,4400,4400,11
24030607,4400,4400,11
24030608,4400,4400,11
24030609,4400,4400,11
24030610,4400,4400,12
24030611,4400,4400,12
24030612,4400,4400,12
24030613,4400,4400,12
24030614,4400,4400,14
24030615,4400,4400,14
24030616,4400,4400,14
24030617,4400,4400,13
24030618,4400,4400,14
24030619,4400,4400,14
24030620,4400,4400,14
24030621,4400,4400,15
24030622,4400,4400,15
24030623,4400,4400,15
24030700,4400,4400,15
24030701,4400,4400,15
24030702,4400,4400,13
24030703,4400,4400,13
24030704,4400,4400,13
24030705,4400,4400,13
24030706,4400,4400,13
24030707,4400,4400,13
24030708,4400,4400,13
24030709,4400,4400,13
24030710,4400,4400,13
24030711,4400,4400,13
24030712,4400,4400,13
24030713,4400,4400,13
24030714,4400,4400,13
24030715,4400,4400,13
24030716,4400,4400,13
24030717,4400,4400,13
24030718,4400,4400,12
24030719,4400,4400,14
24030720,4400,4400,15
24030721,4400,4400,14
24030722,4400,4400,14
24030723,4400,4400,14
24030800,4400,4400,14
24030801,4400,4400,4
24030802,4400,4400,4
24030803,4400,4400,4
24030804,4400,4400,4
24030805,4400,4400,4
24030806,4400,4400,4
24030807,4400,4400,2
24030808,4400,4400,2
24030809,4400,4400,2
24030810,4400,4400,1
24030811,4400,4400,1
24030812,4400,4400,1
24030813,4400,4400,1
24030814,4400,4400,1
24030815,4400,4400,1
24030816,4400,4400,3
24030817,4400,4400,3
24030818,4400,4400,3
24030819,4400,4400,3
24030820,4400,4400,2
24030821,4400,4400,3
24030822,4400,4400,3
24030823,4400,4400,3
24030900,4400,4400,3
24030901,4400,4400,3
24030902,4400,4400,3
24030903,4400,4400,3
24030904,4400,4400,1
24030905,4400,4400,1
24030906,4400,4400,1
24030907,4400,4400,1
24030908,4400,4400,1
24030909,4400,4400,1
24030910,4400,4400,1
24030911,4400,4400,1
24030912,4400,4400,1
24030913,4400,4400,1
24030914,4400,4400,1
24030915,4400,4400,1
24030916,4400,4400,3
24030917,4400,4400,3
24030918,4400,4400,3
24030919,4400,4400,3
24030920,4400,4400,3
24030921,4400,4400,3
24030922,4400,4400,3
24030923,4400,4400,3
24031000,4400,4400,3
24031001,4400,4400,3
24031003,4400,4400,3
24031004,4400,4400,3
24031005,4400,4400,1
24031006,4400,4400,2
24031007,4400,4400,2
24031008,4400,4400,2
24031009,4400,4400,2
24031010,4400,4400,2
24031011,4400,4400,2
24031012,4400,4400,2
24031013,4400,4400,2
24031014,4400,4400,2
24031015,4400,4400,2
24031016,4400,4400,2
24031017,4400,4400,2
24031018,4400,4400,2
24031019,4400,4400,3
24031020,4400,4400,3
24031021,4400,4400,3
24031022,4400,4400,2
24031023,4400,4400,2
24031100,4400,4400,3
24031101,4400,4400,3
24031102,4400,4400,3
24031103,4400,4400,3
24031104,4400,4400,3
24031105,4400,4400,3
24031106,4400,4400,2
24031107,4400,4400,2
24031108,4400,4400,2
24031109,4400,4400,2
24031110,4400,4400,2
24031111,4400,4400,2
24031112,4400,4400,2
24031113,4400,4400,2
24031114,4400,4400,2
24031115,4400,4400,2
24031116,4400,4400,2
24031117,4400,4400,2
24031118,3740,4400,3
24031119,3740,4400,3
24031120,3740,4400,3
24031121,3740,4400,3
24031122,3740,4400,3
24031123,3740,4400,3
24031200,3740,4070,2
24031201,3740,4070,2
24031202,3740,4070,2
24031203,3740,4070,2
24031204,3740,4070,2
24031205,3740,4070,2
24031206,3740,4070,2
24031207,3740,4070,2
24031208,3740,4070,2
24031209,3740,4070,2
24031210,3740,4070,2
24031211,3740,4070,2
24031212,3740,4070,2
24031213,3740,4070,2
24031214,3740,4070,2
24031215,3740,4070,2
24031216,3740,4070,2
24031217,3740,3740,3
24031218,3740,3740,3
24031219,3740,3740,2
24031220,3740,3740,2
24031221,3740,3740,2
24031222,3740,3740,2
24031223,3740,3740,2
24031300,3740,3740,2
24031301,3740,3740,2
24031302,3740,3740,2
24031303,3740,3740,2
24031304,3740,3740,2
24031305,3740,3740,2
24031306,3740,3740,2
24031307,3740,3740,2
24031308,3740,3740,2
24031309,3740,3740,2
24031310,3740,3740,2
24031311,3740,3740,2
24031312,3740,3740,2
24031313,3740,3740,2
24031314,3740,3740,2
24031315,3740,3740,2
24031316,3740,3740,2
24031317,3740,3740,1
24031319,8361,8361,3
24031320,8361,8361,3
24031321,8361,8361,3
24031322,8361,8361,3
24031323,8361,8361,3
24031400,8361,8361,3
24031401,8361,8361,3
24031402,8361,8361,3
24031403,8361,8361,3
24031404,4461,8361,4
24031405,4461,8361,4
24031406,4461,8361,4
24031407,4461,6411,2
24031408,4461,6411,2
24031409,4461,6411,2
24031410,4461,6411,2
24031411,4461,6411,2
24031412,4461,6411,2
24031413,4461,6411,2
24031414,4461,6411,2
24031415,4461,6411,2
24031416,4461,6411,2
24031417,4461,4461,4
24031418,4461,4461,4
24031419,4461,4461,3
24031420,4461,4461,3
24031421,4461,4461,3
24031422,4461,4461,3
24031423,4461,4461,3
24031500,4461,4461,3
24031501,4461,4461,3
24031502,4461,4461,3
24031503,4461,4461,3
24031504,4461,4461,3
24031505,4461,4461,1
24031506,4461,4461,1
24031507,4461,4461,1
24031508,4461,4461,2
24031509,4461,4461,2
24031510,4461,4461,2
24031511,4461,4461,2
24031512,4461,4461,2
24031513,4461,4461,2
24031514,4461,4461,2
24031515,4461,4461,2
24031516,4461,4461,2
24031517,4461,4461,2
24031518,4461,4461,2
24031519,4461,4461,2
24031520,4461,4461,2
24031521,4461,4461,2
24031522,4461,4461,2
24031523,4461,4461,2
24031600,4461,4461,2
24031601,4461,4461,2
24031602,4461,4461,2
24031603,4461,4461,2
24031604,4461,4461,1
24031605,4461,4461,1
24031606,4461,4461,1
24031607,4461,4461,1
24031610,3740,3740,1
24031611,3740,3740,1
24031612,3740,3740,1
24031613,3740,3740,11
24031614,3740,3740,11
24031615,1299,3740,12
24031616,1299,3740,12
24031617,1299,3740,12
24031618,1299,3740,12
24031619,1299,3740,12
24031620,1299,3740,12
24031621,1299,3740,12
24031622,1299,3740,12
24031623,1299,3740,12
24031700,1299,3740,12
24031701,1299,3740,12
24031702,1299,3740,12
24031703,1299,3740,12
24031704,1299,3740,12
24031705,1299,3740,12
24031706,1299,3740,12
24031707,1299,3740,12
24031708,1299,3740,12
24031709,1299,3740,12
24031710,1299,3740,12
24031711,1299,3740,12
24031712,1299,3740,12
24031713,1299,3740,12
24031714,1299,3740,12
24031715,1299,3740,12
24031716,1299,3740,12
24031717,1299,3740,12
24031718,1299,2519,22
24031719,1299,2519,22
24031720,1299,1299,23
24031721,1299,1299,23
24031722,1299,1299,23
24031723,1299,1299,24
24031800,1299,1299,24
24031801,1299,1299,24
24031802,1299,1299,24
24031803,1299,1299,24
24031804,1299,1299,24
24031805,1299,1299,24
24031806,1299,1299,24
24031807,1299,1299,24
24031808,1299,1299,24
24031809,1299,1299,24
24031810,1299,1299,23
24031811,1299,1299,23
24031812,1299,1299,23
24031813,1299,1299,13
24031814,1299,1299,13
24031815,1299,1299,12
24031816,1299,1299,12
24031817,1299,1299,12
24031818,1299,1299,12
24031819,1299,1299,12
24031820,1299,1299,11
24031821,1299,1299,11
24031822,1299,1299,12
24031823,1299,1299,12
24031900,1299,1299,12
24031901,1299,1299,12
24031902,1299,1299,12
24031903,1299,1299,12
24031904,1299,1299,12
24031905,1299,1299,12
24031906,1299,1299,12
24031907,1299,1299,12
24031908,1299,1299,12
24031909,1299,1299,12
24031910,1299,1299,12
24031911,1299,1299,12
24031912,1299,1299,12
24031913,1299,1299,12
24031914,1299,1299,12
24031915,1299,1299,12
24031916,1299,1299,12
24031917,1299,1299,12
24031918,1299,1299,7
24031919,1299,1299,7
24031920,1299,1299,12
24031921,1299,1299,11
24031922,1299,1299,12
24031923,1299,1299,11
24032000,1299,1299,11
24032001,1299,1299,11
24032002,1299,1299,13
24032003,1299,1299,13
24032004,1299,1299,13
24032005,1105,1299,14
24032006,1105,1299,14
24032007,1105,1299,14
24032008,1105,1299,14
24032009,1105,1299,14
24032010,1105,1299,14
24032011,1105,1299,14
24032012,1105,1299,14
24032013,1105,1299,14
24032014,1105,1299,12
24032015,1105,1299,12
24032016,1105,1299,12
24032017,1105,1299,12
24032018,1105,1299,7
24032019,1105,1299,7
24032020,1105,1299,7
24032021,1105,1299,7
24032022,1105,1299,6
24032023,1105,1299,6
24032100,1105,1299,6
24032101,1105,1299,6
24032102,1105,1299,6
24032103,1105,1299,6
24032104,1105,1299,6
24032105,1105,1299,6
24032106,1105,1299,6
24032107,1105,1299,6
24032108,1105,1299,6
24032109,1105,1299,6
24032110,1105,1299,6
24032111,1105,1299,6
24032112,1105,1299,6
24032113,1105,1299,6
24032114,1105,1299,6
24032115,1105,1299,6
24032116,1105,1299,6
24032117,1105,1299,6
24032118,1105,1299,6
24032119,1105,1299,6
24032120,1105,1105,1
24032121,1105,1105,1
24032122,1105,1105,1
24032123,1105,1105,2
24032200,1105,1105,2
24032201,1105,1105,2
24032202,1105,1105,2
24032203,1105,1105,2
24032204,1105,1105,2
24032205,1105,1105,1
24032206,1105,1105,1
24032207,1105,1105,1
24032208,1105,1105,1
24032209,1105,1105,1
24032210,1105,1105,1
24032211,1105,1105,1
24032212,1105,1105,1
24032213,1105,1105,1
24032214,1105,1105,1
24032215,1105,1105,1
24032216,1105,1105,1
24032217,1105,1105,1
24032218,1105,1105,1
24032219,1105,1105,1
24032220,1105,1105,1
24032221,1105,1105,1
24032222,1105,1105,1
24032314,1105,1105,1
24032315,1105,1105,1
24032316,1105,1105,1
24032317,1105,1105,1
24032318,505,805,2
24032319,505,805,2
24032320,505,805,2
24032321,505,805,2
24032322,505,805,2
24032323,505,805,2
24032400,505,805,2
24032401,505,805,2
24032402,505,805,2
24032403,505,805,2
24032404,505,805,2
24032405,505,805,2
24032406,505,805,2
24032407,505,805,2
24032408,505,805,2
24032409,505,805,2
24032410,505,805,2
24032411,505,805,2
24032412,505,805,2
24032413,505,805,2
24032414,505,805,2
24032415,505,805,2
24032416,505,805,2
24032417,505,805,2
24032418,505,805,2
24032419,505,805,2
24032420,505,805,2
24032421,505,805,2
24032422,505,805,2
24032423,505,805,2
24032500,505,805,2
24032501,505,805,2
24032502,505,805,2
24032503,505,805,2
24032504,505,805,2
24032505,505,805,2
24032506,505,805,2
24032507,505,805,2
24032508,505,805,2
24032509,505,805,2
24032510,505,805,2
24032511,505,805,2
24032512,505,805,2
24032513,505,805,2
24032514,505,505,1
24032515,505,505,2
24032516,505,505,2
24032517,505,505,2
24032518,505,505,1
24032519,505,505,1
24032520,505,505,1
24032521,505,505,1
24032522,505,505,1
24032523,505,505,1
24032600,505,505,1
24032601,505,505,1
24032602,505,505,1
24032603,505,505,1
24032604,505,505,1
24032605,505,505,1
24032606,505,505,1
24032607,505,505,1
24032608,505,505,1
24032609,505,505,1
24032610,505,505,1
24032611,505,505,1
24032612,505,505,1
24032613,505,505,1
24032614,505,505,1
24032615,505,505,1
24032620,3000,3000,1
24032621,3000,3000,1
24032622,3000,3000,1
24032623,3000,3000,1
24032700,3000,3000,1
24032701,3000,3000,4
24032702,3000,3000,4
24032703,3000,3000,4
24032704,3000,3000,4
24032705,3000,3000,4
24032706,3000,3000,4
24032707,3000,3000,4
24032708,3000,3000,4
24032709,3000,3000,4
24032710,3000,3000,4
24032711,3000,3000,4
24032712,3000,3000,4
24032713,3000,3000,4
24032714,3000,3000,4
24032715,3000,3000,4
24032716,3000,3000,4
24032717,3000,3000,4
24032718,3000,3000,4
24032719,3000,3000,4
24032720,3000,3000,3
24032721,1550,3000,4
24032722,1550,3000,4
24032723,1550,3000,4
24032800,1550,3000,4
24032801,1550,1550,1
24032802,1550,1550,1
24032803,1550,1550,1
24032804,1550,1550,1
24032805,1550,1550,1
24032806,1550,1550,1
24032807,1550,1550,1
24032808,1550,1550,2
24032809,1550,1550,2
24032810,1550,1550,2
24032811,1550,1550,2
24032812,1550,1550,2
24032813,1550,1550,2
24032814,1550,1550,2
24032815,1550,1550,2
24032816,1550,1550,2
24032817,1550,1550,2
24032818,1550,1550,2
24032819,1550,1550,2
24032820,1550,1550,2
24032821,1550,1550,2
24032822,999,1550,3
24032823,999,1550,3
24032900,999,1550,3
24032901,999,1550,3
24032902,999,1550,3
24032903,999,1550,3
24032904,999,1550,3
24032905,999,1550,3
24032906,999,1550,3
24032907,999,1550,3
24032908,999,1274,2
24032909,999,1274,2
24032910,999,1274,2
24032911,999,1274,2
24032912,999,999,4
24032913,999,999,5
24032914,999,999,5
24032915,999,999,5
24032916,999,999,5
24032917,999,999,5
24032918,999,999,5
24040320,1299,1299,2
24040321,1299,1299,2
24040322,1299,1299,2
24040323,1299,1299,2
24040400,1299,1299,2
24040401,1299,1299,2
24040402,1299,1299,2
24040403,1299,1299,2
24040404,1299,1299,2
24040405,1299,1299,2
24040406,1299,1299,2
24040407,1299,1299,2
24040408,1299,1299,2
24040409,1299,1299,2
24040410,1299,1299,2
24040411,1299,1299,2
24040412,1299,1299,2
24040414,1299,1299,2
24040415,1299,1299,2
24040418,1299,1299,2
24040419,1299,1299,2
24040420,1299,1299,2
24040421,1299,1299,2
24040422,1299,1299,2
24040423,1299,1299,2
24040500,1299,1299,2
24040501,1299,1299,2
24040502,1299,1299,2
24040503,1299,1299,2
24040504,1299,1299,2
24040505,1299,1299,2
24040506,1299,1299,2
24040507,1299,1299,2
24040508,1299,1299,2
24040509,1299,1299,2
24040510,1299,1299,2
24040511,1299,1299,2
24040512,1299,1299,2
24040513,1299,1299,2
24040514,1299,1299,2
24040515,1299,1299,2
24040516,1299,1299,2
24040517,1299,1299,2
24040518,1299,1299,2
24040519,1299,1299,2
24040615,3076,3076,10
24040616,3076,3076,10
24040617,3076,3076,10
24040618,3076,3076,10
24040619,3076,3076,10
24040620,3076,3076,10
24040621,3076,3076,10
24040622,3076,3076,10
24040623,3076,3076,10
24040700,3076,3076,10
24040701,3076,3076,10
24040702,3076,3076,10
24040703,3076,3076,10
24040704,3076,3076,10
24040705,3076,3076,10
24040710,3076,3076,10
24040711,3076,3076,10
24040712,3076,3076,10
24040713,3076,3076,10
24040714,3076,3076,10
24040715,3076,3076,10
24040716,3076,3076,10
24040717,3076,3076,10
24040718,3000,3076,11
24040719,3000,3076,11
24040720,3000,3076,11
24040721,3000,3076,11
24040722,3000,3076,11
24040723,3000,3076,11
24040800,3000,3076,11
24040801,3000,3076,11
24040802,3000,3076,11
24040803,3000,3076,11
24040804,3000,3076,11
24040805,3000,3076,11
24040806,3000,3076,11
24040807,3000,3076,11
24040808,3000,3076,11
24040809,3000,3076,11
24040810,3000,3076,11
24040811,3000,3076,11
24040812,3000,3076,11
24040813,3000,3076,11
24040814,3000,3076,11
24040815,3000,3000,1
24040816,3000,3000,1
24040817,3000,3000,1
24040818,3000,3000,1
24040819,3000,3000,1
24040820,3000,3000,1
24040821,3000,3000,1
24040822,3000,3000,1
24040823,3000,3000,1
24040900,3000,3000,1
24040901,3000,3000,1
24040902,3000,3000,1
24040903,3000,3000,1
24040904,3000,3000,1
24040905,3000,3000,1
24040906,3000,3000,1
24040907,3000,3000,1
24040908,3000,3000,1
24040909,3000,3000,1
24040910,3000,3000,1
24040911,3000,3000,1
24040912,3000,3000,1
24040913,3000,3000,1
24040914,3000,3000,1
24040915,3000,3000,1
24040916,3000,3000,1
24040917,3000,3000,1
24041106,6576,6576,1
24041107,6576,6576,1
24041108,6576,6576,1
24041109,6576,6576,1
24041110,6576,6576,1
24041111,6576,6576,1
24041112,6576,6576,1
24041113,6576,6576,1
24041114,6576,6576,1
24041115,6576,6576,1
24041116,6576,6576,5
24041117,6576,6576,5
24041118,6576,6576,5
24041119,6576,6576,5
24041120,6576,6576,5
24041121,6576,6576,5
24041122,6576,6576,5
24041123,6576,6576,5
24041200,6576,6576,5
24041201,6576,6576,5
24041202,6576,6576,5
24041203,6576,6576,5
24041204,6576,6576,5
24041205,6576,6576,5
24041206,6576,6576,5
24041207,6576,6576,5
24041208,6576,6576,5
24041209,6576,6576,5
24041210,6576,6576,5
24041211,6576,6576,5
24041212,6576,6576,5
24041213,6576,6576,5
24041214,6576,6576,5
24041215,6576,6576,5
24041216,6576,6576,1
24041217,6576,6576,1
24041218,6576,6576,1
24041219,6576,6576,1
24041220,6576,6576,1
24041221,6576,6576,1
24041222,6576,6576,1
24041223,6576,6576,1
24041300,6576,6576,1
24041301,6576,6576,1
24041302,6576,6576,1
24041303,6576,6576,1
24041304,6576,6576,1
24041305,6576,6576,1
24041315,3376,3376,1
24041316,3376,3376,1
24041317,3376,3376,1
24041318,3376,3376,1
24041319,3376,3376,1
24041320,3376,3376,1
24041321,3376,3376,1
24041322,3376,3376,1
24041323,3376,3376,1
24041400,3376,3376,1
24041401,3376,3376,1
24041402,3376,3376,1
24041403,3376,3376,1
24041404,3376,3376,1
24041405,3376,3376,1
24041406,3376,3376,1
24041407,3376,3376,1
24041408,4999999,4999999,1
24041409,4999999,4999999,1
24041410,4999999,4999999,1
24041411,4999999,4999999,1
24041412,4999999,4999999,1
24041413,4999999,4999999,1
24041414,4999999,4999999,1
24041415,4999999,4999999,1
24041416,4999999,4999999,1
24041417,4999999,4999999,1
24041418,4999999,4999999,1
24041419,4999999,4999999,1
24041420,4999999,4999999,1
24041421,4999999,4999999,1
24041422,4999999,4999999,1
24041423,4999999,4999999,1
24041500,4999999,4999999,1
24041501,4999999,4999999,1
24041502,4999999,4999999,1
24041503,4999999,4999999,1
24041504,4999999,4999999,1
24041505,4999999,4999999,1
24041506,4999999,4999999,1
24041507,4999999,4999999,1
24041508,4999999,4999999,1
24041509,4999999,4999999,1
24041510,4999999,4999999,1
24041511,4999999,4999999,1
24041512,4999999,4999999,1
24041513,4999999,4999999,1
24041514,4999999,4999999,1
24041515,4999999,4999999,2
24041516,4999999,4999999,2
24041517,4999999,4999999,2
24041518,4999999,4999999,2
24041519,4999999,4999999,2
24041520,4999999,4999999,6
24041521,4999999,4999999,6
24041522,4999999,4999999,6
24041523,4999999,4999999,6
24041600,4999999,4999999,6
24041601,4999999,4999999,6
24041602,4999999,4999999,6
24041603,4999999,4999999,6
24041604,4999999,4999999,6
24041605,4999999,4999999,6
24041606,4999999,4999999,6
24041607,4999999,4999999,6
24041608,4999999,4999999,5
24041609,4999999,4999999,5
24041610,4999999,4999999,5
24041611,4999999,4999999,5
24041612,4999999,4999999,5
24041613,4999999,4999999,5
24041614,4999999,4999999,4
24041615,4999999,4999999,4
24041616,4999999,4999999,4
24041617,4999999,4999999,4
24041618,4999999,4999999,4
24041702,50099,50099,1
24041703,50099,50099,1
24041704,50099,2525049,2
24041705,50099,2525049,2
24041706,50099,2525049,2
24041707,50099,2525049,2
24041708,50099,50099,3
24041709,50099,50099,3
24041710,50099,50099,3
24041711,50099,50099,3
24041712,50099,50099,3
24041713,50099,50099,3
24041714,50099,50099,3
24041715,50099,50099,3
24041716,50099,50099,3
24041717,50099,50099,3
24041718,50099,50099,3
24041719,50099,50099,3
24041720,50099,50099,3
24041721,50099,50099,3
24041722,50099,50099,3
24041723,50099,50099,3
24041800,50099,50099,3
24041801,49999,50099,4
24041802,49999,50099,4
24041803,49999,50099,4
24041804,49999,50099,4
24041805,49999,50099,4
24041806,49999,50099,4
24041807,49999,50099,4
24041808,49999,50099,4
24041809,49999,50099,4
24041810,49999,50099,4
24041811,49999,50099,5
24041812,49999,50099,5
24041813,49999,50099,5
24041814,49999,50099,5
24041815,49999,50099,5
24041816,49999,50099,5
24041817,49999,50099,5
24041818,49999,50099,5
24041819,49999,50099,5
24041820,49999,50099,5
24041821,49999,50099,5
24041822,49999,50099,5
24041823,49999,50099,5
24041900,49999,50099,5
24041901,49999,50099,4
24041902,49999,50099,3
24041903,49999,50099,3
24041904,49999,50049,2
24041905,49999,50049,2
24041906,49999,50049,2
24041907,49999,50049,2
24041908,49999,49999,1
24041909,49999,49999,1
24041910,49999,2524999,2
24041911,49999,2524999,2
24041912,49999,2524999,2
24041913,49999,2524999,2
24041914,49999,2524999,2
24041915,49999,2524999,2
24041916,49999,2524999,2
24041917,49999,2524999,2
24041918,49999,2524999,2
24041919,49999,2524999,2
24041920,49999,2524999,2
24041921,49999,2524999,2
24041922,49999,2524999,2
24041923,49999,2524999,2
24042000,49999,2524999,2
24042001,49999,2524999,2
24042002,49999,2524999,2
24042003,49999,2524999,2
24042004,49999,2524999,2
24042005,49999,2524999,2
24042006,49999,2524999,2
24042007,49999,2524999,2
24042008,49999,2524999,2
24042009,49999,2524999,2
24042010,49999,2524999,2
24042011,49999,2524999,2
24042012,49999,2524999,2
24042013,49999,2524999,2
24042014,49999,2524999,2
24042015,49999,2524999,2
24042016,49999,49999,3
24042017,49999,49999,3
24042018,49999,49999,3
24042019,49999,49999,3
24042020,49999,49999,3
24042021,49999,49999,3
24042022,49999,49999,3
24042023,49999,49999,3
24042100,49999,49999,3
24042101,49999,49999,3
24042102,49999,49999,3
24042103,49999,49999,3
24042104,49999,49999,3
24042105,49999,49999,3
24042106,49999,49999,3
24042107,49999,49999,3
24042108,49999,49999,4
24042109,49999,49999,4
24042110,49999,49999,3
24042111,49999,49999,2
24042112,49999,49999,3
24042113,49999,49999,3
24042114,49999,49999,3
24042115,49999,49999,3
24042116,49999,49999,3
24042117,49999,49999,3
24042118,49999,49999,3
24042119,49999,49999,3
24042120,49999,49999,3
24042121,49999,49999,3
24042122,49999,49999,3
24042123,49999,49999,3
24042200,49999,49999,3
24042201,49999,49999,3
24042202,49999,49999,3
24042203,49999,49999,3
24042204,49999,49999,3
24042205,49999,49999,3
24042206,49999,49999,3
24042207,49999,49999,3
24042208,49999,2524999,2
24042209,49999,2524999,2
24042210,49999,49999,11
24042211,49999,49999,11
24042212,49999,49999,11
24042213,49999,49999,11
24042214,49999,49999,11
24042215,49999,49999,11
24042216,49999,49999,10
24042217,49999,49999,10
24042218,49999,49999,10
24042219,49999,49999,10
24042220,49999,49999,10
24042221,49999,49999,10
24042222,49999,49999,10
24042223,49999,49999,10
24042300,49999,49999,10
24042301,49999,49999,10
24042302,49999,49999,10
24042303,49999,49999,10
24042304,49999,49999,10
24042305,49999,49999,10
24042306,49999,49999,10
24042307,49999,49999,10
24042308,49999,49999,10
24042309,49999,49999,10
24042310,49999,49999,10
24042311,49999,49999,10
24042312,49999,49999,9
24042313,49999,49999,9
24042314,49999,49999,9
24042315,49999,49999,9
24042316,49999,49999,9
24042317,49999,49999,9
24042318,49999,49999,9
24042319,49999,49999,9
24042320,49999,49999,9
24042321,49999,49999,9
24042322,49999,49999,9
24042323,49999,49999,9
24042400,49999,49999,9
24042401,49999,49999,9
24042402,49999,49999,9
24042403,49999,49999,9
24042404,49999,49999,9
24042405,49999,49999,9
24042406,49999,49999,9
24042407,49999,49999,9
24042408,49999,49999,9
24042409,49999,49999,9
24042521,1076,1076,10
24042522,1076,1076,10
24042523,1076,1076,10
24042600,1076,1076,10
24042601,1076,1076,10
24042602,1076,1076,10
24042603,1076,1076,10
24042604,1076,1076,10
24042605,1076,1076,10
24042606,1076,1076,10
24042607,1076,1076,10
24042608,1076,1076,10
24042609,1076,1076,10
24042610,1076,1076,10
24042611,1076,1076,10
24042612,1076,1076,10
24042613,1076,1076,10
24042614,1076,1076,10
24042615,1076,1076,10
24042616,1076,1076,10
24042617,1076,1076,10
24042618,1076,1076,10
24042619,1076,1076,10
24042620,1076,1076,10
24042621,1076,1076,10
24042622,1076,1076,10
24042623,1076,1076,10
24042700,1076,1076,10
24042701,1076,1076,10
24042702,1076,1076,10
24042703,1076,1076,10
24042704,1076,1076,10
24042705,1076,1076,10
24042706,1076,1076,10
24042707,1076,1076,10
24042708,1076,1076,10
24042709,1076,1076,10
24042710,1076,1076,11
24042711,1076,1076,11
24042712,1076,1076,11
24042713,1076,1076,11
24042714,1076,1076,11
24042715,1076,1076,11
24042716,1076,1076,11
24042717,1076,1076,11
24042718,1076,1076,11
24042719,1076,1076,11
24042720,1076,1076,11
24042721,4999999,4999999,1
24042722,4999999,4999999,1
24042723,4999999,4999999,2
24042800,4999999,4999999,2
24042801,4999999,4999999,2
24042802,4999999,4999999,2
24042803,4999999,4999999,2
24042804,4999999,4999999,2
24042805,4999999,4999999,2
24042806,4999999,4999999,2
24042807,4999999,4999999,2
24042808,4999999,4999999,2
24042809,4999999,4999999,2
24042810,4999999,4999999,2
24042811,4999999,4999999,2
24042812,4999999,4999999,2
24042813,4999999,4999999,2
24042814,4999999,4999999,2
24042815,55599,4999999,3
24042816,55599,4999999,3
24042817,55599,4999999,3
24042818,55599,4999999,3
24042819,55599,4999999,3
24042820,55599,4999999,3
24042821,55599,4999999,3
24042822,55599,4999999,3
24042823,55599,4999999,3
24042900,55599,4999999,3
24042901,55599,4999999,3
24042902,55599,4999999,3
24042903,55599,4999999,3
24042904,55599,4999999,3
24042905,55599,4999999,3
24042906,55599,4999999,3
24042907,55599,4999999,3
24042908,55599,4999999,3
24042909,55599,4999999,3
24042910,55599,2527799,2
24042911,55599,2527799,2
24042912,55599,4999999,3
24042913,55599,4999999,3
24042914,55599,4999999,3
24042915,55599,4999999,3
24042916,55599,4999999,3
24042917,55599,4999999,3
24042918,55599,4999999,3
24042919,55599,4999999,3
24042920,55599,4999999,3
24042921,55599,4999999,3
24042922,55599,4999999,3
24042923,55599,2527799,2
24043000,55599,2527799,2
24043001,55599,2527799,2
24043002,55599,2527799,2
24043003,55599,2527799,2
24043004,55599,2527799,2
24043005,55599,2527799,2
24043006,55599,2527799,2
24043007,55599,2527799,2
24043008,55599,2527799,2
24043009,55599,2527799,2
24043010,55599,2527799,2
24043011,55599,2527799,2
24043012,55599,2527799,2
24043013,55599,2527799,2
24043014,55599,2527799,2
24043015,55599,2527799,2
24043016,4999999,4999999,1
24043017,4999999,4999999,1
24043018,4999999,4999999,1
24043019,4999999,4999999,1
24043020,4999999,4999999,1
24043021,4999999,4999999,1
24043022,4999999,4999999,1
24043023,4999999,4999999,1
24050100,4999999,4999999,1
24050101,4999999,4999999,1
24050102,4999999,4999999,1
24050103,4999999,4999999,1
24050104,4999999,4999999,1
24050105,4999999,4999999,1
24050106,4999999,4999999,1
24050107,4999999,4999999,1
24050108,4999999,4999999,1
24050109,4999999,4999999,1
24050110,4999999,4999999,1
24050111,4999999,4999999,1
24050113,4999999,4999999,1
24050114,4999999,4999999,1
24050115,4999999,4999999,1
24050116,4999999,4999999,1
24050117,4999999,4999999,1
24050118,4999999,4999999,1
24050119,4999999,4999999,1
24050120,4999999,4999999,1
24050121,4999999,4999999,1
24050122,4999999,4999999,1
24050123,4999999,4999999,1
24050200,4999999,4999999,1
24050201,4999999,4999999,1
24050202,4999999,4999999,1
24050203,4999999,4999999,1
24050204,4999999,4999999,1
24050205,4999999,4999999,1
24050206,4999999,4999999,1
24050207,4999999,4999999,1
24050208,4999999,4999999,1
24050209,4999999,4999999,1
24050210,4999999,4999999,1
24050211,4999999,4999999,1
24050212,4999999,4999999,1
24050213,4999999,4999999,1
24050214,4999999,4999999,1
24050215,4999999,4999999,1
24050216,4999999,4999999,1
24050217,4999999,4999999,1
24050218,4999999,4999999,1
24050219,4999999,4999999,1
24050220,4999999,4999999,1
24050221,4999999,4999999,1
24050222,4999999,4999999,1
24050223,4999999,4999999,1
24050300,4999999,4999999,2
24050301,4999999,4999999,2
24050302,4999999,4999999,2
24050303,4999999,4999999,2
24050304,4999999,4999999,2
24050305,4999999,4999999,2
24050306,4999999,4999999,2
24050307,4999999,4999999,2
24050308,4999999,4999999,2
24050309,4999999,4999999,2
24050310,4999999,4999999,2
24050311,4999999,4999999,2
24050312,4999999,4999999,2
24050313,4999999,4999999,2
24050314,4999999,4999999,1
24050315,4999999,4999999,2
24050316,4999999,4999999,2
24050317,4999999,4999999,2
24050318,4999999,4999999,2
24050319,4999999,4999999,2
24050320,4999999,4999999,2
24050321,4999999,4999999,2
24050322,4999999,4999999,2
24050323,4999999,4999999,2
24050400,4999999,4999999,1
24050401,4999999,4999999,1
24050402,4999999,4999999,1
24050403,4999999,4999999,1
24050404,4999999,4999999,1
24050405,4999999,4999999,1
24050406,4999999,4999999,1
24050407,4999999,4999999,1
24050408,4999999,4999999,1
24050409,4999999,4999999,1
24050410,4999999,4999999,1
24050411,4999999,4999999,1
24050412,4999999,4999999,1
24050413,4999999,4999999,1
24050414,4999999,4999999,1
24050415,4999999,4999999,1
24050416,4999999,4999999,1
24050417,4999999,4999999,1
24050418,4999999,4999999,1
24050419,4999999,4999999,1
24050420,4999999,4999999,1
24050421,4999999,4999999,1
24050422,4999999,4999999,1
24050423,4999999,4999999,1
24050500,4999999,4999999,1
24050501,4999999,4999999,1
24050502,4999999,4999999,1
24050503,4999999,4999999,1
24050504,4999999,4999999,1
24050505,4999999,4999999,1
24050506,4999999,4999999,1
24050507,4999999,4999999,1
24050508,4999999,4999999,1
24050509,4999999,4999999,1
24050510,4999999,4999999,1
24050511,4999999,4999999,1
24050512,4999999,4999999,1
24050513,4999999,4999999,1
24050514,4999999,4999999,1
24050515,4999999,4999999,1
24050612,4999999,4999999,1
24050613,4999999,4999999,1
24050614,4999999,4999999,1
24050615,4999999,4999999,1
24050616,4999999,4999999,1
24050617,4999999,4999999,1
24050618,4999999,4999999,1
24050619,4999999,4999999,1
24050620,4999999,4999999,1
24050621,4999999,4999999,1
24050622,4999999,4999999,1
24050623,4999999,4999999,1
24050700,44499,4999999,3
24050701,44499,4999999,3
24050702,44499,4999999,3
24050703,44499,4999999,3
24050704,44499,4999999,3
24050705,44499,4999999,3
24050706,44499,4999999,3
24050707,44499,4999999,3
24050708,44499,4999999,3
24050709,44499,4999999,3
24050710,44499,4999999,3
24050711,44499,4999999,3
24050712,44499,4999999,3
24050713,44499,4999999,3
24050714,44499,4999999,3
24050715,44499,4999999,3
24050716,44499,4999999,3
24050717,44499,4999999,3
24050718,44499,4999999,3
24050719,44499,4999999,3
24050720,44499,4999999,3
24050721,44499,4999999,3
24050722,44499,4999999,3
24050723,44499,4999999,3
24050800,44499,4999999,3
24050801,44499,4999999,3
24050802,44499,4999999,3
24050803,44499,4999999,3
24050804,44499,4999999,3
24050805,44499,4999999,3
24050806,44499,4999999,3
24050807,44499,4999999,3
24050808,44499,4999999,3
24050809,44499,4999999,3
24050810,44499,4999999,3
24050811,44499,4999999,3
24050812,44499,2522249,2
24050813,44499,4999999,3
24050814,44499,4999999,3
24050815,44499,4999999,3
24050816,44499,2522249,4
24050817,44499,2522249,4
24050818,44499,2522249,4
24050819,44499,2522249,4
24050820,44499,2522249,4
24050821,44499,2522249,4
24050822,44499,2522249,4
24050823,44499,2522249,4
24050900,44499,2522249,2
24050901,44499,2522249,2
24050902,44499,2522249,2
24050903,44499,2522249,2
24050904,44499,2522249,2
24050905,44499,2522249,2
24050906,44499,2522249,2
24050907,44499,2522249,2
24050908,44499,2522249,2
24050909,44499,2522249,2
24050910,44499,2522249,2
24050911,44499,2522249,2
24050912,44499,2522249,2
24050913,44499,2522249,2
24050914,44499,2522249,2
24050915,44499,2522249,2
24050916,44499,2522249,2
24050917,44499,2522249,2
24050918,44499,2522249,2
24050919,44499,2522249,2
24050920,44499,2522249,2
24050921,44499,2522249,2
24050922,44499,2522249,2
24050923,44499,2522249,2
24051000,44499,2522249,2
24051001,44499,2522249,2
24051002,44499,2522249,2
24051003,44499,2522249,2
24051004,44499,2522249,2
24051005,44499,2522249,2
24051006,44499,2522249,2
24051007,44499,2522249,2
24051008,44499,2522249,2
24051009,44499,2522249,2
24051010,44499,2522249,2
24051011,44499,2522249,2
24051012,44499,2522249,2
24051013,44499,44499,1
24051014,44499,44499,1
24051015,44499,44499,1
24051016,4999999,4999999,1
24051017,4999999,4999999,1
24051018,4999999,4999999,1
24051019,4999999,4999999,1
24051020,4999999,4999999,1
24051021,4999999,4999999,1
24051022,4999999,4999999,1
24051023,4999999,4999999,1
24051100,4999999,4999999,1
24051101,4999999,4999999,1
24051102,4999999,4999999,1
24051103,4999999,4999999,1
24051104,4999999,4999999,1
24051105,4999999,4999999,1
24051106,4999999,4999999,1
24051107,4999999,4999999,1
24051108,4999999,4999999,1
24051109,4999999,4999999,1
24051110,4999999,4999999,1
24051111,4999999,4999999,1
24051112,4999999,4999999,1
24051113,4999999,4999999,1
24051114,4999999,4999999,1
24051115,4999999,4999999,1
24051116,4999999,4999999,1
24051117,4999999,4999999,1
24051118,4999999,4999999,1
24051119,4999999,4999999,1
24051120,4999999,4999999,1
24051121,4999999,4999999,1
24051122,4999999,4999999,1
24051123,4999999,4999999,1
24051200,4999999,4999999,1
24051201,4999999,4999999,1
24051202,4999999,4999999,1
24051203,4999999,4999999,1
24051204,4999999,4999999,1
24051205,4999999,4999999,1
24051206,4999999,4999999,1
24051207,4999999,4999999,1
24051208,4999999,4999999,1
24051209,4999999,4999999,1
24051210,4999999,4999999,1
24051211,4999999,4999999,1
24051212,4999999,4999999,1
24051213,4999999,4999999,1
24051214,4999999,4999999,1
24051215,4999999,4999999,1
24051303,44499,44499,1
24051304,44499,44499,1
24051305,44499,44499,1
24051306,44499,44499,1
24051307,44499,44499,1
24051308,44499,44499,1
24051309,44499,10022249,2
24051310,44499,10022249,2
24051311,44499,10022249,2
24051312,44499,10022249,2
24051313,44499,10022249,2
24051314,44499,10022249,2
24051315,44499,10022249,2
24051316,44499,10022249,2
24051317,44499,10022249,2
24051318,44499,10022249,2
24051319,44499,10022249,2
24051320,44499,10022249,2
24051321,44499,44499,3
24051322,44499,44499,3
24051323,44499,44499,3
24051400,44499,44499,3
24051401,44499,44499,3
24051402,44499,44499,3
24051403,44499,44499,3
24051404,44499,44499,3
24051405,44499,44499,3
24051406,44499,44499,3
24051407,44499,44499,3
24051408,44499,44499,3
24051409,44499,10022249,2
24051410,44499,10022249,2
24051411,44499,10022249,2
24051412,44499,10022249,2
24051413,44499,10022249,2
24051414,44499,10022249,2
24051415,44499,10022249,2
24051416,44499,10022249,2
24051417,44499,10022249,2
24051418,44499,10022249,2
24051419,44499,10022249,2
24051420,44499,10022249,2
24051421,44499,10022249,2
24051422,44499,10022249,2
24051423,44499,10022249,2
24051500,44499,10022249,2
24051501,44499,10022249,2
24051502,44499,10022249,2
24051503,19999999,19999999,1
24051504,19999999,19999999,1
24051505,19999999,19999999,1
24051506,19999999,19999999,1
24051507,19999999,19999999,1
24051508,19999999,19999999,1
24051518,66676,66676,1
24051519,66676,66676,1
24051520,66676,66676,1
24051521,66676,66676,1
24051522,66676,66676,1
24051523,66676,66676,1
24051600,66676,66676,1
24051601,66676,66676,1
24051602,66676,66676,1
24051603,66676,66676,1
24051604,66676,66676,1
24051605,66676,66676,1
24051617,19999999,19999999,1
24051618,19999999,19999999,1
24051619,19999999,19999999,1
24051620,19999999,19999999,1
24051621,19999999,19999999,1
24051622,19999999,19999999,1
24051623,19999999,19999999,1
24051700,19999999,19999999,1
24051701,19999999,19999999,1
24051702,19999999,19999999,1
24051703,19999999,19999999,1
24051704,19999999,19999999,1
24051705,19999999,19999999,1
24051706,19999999,19999999,1
24051707,19999999,19999999,1
24051708,19999999,19999999,1
24051709,19999999,19999999,1
24051710,19999999,19999999,1
24051711,19999999,19999999,1
24051712,19999999,19999999,1
24051713,19999999,19999999,1
24051714,19999999,19999999,1
24051715,19999999,19999999,1
24051716,19999999,19999999,1
24051717,19999999,19999999,1
24051718,19999999,19999999,1
24051719,19999999,19999999,1
24051720,19999999,19999999,1
24051721,19999999,19999999,1
24051722,19999999,19999999,1
24051723,19999999,19999999,1
24051800,19999999,19999999,1
24051801,19999999,19999999,1
24051802,19999999,19999999,1
24051803,19999999,19999999,1
24051804,19999999,19999999,1
24051805,19999999,19999999,1
24051806,19999999,19999999,1
24051807,19999999,19999999,1
24051808,19999999,19999999,1
24051809,19999999,19999999,1
24051810,19999999,19999999,1
24051811,19999999,19999999,1
24051812,19999999,19999999,1
24051813,19999999,19999999,1
24051814,19999999,19999999,1
24051815,19999999,19999999,1
24051902,44499,44499,1
24051903,44499,44499,1
24051904,44499,44499,1
24051905,44499,44499,1
24051906,44499,44499,1
24051907,44499,44499,1
24051908,44499,44499,1
24051909,44499,44499,1
24051910,44499,44499,1
24051911,44499,44499,1
24051912,44499,44499,1
24051913,44499,44499,1
24051914,44499,44499,1
24051915,44499,44499,1
24051916,44499,44499,1
24051917,44499,44499,1
24051918,44499,44499,1
24051919,44499,44499,1
24051920,44499,44499,1
24051921,44499,44499,1
24051922,44499,44499,1
24051923,44499,44499,1
24052000,44499,44499,1
24052001,44499,44499,1
24052002,44499,44499,1
24052003,44499,44499,1
24052004,44499,44499,1
24052005,44499,44499,1
24052006,44499,44499,1
24052007,44499,44499,1
24052008,44499,44499,1
24052009,44499,44499,1
24052010,44499,44499,1
24052011,44499,44499,1
24052012,44499,10022249,2
24052013,44499,10022249,2
24052014,44499,10022249,2
24052015,44499,10022249,2
24052016,44499,10022249,2
24052017,44499,10022249,2
24052018,44499,10022249,2
24052019,44499,10022249,2
24052020,44499,10022249,2
24052021,43610,43610,12
24052022,43610,43610,12
24052023,43610,43610,12
24052100,43610,43610,12
24052101,43610,43610,12
24052102,43610,43610,11
24052103,43610,43610,11
24052104,43610,43610,11
24052105,43610,43610,11
24052106,43610,43610,11
24052107,43610,43610,11
24052108,43610,43610,11
24052109,43610,43610,11
24052110,43610,43610,11
24052111,43610,43610,11
24052112,43610,43610,11
24052113,43610,43610,11
24052114,43610,43610,11
24052115,43610,43610,11
24052116,43610,43610,11
24052117,43610,43610,11
24052118,43610,43610,11
24052119,43610,43610,11
24052120,43610,43610,11
24052121,43610,43610,11
24052122,43610,43610,11
24052123,43610,43610,11
24052200,43610,43610,11
24052201,43610,43610,11
24052202,43610,43610,11
24052203,43610,43610,11
24052204,43610,43610,11
24052205,43610,43610,11
24052206,43610,43610,11
24052207,43610,43610,11
24052208,43610,43610,11
24052209,43610,43610,11
24052210,43610,43610,11
24052211,43610,43610,11
24052212,43610,43610,11
24052213,43610,43610,10
24052214,43610,43610,10
24052215,43610,43610,10
24052216,43610,43610,10
24052217,43610,43610,10
24052218,43610,43610,10
24052219,43610,43610,10
24052220,43610,43610,10
24052305,4999999,4999999,1
24052306,4999999,4999999,1
24052307,4999999,4999999,1
24052308,4999999,4999999,1
24052309,4999999,4999999,1
24052310,4999999,4999999,1
24052311,4999999,4999999,1
24052312,4999999,4999999,1
24052313,4999999,4999999,1
24052314,4999999,4999999,1
24052315,499900,2749949,2
24052316,499900,2749949,2
24052317,499900,2749949,2
24052318,499900,2749949,2
24052319,499900,2749949,2
24052320,499900,2749949,2
24052321,499900,2749949,2
24052322,499900,2749949,2
24052323,499900,2749949,2
24052400,499900,2749949,2
24052401,499900,2749949,2
24052402,499900,2749949,2
24052403,4999999,4999999,1
24052404,4999999,4999999,1
24052405,4999999,4999999,1
24052406,4999999,4999999,1
24052407,4999999,4999999,1
24052408,4999999,4999999,1
24052409,4999999,4999999,1
24052410,4999999,4999999,1
24052411,4999999,4999999,1
24052412,4999999,4999999,1
24052413,4999999,4999999,1
24052414,4999999,4999999,1
24052415,4999999,4999999,1
24052416,4999999,4999999,1
24052417,4999999,4999999,1
24052418,4999999,4999999,1
24052419,4999999,4999999,1
24052420,4999999,4999999,1
24052421,4999999,4999999,1
24052422,4999999,4999999,1
24052423,4999999,4999999,1
24052500,4999999,4999999,1
24052501,4999999,4999999,1
24052502,4999999,4999999,2
24052503,4999999,4999999,2
24052504,4999999,4999999,2
24052505,4999999,4999999,1
24052506,4999999,4999999,1
24052507,4999999,4999999,1
24052508,4999999,4999999,1
24052509,4999999,4999999,1
24052510,4999999,4999999,1
24052511,4999999,4999999,1
24052512,4999999,4999999,1
24052513,4999999,4999999,1
24052514,4999999,4999999,1
24052515,4999999,4999999,1
24052516,4999999,4999999,1
24052517,4999999,4999999,1
24052518,4999999,4999999,1
24052519,4999999,4999999,1
24052520,4999999,4999999,1
24052521,4999999,4999999,1
24052522,499999,2749999,2
24052523,499999,2749999,2
24052600,499999,2749999,2
24052601,499999,2749999,2
24052602,499999,499999,1
24052603,499999,499999,1
24052604,499999,499999,1
24052605,499999,499999,1
24052606,499999,499999,1
24052607,499999,499999,1
24052608,499999,499999,1
24052609,499999,499999,2
24052610,499999,499999,1
24052611,499999,499999,1
24052612,499999,499999,1
24052613,499999,499999,1
24052614,499999,499999,2
24052615,499999,499999,2
24052616,499999,499999,2
24052617,499999,499999,2
24052618,499999,499999,2
24052619,499999,499999,2
24052620,499999,499999,2
24052621,499999,499999,2
24052622,499900,499949,2
24052623,499900,499949,2
24052700,499900,499949,2
24052701,499900,499949,2
24052702,499900,499949,2
24052703,499900,499949,2
24052704,499900,499949,2
24052705,499900,499949,2
24052706,499900,499949,2
24052707,499900,499949,2
24052708,499900,499949,2
24052709,499900,499949,2
24052710,499999,499999,1
24052711,499999,499999,1
24052712,499999,499999,1
24052713,499999,499999,1
24052714,499999,499999,1
24052715,499999,499999,2
24052716,499999,499999,2
24052717,499999,499999,2
24052718,499999,499999,2
24052719,499999,499999,2
24052720,499999,499999,2
24052721,499999,499999,2
24052722,499999,499999,2
24052723,499999,499999,2
24052800,499999,499999,2
24052801,499999,499999,2
24052802,499999,499999,2
24052803,499999,499999,1
24052804,499999,499999,1
24052805,499999,499999,1
24052806,499999,499999,1
24052807,499999,499999,1
24052808,499999,499999,1
24052908,4999999,4999999,1
24052909,4999999,4999999,1
24052910,4999999,4999999,1
24052911,4999999,4999999,1
24052912,4999999,4999999,1
24052913,4999999,4999999,1
24052914,4999999,4999999,1
24052915,4999999,4999999,1
24052916,4999999,4999999,1
24052917,4999999,4999999,1
24052918,4999999,4999999,1
24052919,4999999,4999999,1
24052920,4999999,4999999,1
24052921,4999999,4999999,1
24052922,4999999,4999999,1
24052923,4999999,4999999,1
24053006,4999999,4999999,1
24053007,4999999,4999999,1
24053008,4999999,4999999,1
24053009,4999999,4999999,1
24053010,4999999,4999999,1
24053011,4999999,4999999,1
24053012,4999999,4999999,1
24053013,4999999,4999999,1
24053014,4999999,4999999,1
24053015,4999999,4999999,1
24053016,4999999,4999999,1
24053017,4999999,4999999,1
24053018,4999999,4999999,1
24053019,4999999,4999999,1
24053020,4999999,4999999,1
24053021,4999999,4999999,1
24053022,4999999,4999999,1
24053023,4999999,4999999,1
24053100,4999999,4999999,1
24053101,4999999,4999999,1
24053102,4999999,4999999,1
24053103,4999999,4999999,1
24053104,4999999,4999999,1
24053105,4999999,4999999,1
24053106,4999999,4999999,1
24053107,4999999,4999999,1
24053122,77776,77776,1
24053123,77776,77776,1
24060100,77776,77776,1
24060101,77076,77076,5
24060102,77076,77076,5
24060103,77076,77076,5
24060104,77076,77076,5
24060105,77076,77076,5
24060106,77076,77076,5
24060107,77076,77076,5
24060108,77076,77076,5
24060109,77076,77076,6
24060110,77076,77076,5
24060111,77076,77076,5
24060112,77076,77076,5
24060113,77076,77076,5
24060114,77076,77076,5
24060115,77076,77076,5
24060116,77076,77076,5
24060117,77076,77076,5
24060118,77076,77076,5
24060119,77076,77076,5
24060120,77076,77076,5
24060121,77076,77076,5
24060122,77076,77076,5
24060123,77076,77076,5
24060200,77076,77076,5
24060201,77076,77076,5
24060202,77076,77076,5
24060203,77076,77076,5
24060204,77076,77076,5
24060205,77076,77076,5
24060206,77076,77076,5
24060207,77076,77076,5
24060208,77076,77076,5
24060209,77076,77076,5
24060210,77076,77076,5
24060211,77076,77076,5
24060212,77076,77076,5
24060213,77076,77076,5
24060214,77076,77076,5
24060215,77076,77076,5
24060216,77076,77076,5
24060217,77076,77076,5
24060218,77076,77076,5
24060219,77076,77076,5
24060220,77076,77076,5
24060221,77076,77076,5
24060222,77076,77076,5
24060223,77076,77076,5
24060300,77076,77076,5
24060301,4999999,4999999,1
24060302,4999999,4999999,1
24060303,4999999,4999999,1
24060304,4999999,4999999,1
24060305,4999999,4999999,1
24060306,4999999,4999999,1
24060307,4999999,4999999,1
24060308,4999999,4999999,1
24060312,4999999,4999999,1
24060313,4999999,4999999,1
24060314,4999999,4999999,1
24060315,4999999,4999999,1
24060316,4999999,4999999,1
24060317,4999999,4999999,1
24060318,4999999,4999999,1
24060319,4999999,4999999,1
24060320,4999999,4999999,1
24060321,4999999,4999999,1
24060322,4999999,4999999,1
24060323,4999999,4999999,1
24060400,4999999,4999999,1
24060401,4999999,4999999,1
24060402,4999999,4999999,1
24060403,4999999,4999999,1
24060404,4999999,4999999,1
24060405,4999999,4999999,1
24060406,4999999,4999999,1
24060407,4999999,4999999,1
24060408,4999999,4999999,1
24060409,4999999,4999999,1
24060410,4999999,4999999,1
24060411,4999999,4999999,1
24060412,4999999,4999999,1
24060413,4999999,4999999,1
24060414,4999999,4999999,1
24060415,4999999,4999999,1
24060416,4999999,4999999,1
24060417,4999999,4999999,1
24060418,4999999,4999999,1
24060419,4999999,4999999,1
24060420,4999999,4999999,1
24060421,4999999,4999999,1
24060422,4999999,4999999,1
24060423,4999999,4999999,1
24060500,4999999,4999999,1
24060501,4999999,4999999,1
24060502,4999999,4999999,1
24060503,4999999,4999999,1
24060504,4999999,4999999,1
24060505,4999999,4999999,1
24060506,4999999,4999999,1
24060507,4999999,4999999,1
24060508,4999999,4999999,1
24060509,4999999,4999999,1
24060510,4999999,4999999,1
24060511,4999999,4999999,1
24060709,4999999,4999999,1
24060710,4999999,4999999,1
24060711,4999999,4999999,1
24060712,4999999,4999999,1
24060713,4999999,4999999,1
24060714,4999999,4999999,1
24060715,4999999,4999999,1
24060716,4999999,4999999,1
24060717,4999999,4999999,1
24060718,4999999,4999999,1
24060719,4999999,4999999,1
24060720,4999999,4999999,1
24060721,4999999,4999999,1
24060722,4999999,4999999,1
24060723,4999999,4999999,1
24060800,4999999,4999999,1
24060801,4999999,4999999,1
24060802,4999999,4999999,3
24060803,4999999,4999999,3
24060804,4999999,4999999,3
24060805,4999999,4999999,3
24060806,4999999,4999999,3
24060807,4999999,4999999,3
24060808,4999999,4999999,3
24060809,4999999,4999999,3
24060810,4999999,4999999,3
24060811,4999999,4999999,3
24060812,4999999,4999999,3
24060813,4999999,4999999,3
24060814,4999999,4999999,3
24060815,4999999,4999999,3
24060816,4999999,4999999,3
24060817,4999999,4999999,3
24060818,4999999,4999999,3
24060819,4999999,4999999,3
24060820,4999999,4999999,3
24060821,4999999,4999999,3
24060822,4999999,4999999,3
24060823,4999999,4999999,3
24060900,4999999,4999999,3
24060901,4999999,4999999,3
24060902,4999999,4999999,3
24060903,4999999,4999999,3
24060904,4999999,4999999,3
24060905,4999999,4999999,3
24060906,4999999,4999999,3
24060907,4999999,4999999,3
24060908,4999999,4999999,3
24060909,4999999,4999999,2
24060910,4999999,4999999,2
24060911,4999999,4999999,3
24060912,4999999,4999999,3
24060913,4999999,4999999,3
24060914,4999999,4999999,3
24060915,4999999,4999999,3
24060916,555599,4999999,4
24060917,555599,4999999,4
24060918,555599,4999999,4
24060919,555599,4999999,4
24060920,555599,4999999,4
24060921,555599,4999999,4
24060922,555599,4999999,4
24060923,555599,4999999,4
24061000,555599,4999999,4
24061001,555599,4999999,4
24061002,555599,2777799,2
24061003,555599,2777799,2
24061004,4999999,4999999,1
24061005,4999999,4999999,1
24061006,4999999,4999999,1
24061007,4999999,4999999,1
24061008,4999999,4999999,1
24061009,4999999,4999999,1
24061010,4999999,4999999,1
24061011,4999999,4999999,1
24061012,4999999,4999999,1
24061013,4999999,4999999,1
24061014,4999999,4999999,1
24061015,499999,2749999,2
24061016,499999,2749999,2
24061017,499999,2749999,2
24061018,499999,2749999,2
24061019,499999,2749999,2
24061020,499999,2749999,2
24061021,499999,2749999,2
24061022,499999,2749999,2
24061023,4999999,4999999,2
24061100,4999999,4999999,2
24061101,4999999,4999999,2
24061102,4999999,4999999,2
24061103,4999999,4999999,2
24061104,4999999,4999999,2
24061105,4999999,4999999,2
24061106,4999999,4999999,2
24061107,4999999,4999999,2
24061108,4999999,4999999,2
24061109,4999999,4999999,2
24061110,4999999,4999999,2
24061205,4999999,4999999,1
24061206,4999999,4999999,1
24061207,4999999,4999999,1
24061208,4999999,4999999,1
24061209,4999999,4999999,1
24061210,4999999,4999999,1
24061211,4999999,4999999,1
24061212,4999999,4999999,1
24061213,4999999,4999999,1
24061214,499900,2749949,2
24061215,499900,2749949,2
24061216,499900,2749949,2
24061217,499900,2749949,2
24061218,499900,2749949,2
24061219,499900,2749949,2
24061220,499900,2749949,2
24061221,4999999,4999999,2
24061222,4999999,4999999,2
24061223,4999999,4999999,2
24061300,4999999,4999999,2
24061301,4999999,4999999,2
24061302,4999999,4999999,2
24061303,4999999,4999999,2
24061304,4999999,4999999,2
24061305,4999999,4999999,2
24061306,4999999,4999999,2
24061307,4999999,4999999,2
24061308,4999999,4999999,2
24061309,4999999,4999999,1
24061310,4999999,4999999,1
24061311,4999999,4999999,1
24061312,4999999,4999999,1
24061313,4999999,4999999,1
24061314,4999999,4999999,1
24061315,4999999,4999999,1
24061316,4999999,4999999,1
24061317,4999999,4999999,1
24061318,4999999,4999999,1
24061319,4999999,4999999,1
24061320,4999999,4999999,1
24061321,4999999,4999999,1
24061322,4999999,4999999,1
24061323,4999999,4999999,1
24061400,4999999,4999999,1
24061401,4999999,4999999,1
24061402,4999999,4999999,1
24061403,4999999,4999999,1
24061405,4999999,4999999,1
24061406,4999999,4999999,1
24061407,4999999,4999999,1
24061408,4999999,4999999,1
24061409,4999999,4999999,1
24061410,4999999,4999999,1
24061411,4999999,4999999,1
24061412,4999999,4999999,1
24061413,4999999,4999999,1
24061414,4999999,4999999,1
24061415,4999999,4999999,1
24061416,499999,2749999,2
24061417,499999,2749999,2
24061418,499999,2749999,2
24061419,499999,2749999,2
24061420,499999,2749999,2
24061421,499999,2749999,2
24061422,499999,2749999,2
24061423,499999,2749999,2
24061500,499999,2749999,2
24061501,499999,2749999,2
24061502,499999,2749999,2
24061503,499999,2749999,2
24061504,4999999,4999999,1
24061505,4999999,4999999,1
24061506,4999999,4999999,1
24061507,4999999,4999999,1
24061508,4999999,4999999,1
24061509,4999999,4999999,1
24061510,4999999,4999999,1
24061511,4999999,4999999,1
24061512,4999999,4999999,1
24061513,4999999,4999999,1
24061514,4999999,4999999,1
24061515,4999999,4999999,1
24061516,4999999,4999999,2
24061517,4999999,4999999,2
24061518,4999999,4999999,2
24061519,4999999,4999999,2
24061520,4999999,4999999,2
24061521,4999999,4999999,2
24061522,500099,4999999,3
24061523,500099,4999999,3
24061600,500099,4999999,3
24061601,500099,4999999,3
24061602,500099,4999999,3
24061603,500099,4999999,3
24061604,500099,2750049,2
24061605,500099,500099,1
24061606,500099,500099,2
24061607,500099,500099,2
24061608,500099,500099,2
24061609,500099,500099,2
24061610,500099,500099,2
24061611,500099,500099,2
24061612,500099,500099,2
24061613,500099,500099,2
24061614,500099,500099,2
24061615,500099,500099,2
24061616,500000,500099,3
24061617,500000,500099,3
24061618,500000,500099,3
24061619,500000,500099,3
24061620,500000,500099,3
24061621,500000,500099,3
24061622,500000,500099,3
24061623,500000,500099,3
24061700,500000,500099,3
24061701,500000,500099,3
24061702,500000,500099,3
24061703,500000,500099,3
24061704,500099,500099,2
24061705,500099,500099,2
24061706,500099,500099,2
24061707,500099,500099,2
24061708,500099,500099,2
24061709,500099,500099,2
24061710,500099,500099,2
24061711,321111,500099,3
24061712,321111,500099,3
24061713,321111,500099,3
24061714,321111,500099,3
24061715,321111,500099,3
24061716,321111,500099,3
24061717,321111,410605,4
24061718,321111,410605,4
24061719,321111,410605,4
24061720,321111,410605,4
24061721,321111,410605,4
24061722,321111,321111,3
24061723,321111,321111,3
24061800,321111,321111,3
24061801,321111,321111,3
24061802,321111,321111,3
24061803,321111,321111,3
24061804,321111,321111,3
24061805,321111,410605,2
24061806,321111,2660555,2
24061807,321111,2660555,2
24061808,321111,2660555,2
24061809,321111,2660555,2
24061810,321111,2660555,2
24061811,321111,2660555,2
24061812,321111,2660555,2
24061813,321111,2660555,2
24061814,321111,321111,3
24061815,321111,321111,3
24061816,321111,321111,3
24061817,321111,321111,3
24061818,321111,321111,3
24061819,321111,321111,3
24061820,321111,321111,3
24061821,321111,321111,3
24061822,321111,321111,3
24061823,321111,321111,3
24061900,321111,321111,3
24061901,321111,321111,3
24061902,321111,321111,3
24061903,321111,321111,3
24061904,321111,321111,3
24061905,321111,321111,3
24061906,321111,321111,3
24061907,321111,321111,3
24061908,321111,321111,3
24061909,321111,321111,3
24061910,321111,321111,3
24061911,321111,321111,3
24061912,321111,2660555,2
24061913,321111,2660555,2
24061914,321111,2660555,2
24061915,321111,2660555,2
24061916,321111,2660555,2
24061917,321111,321111,3
24061918,321111,321111,3
24061919,321111,321111,3
24061920,321111,321111,3
24061921,321111,321111,3
24061922,321111,321111,3
24061923,321111,321111,3
24062000,321111,321111,3
24062001,321111,321111,3
24062002,321111,321111,3
24062003,321111,321111,3
24062004,321111,321111,3
24062005,321111,2660555,2
24062006,321111,321111,1
24062007,321111,321111,1
24062008,321111,321111,1
24062009,321111,321111,1
24062010,321111,321111,1
24062011,321111,321111,1
24062012,321111,321111,1
24062013,321111,321111,1
24062100,321176,321176,2
24062101,321176,321176,2
24062102,321176,321176,2
24062103,321176,321176,2
24062104,321176,321176,2
24062105,321176,321176,2
24062106,321176,321176,2
24062107,321176,321176,2
24062108,321176,321176,2
24062109,321176,321176,3
24062110,321176,321176,3
24062111,321176,321176,3
24062112,321176,321176,3
24062113,321176,321176,3
24062114,321176,321176,3
24062115,321176,321176,3
24062116,321176,321176,3
24062117,321176,321176,3
24062118,321176,321176,4
24062119,321176,321176,4
24062120,321176,321176,4
24062121,321176,321176,4
24062122,321176,321176,4
24062123,321176,321176,4
24062200,321176,321176,12
24062201,321176,321176,13
24062202,321176,321176,14
24062203,321176,321176,14
24062204,321176,321176,14
24062205,321176,321176,14
24062206,321176,321176,13
24062207,321176,321176,13
24062208,321176,321176,13
24062209,321176,321176,13
24062210,321176,321176,13
24062211,321176,321176,13
24062212,321176,321176,13
24062213,321176,321176,13
24062214,321176,321176,13
24062215,321176,321176,13
24062216,321176,321176,13
24062217,321176,321176,13
24062218,321176,321176,13
24062219,321176,321176,13
24062220,321176,321176,13
24062221,321176,321176,14
24062222,321176,321176,14
24062223,321176,321176,14
24062300,321176,321176,12
24062301,321176,321176,12
24062302,321176,321176,11
24062303,321176,321176,11
24062304,321176,321176,11
24062305,321176,321176,11
24062306,321176,321176,11
24062307,321176,321176,11
24062308,321176,321176,11
24062309,321176,321176,9
24062310,321176,321176,9
24062311,321176,321176,9
24062312,321176,321176,9
24062313,321176,321176,9
24062314,321176,321176,9
24062315,321176,321176,9
24062316,321176,321176,9
24062317,321176,321176,9
24062318,321176,321176,9
24062319,321176,321176,9
24062320,321176,321176,10
24062321,321176,321176,10
24062322,321176,321176,10
24062323,321176,321176,10
24062400,321176,321176,2
24062401,321176,321176,1
24062402,321176,321176,2
24062403,321176,321176,2
24062404,321176,321176,2
24062405,321176,321176,2
24062406,321176,321176,2
24062407,321176,321176,2
24062408,321176,321176,1
24062409,321176,321176,1
24062410,321176,321176,1
24062411,321176,321176,1
24062412,321176,321176,1
24062413,321176,321176,1
24062414,321176,321176,1
24062415,321176,321176,1
24062416,321176,321176,1
24062417,321176,321176,2
24062418,321176,321176,2
24062419,321176,321176,2
24062420,321176,321176,2
24062421,321176,321176,2
24062422,321176,321176,2
24062423,321176,321176,2
24062500,321176,321176,2
24062501,321176,321176,2
24062502,321176,321176,2
24062503,321176,321176,2
24062504,321176,321176,2
24062505,321176,321176,2
24062506,321176,321176,2
24062507,321176,321176,2
24062508,321176,321176,2
24062509,321176,321176,2
24062510,321176,321176,2
24062511,321176,2660587,2
24062512,321176,2660587,2
24062513,321176,2660587,2
24062514,321176,2660587,2
24062515,321176,2660587,2
24062516,321176,2660587,2
24062517,321176,2660587,2
24062518,321176,2660587,2
24062519,321176,321176,3
24062520,321176,321176,3
24062521,321176,321176,3
24062613,123476,2561737,2
24062614,123476,2561737,2
24062615,123476,2561737,2
24062616,123476,2561737,2
24062617,123476,2561737,2
24062618,123476,123476,3
24062619,123476,123476,3
24062620,123476,123476,3
24062621,123476,123476,3
24062622,123476,123476,3
24062623,123476,123476,3
24062700,123476,123476,3
24062701,123476,123476,3
24062702,123476,123476,3
24062703,123476,123476,3
24062704,123476,123476,3
24062705,123476,123476,2
24062706,123476,123476,1
24062707,123476,123476,1
24062708,123476,123476,1
24062709,123476,123476,1
24062710,123476,123476,1
24062711,123476,123476,1
24062712,123476,123476,1
24062713,123476,2561737,2
24062714,123476,2561737,2
24062715,123476,2561737,2
24062716,123476,2561737,2
24062717,123476,2561737,2
24062718,123476,2561737,2
24062719,123476,2561737,2
24062720,123476,2561737,2
24062721,123476,2561737,2
24062722,123476,2561737,2
24062723,123476,2561737,2
24062800,123476,2561737,2
24062801,123476,2561737,2
24062802,123476,2561737,2
24062803,123476,2561737,2
24062804,123476,2561737,2
24062805,123476,2561737,2
24062806,123476,2561737,2
24062807,123476,2561737,2
24062808,123476,2561737,2
24062809,123476,2561737,2
24062810,123476,2561737,2
24062811,123476,2561737,2
24062812,123476,2561737,2
24062813,123476,2561737,2
24062814,123476,2561737,2
24062815,123476,2561737,2
24062816,123476,2561737,2
24062817,123476,2561737,2
24062818,123476,2561737,2
24062819,123476,2561737,2
24062820,123476,2561737,2
24062821,123476,2561737,2
24062822,123476,2561737,2
24062823,123476,2561737,2
24062900,123476,2561737,2
24062901,123476,2561737,2
24062902,123476,2561737,2
24062903,123476,2561737,2
24062904,123476,2561737,2
24062905,123476,2561737,2
24062906,123476,2561737,2
24062907,123476,2561737,2
24062908,123476,2561737,2
24062909,123476,2561737,2
24062910,123476,2561737,2
24062911,123476,2561737,2
24062912,123476,2561737,2
24062913,123476,2561737,2
24062914,123476,2561737,2
24062915,123476,2561737,2
24062916,123476,2561737,2
24062917,123476,2561737,2
24062918,123476,2561737,2
24062919,123476,2561737,2
24062920,123476,2561737,2
24062921,123476,2561737,2
24062922,123476,2561737,2
24062923,123476,2561737,2
24063000,123476,2561737,2
24063001,123476,2561737,2
24063002,123476,2561737,2
24063003,123476,2561737,2
24063004,123476,2561737,2
24063005,123476,2561737,2
24063006,123476,2561737,2
24063007,123476,2561737,2
24063008,123476,2561737,2
24063009,123476,2561737,2
24063010,123476,2561737,2
24063011,123476,2561737,2
24063012,123476,2561737,2
24063013,123476,2561737,2
24063014,123476,2561737,2
24063015,123476,2561737,2
24063016,123476,2561737,2
24063017,123476,2561737,2
24063018,123476,2561737,2
